"SL2.50ch00:10005133-10011081","1629","10005133","10011081","5948"
"SL2.50ch00:10006571-10011218","1383","10006571","10011218","4647"
"SL2.50ch00:10028416-10029802","153","10028416","10029802","1386"
"SL2.50ch00:10040285-10041207","92","10040285","10041207","922"
"SL2.50ch00:10065547-10066847","214","10065547","10066847","1300"
"SL2.50ch00:10068678-10069836","137","10068678","10069836","1158"
"SL2.50ch00:10073347-10074116","433","10073347","10074116","769"
"SL2.50ch00:10073370-10074157","436","10073370","10074157","787"
"SL2.50ch00:10077053-10077901","163","10077053","10077901","848"
"SL2.50ch00:10083573-10085215","199","10083573","10085215","1642"
"SL2.50ch00:10103542-10104151","174","10103542","10104151","609"
"SL2.50ch00:10103592-10104363","198","10103592","10104363","771"
"SL2.50ch00:10105958-10106333","61","10105958","10106333","375"
"SL2.50ch00:10110853-10111334","69","10110853","10111334","481"
"SL2.50ch00:10117330-10118340","147","10117330","10118340","1010"
"SL2.50ch00:10120640-10122337","211","10120640","10122337","1697"
"SL2.50ch00:10152857-10156261","459","10152857","10156261","3404"
"SL2.50ch00:10157394-10158622","155","10157394","10158622","1228"
"SL2.50ch00:10272174-10272805","156","10272174","10272805","631"
"SL2.50ch00:10272195-10272892","159","10272195","10272892","697"
"SL2.50ch00:10279897-10280460","84","10279897","10280460","563"
"SL2.50ch00:10282406-10282910","111","10282406","10282910","504"
"SL2.50ch00:10282428-10283039","122","10282428","10283039","611"
"SL2.50ch00:10289371-10289773","73","10289371","10289773","402"
"SL2.50ch00:10289429-10289804","73","10289429","10289804","375"
"SL2.50ch00:10290747-10292202","211","10290747","10292202","1455"
"SL2.50ch00:10297658-10298405","271","10297658","10298405","747"
"SL2.50ch00:10297803-10298602","274","10297803","10298602","799"
"SL2.50ch00:10299758-10300798","150","10299758","10300798","1040"
"SL2.50ch00:10299813-10300215","98","10299813","10300215","402"
"SL2.50ch00:10302537-10303498","117","10302537","10303498","961"
"SL2.50ch00:10307200-10307668","58","10307200","10307668","468"
"SL2.50ch00:10310433-10311167","112","10310433","10311167","734"
"SL2.50ch00:10312893-10313507","130","10312893","10313507","614"
"SL2.50ch00:10399133-10400855","571","10399133","10400855","1722"
"SL2.50ch00:10399171-10400736","563","10399171","10400736","1565"
"SL2.50ch00:10401963-10403672","760","10401963","10403672","1709"
"SL2.50ch00:10402027-10403625","753","10402027","10403625","1598"
"SL2.50ch00:10405076-10406218","210","10405076","10406218","1142"
"SL2.50ch00:10410779-10412076","464","10410779","10412076","1297"
"SL2.50ch00:10410836-10412161","442","10410836","10412161","1325"
"SL2.50ch00:10413868-10414445","118","10413868","10414445","577"
"SL2.50ch00:10413950-10414440","106","10413950","10414440","490"
"SL2.50ch00:10421276-10421986","144","10421276","10421986","710"
"SL2.50ch00:10421280-10421993","144","10421280","10421993","713"
"SL2.50ch00:10423987-10424619","109","10423987","10424619","632"
"SL2.50ch00:10424007-10424533","102","10424007","10424533","526"
"SL2.50ch00:10428514-10429841","467","10428514","10429841","1327"
"SL2.50ch00:10428531-10429778","462","10428531","10429778","1247"
"SL2.50ch00:10431271-10432050","100","10431271","10432050","779"
"SL2.50ch00:10438285-10439172","190","10438285","10439172","887"
"SL2.50ch00:10438383-10439152","174","10438383","10439152","769"
"SL2.50ch00:10478820-10479373","136","10478820","10479373","553"
"SL2.50ch00:10479107-10484403","930","10479107","10484403","5296"
"SL2.50ch00:10480220-10481435","229","10480220","10481435","1215"
"SL2.50ch00:10483452-10484394","185","10483452","10484394","942"
"SL2.50ch00:10485674-10487518","538","10485674","10487518","1844"
"SL2.50ch00:10485719-10487540","537","10485719","10487540","1821"
"SL2.50ch00:10489689-10497666","1329","10489689","10497666","7977"
"SL2.50ch00:10508251-10508728","86","10508251","10508728","477"
"SL2.50ch00:10574785-10576108","417","10574785","10576108","1323"
"SL2.50ch00:10574831-10576116","417","10574831","10576116","1285"
"SL2.50ch00:10577299-10578748","233","10577299","10578748","1449"
"SL2.50ch00:10583343-10583980","65","10583343","10583980","637"
"SL2.50ch00:10588089-10588760","127","10588089","10588760","671"
"SL2.50ch00:10591312-10591687","49","10591312","10591687","375"
"SL2.50ch00:10600386-10601998","324","10600386","10601998","1612"
"SL2.50ch00:10600469-10602059","315","10600469","10602059","1590"
"SL2.50ch00:10604587-10606328","935","10604587","10606328","1741"
"SL2.50ch00:10604706-10606192","924","10604706","10606192","1486"
"SL2.50ch00:10607825-10610081","1147","10607825","10610081","2256"
"SL2.50ch00:10607848-10610097","1147","10607848","10610097","2249"
"SL2.50ch00:10617034-10618103","1017","10617034","10618103","1069"
"SL2.50ch00:10617090-10618160","999","10617090","10618160","1070"
"SL2.50ch00:10627406-10628362","721","10627406","10628362","956"
"SL2.50ch00:10627454-10628374","719","10627454","10628374","920"
"SL2.50ch00:10630273-10630919","321","10630273","10630919","646"
"SL2.50ch00:10630313-10630931","321","10630313","10630931","618"
"SL2.50ch00:10632641-10636726","1875","10632641","10636726","4085"
"SL2.50ch00:10632670-10636807","1875","10632670","10636807","4137"
"SL2.50ch00:10638561-10640200","1802","10638561","10640200","1639"
"SL2.50ch00:10638566-10640222","1802","10638566","10640222","1656"
"SL2.50ch00:10642060-10643975","1330","10642060","10643975","1915"
"SL2.50ch00:10642075-10643948","1330","10642075","10643948","1873"
"SL2.50ch00:10644516-10645812","617","10644516","10645812","1296"
"SL2.50ch00:10644553-10646100","629","10644553","10646100","1547"
"SL2.50ch00:10651669-10652308","248","10651669","10652308","639"
"SL2.50ch00:10651733-10652250","246","10651733","10652250","517"
"SL2.50ch00:10653445-10654617","491","10653445","10654617","1172"
"SL2.50ch00:10653567-10654616","487","10653567","10654616","1049"
"SL2.50ch00:10656054-10657819","441","10656054","10657819","1765"
"SL2.50ch00:10656702-10657333","243","10656702","10657333","631"
"SL2.50ch00:10659590-10661157","201","10659590","10661157","1567"
"SL2.50ch00:10663998-10664883","778","10663998","10664883","885"
"SL2.50ch00:10664107-10664878","757","10664107","10664878","771"
"SL2.50ch00:10665525-10666271","1374","10665525","10666271","746"
"SL2.50ch00:10665549-10666165","1369","10665549","10666165","616"
"SL2.50ch00:10667219-10669649","4759","10667219","10669649","2430"
"SL2.50ch00:10667221-10669653","4759","10667221","10669653","2432"
"SL2.50ch00:10672295-10673041","1017","10672295","10673041","746"
"SL2.50ch00:10672304-10672930","1014","10672304","10672930","626"
"SL2.50ch00:10675322-10676638","1378","10675322","10676638","1316"
"SL2.50ch00:10675696-10676599","1316","10675696","10676599","903"
"SL2.50ch00:10680469-10686449","13460","10680469","10686449","5980"
"SL2.50ch00:10680581-10686405","13396","10680581","10686405","5824"
"SL2.50ch00:10687257-10692751","12001","10687257","10692751","5494"
"SL2.50ch00:10687260-10692761","12001","10687260","10692761","5501"
"SL2.50ch00:10721753-10722752","203","10721753","10722752","999"
"SL2.50ch00:10721893-10722560","179","10721893","10722560","667"
"SL2.50ch00:10729271-10730740","773","10729271","10730740","1469"
"SL2.50ch00:10729580-10730684","756","10729580","10730684","1104"
"SL2.50ch00:10731598-10733261","797","10731598","10733261","1663"
"SL2.50ch00:10731625-10733902","847","10731625","10733902","2277"
"SL2.50ch00:10734439-10737127","292","10734439","10737127","2688"
"SL2.50ch00:10743514-10745178","378","10743514","10745178","1664"
"SL2.50ch00:10743570-10745184","378","10743570","10745184","1614"
"SL2.50ch00:10746690-10748940","483","10746690","10748940","2250"
"SL2.50ch00:10746769-10748824","482","10746769","10748824","2055"
"SL2.50ch00:10776565-10777782","305","10776565","10777782","1217"
"SL2.50ch00:10776577-10777822","305","10776577","10777822","1245"
"SL2.50ch00:10778513-10781161","498","10778513","10781161","2648"
"SL2.50ch00:10779975-10780768","187","10779975","10780768","793"
"SL2.50ch00:10782742-10784037","221","10782742","10784037","1295"
"SL2.50ch00:10783290-10784024","165","10783290","10784024","734"
"SL2.50ch00:10788553-10789259","249","10788553","10789259","706"
"SL2.50ch00:10788579-10789335","247","10788579","10789335","756"
"SL2.50ch00:10793408-10794020","126","10793408","10794020","612"
"SL2.50ch00:10793503-10794068","125","10793503","10794068","565"
"SL2.50ch00:10798377-10803492","927","10798377","10803492","5115"
"SL2.50ch00:10799123-10801716","470","10799123","10801716","2593"
"SL2.50ch00:10802224-10803463","287","10802224","10803463","1239"
"SL2.50ch00:10830671-10832340","920","10830671","10832340","1669"
"SL2.50ch00:10830806-10832251","920","10830806","10832251","1445"
"SL2.50ch00:10834870-10835856","553","10834870","10835856","986"
"SL2.50ch00:10834926-10835824","553","10834926","10835824","898"
"SL2.50ch00:10842008-10842648","187","10842008","10842648","640"
"SL2.50ch00:10842053-10842619","187","10842053","10842619","566"
"SL2.50ch00:10843914-10845152","276","10843914","10845152","1238"
"SL2.50ch00:10843953-10845180","273","10843953","10845180","1227"
"SL2.50ch00:10846121-10847059","461","10846121","10847059","938"
"SL2.50ch00:10846196-10847084","461","10846196","10847084","888"
"SL2.50ch00:10848766-10850022","478","10848766","10850022","1256"
"SL2.50ch00:10848805-10849925","476","10848805","10849925","1120"
"SL2.50ch00:10854412-10857486","727","10854412","10857486","3074"
"SL2.50ch00:10854918-10857521","644","10854918","10857521","2603"
"SL2.50ch00:10910102-10911481","444","10910102","10911481","1379"
"SL2.50ch00:10910311-10911494","432","10910311","10911494","1183"
"SL2.50ch00:10913428-10914869","269","10913428","10914869","1441"
"SL2.50ch00:10914169-10914811","217","10914169","10914811","642"
"SL2.50ch00:10917251-10919712","1309","10917251","10919712","2461"
"SL2.50ch00:10917300-10919792","1304","10917300","10919792","2492"
"SL2.50ch00:10926668-10929216","646","10926668","10929216","2548"
"SL2.50ch00:10926758-10928802","615","10926758","10928802","2044"
"SL2.50ch00:10931044-10933170","558","10931044","10933170","2126"
"SL2.50ch00:10931734-10933100","478","10931734","10933100","1366"
"SL2.50ch00:10935727-10937883","319","10935727","10937883","2156"
"SL2.50ch00:10938577-10943962","996","10938577","10943962","5385"
"SL2.50ch00:10945239-10960714","2331","10945239","10960714","15475"
"SL2.50ch00:10963562-10964175","61","10963562","10964175","613"
"SL2.50ch00:10971080-10972214","144","10971080","10972214","1134"
"SL2.50ch00:10984444-10986807","538","10984444","10986807","2363"
"SL2.50ch00:10985206-10986760","487","10985206","10986760","1554"
"SL2.50ch00:10990730-10992093","546","10990730","10992093","1363"
"SL2.50ch00:10990771-10995810","1401","10990771","10995810","5039"
"SL2.50ch00:10994218-10995817","407","10994218","10995817","1599"
"SL2.50ch00:10998634-11000359","485","10998634","11000359","1725"
"SL2.50ch00:10998654-11000328","485","10998654","11000328","1674"
"SL2.50ch00:11004911-11007134","645","11004911","11007134","2223"
"SL2.50ch00:11004923-11006797","601","11004923","11006797","1874"
"SL2.50ch00:11012419-11012887","79","11012419","11012887","468"
"SL2.50ch00:11016290-11017393","99","11016290","11017393","1103"
"SL2.50ch00:11028979-11029941","111","11028979","11029941","962"
"SL2.50ch00:11031485-11032090","70","11031485","11032090","605"
"SL2.50ch00:11049670-11050591","77","11049670","11050591","921"
"SL2.50ch00:11054991-11077454","38705","11054991","11077454","22463"
"SL2.50ch00:11055017-11077585","38705","11055017","11077585","22568"
"SL2.50ch00:11141791-11146360","699","11141791","11146360","4569"
"SL2.50ch00:11147045-11148514","326","11147045","11148514","1469"
"SL2.50ch00:11147182-11148410","304","11147182","11148410","1228"
"SL2.50ch00:11154592-11157099","278","11154592","11157099","2507"
"SL2.50ch00:11154826-11155353","55","11154826","11155353","527"
"SL2.50ch00:11160641-11161016","48","11160641","11161016","375"
"SL2.50ch00:11182279-11182999","81","11182279","11182999","720"
"SL2.50ch00:11184514-11185940","256","11184514","11185940","1426"
"SL2.50ch00:11239906-11240870","197","11239906","11240870","964"
"SL2.50ch00:11239935-11240870","197","11239935","11240870","935"
"SL2.50ch00:11242494-11243677","260","11242494","11243677","1183"
"SL2.50ch00:11242536-11243721","262","11242536","11243721","1185"
"SL2.50ch00:11244921-11246560","416","11244921","11246560","1639"
"SL2.50ch00:11245111-11246527","397","11245111","11246527","1416"
"SL2.50ch00:11251420-11254477","707","11251420","11254477","3057"
"SL2.50ch00:11251474-11254488","703","11251474","11254488","3014"
"SL2.50ch00:11256104-11258743","379","11256104","11258743","2639"
"SL2.50ch00:11256374-11257628","259","11256374","11257628","1254"
"SL2.50ch00:11295429-11296112","111","11295429","11296112","683"
"SL2.50ch00:11297140-11297876","103","11297140","11297876","736"
"SL2.50ch00:11297467-11297869","85","11297467","11297869","402"
"SL2.50ch00:11301310-11301925","122","11301310","11301925","615"
"SL2.50ch00:11301387-11302198","130","11301387","11302198","811"
"SL2.50ch00:11302688-11304930","218","11302688","11304930","2242"
"SL2.50ch00:11307746-11308433","69","11307746","11308433","687"
"SL2.50ch00:11310302-11313701","1513","11310302","11313701","3399"
"SL2.50ch00:11311042-11313666","1433","11311042","11313666","2624"
"SL2.50ch00:11314480-11315945","787","11314480","11315945","1465"
"SL2.50ch00:11314530-11315863","781","11314530","11315863","1333"
"SL2.50ch00:11316956-11318788","457","11316956","11318788","1832"
"SL2.50ch00:11317113-11318869","436","11317113","11318869","1756"
"SL2.50ch00:11321897-11325977","819","11321897","11325977","4080"
"SL2.50ch00:11327058-11336556","1346","11327058","11336556","9498"
"SL2.50ch00:11337168-11343493","850","11337168","11343493","6325"
"SL2.50ch00:11337773-11339163","219","11337773","11339163","1390"
"SL2.50ch00:11343876-11345462","217","11343876","11345462","1586"
"SL2.50ch00:11362940-11363777","247","11362940","11363777","837"
"SL2.50ch00:11362979-11363782","247","11362979","11363782","803"
"SL2.50ch00:11369292-11373961","656","11369292","11373961","4669"
"SL2.50ch00:11373131-11374061","198","11373131","11374061","930"
"SL2.50ch00:11377817-11379373","439","11377817","11379373","1556"
"SL2.50ch00:11377836-11379479","439","11377836","11379479","1643"
"SL2.50ch00:11396266-11398043","695","11396266","11398043","1777"
"SL2.50ch00:11396295-11398007","687","11396295","11398007","1712"
"SL2.50ch00:11398903-11404492","1625","11398903","11404492","5589"
"SL2.50ch00:11398925-11404518","1624","11398925","11404518","5593"
"SL2.50ch00:11411150-11412562","632","11411150","11412562","1412"
"SL2.50ch00:11411231-11412588","623","11411231","11412588","1357"
"SL2.50ch00:11443795-11444573","131","11443795","11444573","778"
"SL2.50ch00:11490691-11491635","216","11490691","11491635","944"
"SL2.50ch00:11490713-11491534","216","11490713","11491534","821"
"SL2.50ch00:11492659-11494444","304","11492659","11494444","1785"
"SL2.50ch00:11495655-11497053","372","11495655","11497053","1398"
"SL2.50ch00:11495656-11497040","372","11495656","11497040","1384"
"SL2.50ch00:11499356-11501332","469","11499356","11501332","1976"
"SL2.50ch00:11499356-11501348","469","11499356","11501348","1992"
"SL2.50ch00:11501840-11503210","548","11501840","11503210","1370"
"SL2.50ch00:11501878-11503235","548","11501878","11503235","1357"
"SL2.50ch00:11504335-11505258","297","11504335","11505258","923"
"SL2.50ch00:11504386-11505195","294","11504386","11505195","809"
"SL2.50ch00:11510011-11512517","341","11510011","11512517","2506"
"SL2.50ch00:11516726-11517650","137","11516726","11517650","924"
"SL2.50ch00:11534144-11548092","4526","11534144","11548092","13948"
"SL2.50ch00:11534489-11535256","201","11534489","11535256","767"
"SL2.50ch00:11542527-11545428","1386","11542527","11545428","2901"
"SL2.50ch00:11545960-11547723","481","11545960","11547723","1763"
"SL2.50ch00:11565406-11566479","127","11565406","11566479","1073"
"SL2.50ch00:11569964-11571143","127","11569964","11571143","1179"
"SL2.50ch00:11570173-11570575","62","11570173","11570575","402"
"SL2.50ch00:11573020-11573805","81","11573020","11573805","785"
"SL2.50ch00:11576933-11591013","2798","11576933","11591013","14080"
"SL2.50ch00:11577013-11583000","1514","11577013","11583000","5987"
"SL2.50ch00:11655359-11656929","1211","11655359","11656929","1570"
"SL2.50ch00:11655417-11656972","1208","11655417","11656972","1555"
"SL2.50ch00:11658393-11659374","384","11658393","11659374","981"
"SL2.50ch00:11658447-11659399","382","11658447","11659399","952"
"SL2.50ch00:11685655-11686839","397","11685655","11686839","1184"
"SL2.50ch00:11685700-11686817","397","11685700","11686817","1117"
"SL2.50ch00:11687539-11689544","694","11687539","11689544","2005"
"SL2.50ch00:11687544-11689658","694","11687544","11689658","2114"
"SL2.50ch00:11690433-11694263","705","11690433","11694263","3830"
"SL2.50ch00:11690522-11694248","696","11690522","11694248","3726"
"SL2.50ch00:11695274-11695742","108","11695274","11695742","468"
"SL2.50ch00:11697453-11698498","366","11697453","11698498","1045"
"SL2.50ch00:11697579-11698449","359","11697579","11698449","870"
"SL2.50ch00:11736294-11738166","1170","11736294","11738166","1872"
"SL2.50ch00:11736370-11738125","1168","11736370","11738125","1755"
"SL2.50ch00:11740279-11741152","100","11740279","11741152","873"
"SL2.50ch00:11773889-11775693","2907","11773889","11775693","1804"
"SL2.50ch00:11773930-11775744","2891","11773930","11775744","1814"
"SL2.50ch00:11777422-11778524","2052","11777422","11778524","1102"
"SL2.50ch00:11777442-11778421","2021","11777442","11778421","979"
"SL2.50ch00:11780867-11786256","6605","11780867","11786256","5389"
"SL2.50ch00:11780912-11782044","1656","11780912","11782044","1132"
"SL2.50ch00:11782605-11786189","4933","11782605","11786189","3584"
"SL2.50ch00:11789557-11790432","116","11789557","11790432","875"
"SL2.50ch00:11796774-11810562","25584","11796774","11810562","13788"
"SL2.50ch00:11796775-11811812","25678","11796775","11811812","15037"
"SL2.50ch00:11811283-11817977","631","11811283","11817977","6694"
"SL2.50ch00:11818814-11820433","151","11818814","11820433","1619"
"SL2.50ch00:11851604-11851979","62","11851604","11851979","375"
"SL2.50ch00:11855458-11855833","51","11855458","11855833","375"
"SL2.50ch00:11857566-11868424","1579","11857566","11868424","10858"
"SL2.50ch00:11879807-11880392","74","11879807","11880392","585"
"SL2.50ch00:11901041-11902147","127","11901041","11902147","1106"
"SL2.50ch00:11919197-11920404","104","11919197","11920404","1207"
"SL2.50ch00:11934789-11936007","319","11934789","11936007","1218"
"SL2.50ch00:11934833-11935949","314","11934833","11935949","1116"
"SL2.50ch00:11944452-11945184","226","11944452","11945184","732"
"SL2.50ch00:11944467-11945834","277","11944467","11945834","1367"
"SL2.50ch00:11966673-11976948","15891","11966673","11976948","10275"
"SL2.50ch00:11966734-11976905","15878","11966734","11976905","10171"
"SL2.50ch00:11986921-11988022","581","11986921","11988022","1101"
"SL2.50ch00:11986957-11988008","581","11986957","11988008","1051"
"SL2.50ch00:11990790-11991712","310","11990790","11991712","922"
"SL2.50ch00:11990864-11991745","305","11990864","11991745","881"
"SL2.50ch00:11993084-11994653","1066","11993084","11994653","1569"
"SL2.50ch00:11993089-11994652","1066","11993089","11994652","1563"
"SL2.50ch00:11996143-11996976","362","11996143","11996976","833"
"SL2.50ch00:11996180-11996906","361","11996180","11996906","726"
"SL2.50ch00:12006317-12016238","23240","12006317","12016238","9921"
"SL2.50ch00:12006345-12016217","23238","12006345","12016217","9872"
"SL2.50ch00:12039855-12043885","428","12039855","12043885","4030"
"SL2.50ch00:12088188-12089621","233","12088188","12089621","1433"
"SL2.50ch00:12088241-12089533","219","12088241","12089533","1292"
"SL2.50ch00:12090836-12091726","240","12090836","12091726","890"
"SL2.50ch00:12090867-12091866","239","12090867","12091866","999"
"SL2.50ch00:12128041-12153956","30529","12128041","12153956","25915"
"SL2.50ch00:12128092-12154010","30521","12128092","12154010","25918"
"SL2.50ch00:12212252-12219919","1517","12212252","12219919","7667"
"SL2.50ch00:12248404-12249285","88","12248404","12249285","881"
"SL2.50ch00:12265906-12282052","25666","12265906","12282052","16146"
"SL2.50ch00:12266755-12282024","25628","12266755","12282024","15269"
"SL2.50ch00:12300519-12302423","238","12300519","12302423","1904"
"SL2.50ch00:12312461-12319857","1089","12312461","12319857","7396"
"SL2.50ch00:12322111-12324059","195","12322111","12324059","1948"
"SL2.50ch00:12324604-12326161","264","12324604","12326161","1557"
"SL2.50ch00:12324740-12325271","139","12324740","12325271","531"
"SL2.50ch00:12349016-12349805","228","12349016","12349805","789"
"SL2.50ch00:12355984-12356471","60","12355984","12356471","487"
"SL2.50ch00:12441988-12442941","98","12441988","12442941","953"
"SL2.50ch00:12492797-12501111","1435","12492797","12501111","8314"
"SL2.50ch00:12504563-12505488","109","12504563","12505488","925"
"SL2.50ch00:12504566-12506165","181","12504566","12506165","1599"
"SL2.50ch00:12561348-12561723","54","12561348","12561723","375"
"SL2.50ch00:12569894-12572562","382","12569894","12572562","2668"
"SL2.50ch00:12643072-12645845","392","12643072","12645845","2773"
"SL2.50ch00:12646403-12647798","185","12646403","12647798","1395"
"SL2.50ch00:12704280-12705169","74","12704280","12705169","889"
"SL2.50ch00:12738178-12739382","115","12738178","12739382","1204"
"SL2.50ch00:12754371-12754746","89","12754371","12754746","375"
"SL2.50ch00:12756553-12757552","436","12756553","12757552","999"
"SL2.50ch00:12756615-12757494","423","12756615","12757494","879"
"SL2.50ch00:12758316-12760172","1135","12758316","12760172","1856"
"SL2.50ch00:12758317-12760287","1140","12758317","12760287","1970"
"SL2.50ch00:12772510-12779644","1313","12772510","12779644","7134"
"SL2.50ch00:12772651-12779661","1291","12772651","12779661","7010"
"SL2.50ch00:12781953-12784325","199","12781953","12784325","2372"
"SL2.50ch00:12953345-12958549","5851","12953345","12958549","5204"
"SL2.50ch00:12953394-12958782","5861","12953394","12958782","5388"
"SL2.50ch00:12971641-12972651","109","12971641","12972651","1010"
"SL2.50ch00:12976046-12981524","690","12976046","12981524","5478"
"SL2.50ch00:13042994-13043992","105","13042994","13043992","998"
"SL2.50ch00:13048685-13050095","152","13048685","13050095","1410"
"SL2.50ch00:13050589-13050964","46","13050589","13050964","375"
"SL2.50ch00:13052284-13053828","339","13052284","13053828","1544"
"SL2.50ch00:13052293-13053790","339","13052293","13053790","1497"
"SL2.50ch00:13173739-13179206","1396","13173739","13179206","5467"
"SL2.50ch00:13173987-13179068","1386","13173987","13179068","5081"
"SL2.50ch00:13219018-13220754","161","13219018","13220754","1736"
"SL2.50ch00:13258573-13258948","53","13258573","13258948","375"
"SL2.50ch00:13301695-13302466","485","13301695","13302466","771"
"SL2.50ch00:13301745-13303148","531","13301745","13303148","1403"
"SL2.50ch00:13305430-13306986","204","13305430","13306986","1556"
"SL2.50ch00:13306127-13306954","168","13306127","13306954","827"
"SL2.50ch00:13374936-13375835","911","13374936","13375835","899"
"SL2.50ch00:13374993-13375822","911","13374993","13375822","829"
"SL2.50ch00:13379464-13380319","1547","13379464","13380319","855"
"SL2.50ch00:13379546-13380280","1507","13379546","13380280","734"
"SL2.50ch00:13386849-13388170","216","13386849","13388170","1321"
"SL2.50ch00:13447403-13448475","126","13447403","13448475","1072"
"SL2.50ch00:13460469-13460993","60","13460469","13460993","524"
"SL2.50ch00:13492816-13494529","266","13492816","13494529","1713"
"SL2.50ch00:13493331-13494493","254","13493331","13494493","1162"
"SL2.50ch00:13496795-13498327","271","13496795","13498327","1532"
"SL2.50ch00:13496804-13497997","237","13496804","13497997","1193"
"SL2.50ch00:13503303-13508274","3423","13503303","13508274","4971"
"SL2.50ch00:13503345-13507608","3405","13503345","13507608","4263"
"SL2.50ch00:13603324-13608439","6731","13603324","13608439","5115"
"SL2.50ch00:13603418-13608360","6728","13603418","13608360","4942"
"SL2.50ch00:13689138-13689838","143","13689138","13689838","700"
"SL2.50ch00:13689215-13689887","141","13689215","13689887","672"
"SL2.50ch00:13690527-13691502","167","13690527","13691502","975"
"SL2.50ch00:13764405-13769492","6444","13764405","13769492","5087"
"SL2.50ch00:13764739-13769522","6436","13764739","13769522","4783"
"SL2.50ch00:14016578-14019015","284","14016578","14019015","2437"
"SL2.50ch00:14094989-14095741","95","14094989","14095741","752"
"SL2.50ch00:14120397-14121433","328","14120397","14121433","1036"
"SL2.50ch00:14120464-14121414","318","14120464","14121414","950"
"SL2.50ch00:14123247-14124871","352","14123247","14124871","1624"
"SL2.50ch00:14123639-14124892","307","14123639","14124892","1253"
"SL2.50ch00:14257651-14258925","134","14257651","14258925","1274"
"SL2.50ch00:14287141-14287908","158","14287141","14287908","767"
"SL2.50ch00:14287299-14287967","164","14287299","14287967","668"
"SL2.50ch00:14290568-14291564","617","14290568","14291564","996"
"SL2.50ch00:14290600-14291614","617","14290600","14291614","1014"
"SL2.50ch00:14292320-14292792","47","14292320","14292792","472"
"SL2.50ch00:14299681-14300277","72","14299681","14300277","596"
"SL2.50ch00:14314021-14314511","91","14314021","14314511","490"
"SL2.50ch00:14314090-14314978","139","14314090","14314978","888"
"SL2.50ch00:14316774-14318231","229","14316774","14318231","1457"
"SL2.50ch00:14409505-14410967","266","14409505","14410967","1462"
"SL2.50ch00:14409706-14410980","245","14409706","14410980","1274"
"SL2.50ch00:14437531-14441662","1647","14437531","14441662","4131"
"SL2.50ch00:14437552-14441686","1644","14437552","14441686","4134"
"SL2.50ch00:14505167-14506310","166","14505167","14506310","1143"
"SL2.50ch00:14505245-14506926","201","14505245","14506926","1681"
"SL2.50ch00:14507589-14508079","292","14507589","14508079","490"
"SL2.50ch00:14510907-14511410","179","14510907","14511410","503"
"SL2.50ch00:14510996-14511371","163","14510996","14511371","375"
"SL2.50ch00:14514668-14515895","175","14514668","14515895","1227"
"SL2.50ch00:14514736-14515408","130","14514736","14515408","672"
"SL2.50ch00:14520230-14525038","530","14520230","14525038","4808"
"SL2.50ch00:14545956-14550551","10997","14545956","14550551","4595"
"SL2.50ch00:14545963-14550341","10988","14545963","14550341","4378"
"SL2.50ch00:14558944-14559319","46","14558944","14559319","375"
"SL2.50ch00:14561327-14562517","131","14561327","14562517","1190"
"SL2.50ch00:14571931-14572899","161","14571931","14572899","968"
"SL2.50ch00:14575076-14576030","214","14575076","14576030","954"
"SL2.50ch00:14635309-14636138","139","14635309","14636138","829"
"SL2.50ch00:14637586-14637961","55","14637586","14637961","375"
"SL2.50ch00:14644994-14645671","110","14644994","14645671","677"
"SL2.50ch00:14648440-14648944","59","14648440","14648944","504"
"SL2.50ch00:14656365-14657036","88","14656365","14657036","671"
"SL2.50ch00:14662175-14662732","79","14662175","14662732","557"
"SL2.50ch00:14665278-14665926","97","14665278","14665926","648"
"SL2.50ch00:14665313-14665877","95","14665313","14665877","564"
"SL2.50ch00:14670501-14675782","4492","14670501","14675782","5281"
"SL2.50ch00:14670522-14675771","4492","14670522","14675771","5249"
"SL2.50ch00:14677217-14679031","1414","14677217","14679031","1814"
"SL2.50ch00:14677253-14679141","1410","14677253","14679141","1888"
"SL2.50ch00:14696361-14697794","178","14696361","14697794","1433"
"SL2.50ch00:14763890-14767757","552","14763890","14767757","3867"
"SL2.50ch00:14796450-14797304","156","14796450","14797304","854"
"SL2.50ch00:14801775-14802268","130","14801775","14802268","493"
"SL2.50ch00:14801812-14802187","127","14801812","14802187","375"
"SL2.50ch00:14804036-14805741","1063","14804036","14805741","1705"
"SL2.50ch00:14804047-14805761","1063","14804047","14805761","1714"
"SL2.50ch00:14887886-14889159","189","14887886","14889159","1273"
"SL2.50ch00:14959706-14961350","316","14959706","14961350","1644"
"SL2.50ch00:14962620-14963671","354","14962620","14963671","1051"
"SL2.50ch00:14962621-14963717","354","14962621","14963717","1096"
"SL2.50ch00:14992372-14993724","195","14992372","14993724","1352"
"SL2.50ch00:14994688-14996344","264","14994688","14996344","1656"
"SL2.50ch00:14999654-15000532","236","14999654","15000532","878"
"SL2.50ch00:14999679-15000674","235","14999679","15000674","995"
"SL2.50ch00:15070855-15071640","81","15070855","15071640","785"
"SL2.50ch00:15134766-15135403","76","15134766","15135403","637"
"SL2.50ch00:15136958-15137695","69","15136958","15137695","737"
"SL2.50ch00:15138696-15139752","206","15138696","15139752","1056"
"SL2.50ch00:15142584-15146512","798","15142584","15146512","3928"
"SL2.50ch00:15144506-15146445","456","15144506","15146445","1939"
"SL2.50ch00:15289995-15291411","265","15289995","15291411","1416"
"SL2.50ch00:15290061-15291623","286","15290061","15291623","1562"
"SL2.50ch00:15292978-15293623","133","15292978","15293623","645"
"SL2.50ch00:15313988-15314494","84","15313988","15314494","506"
"SL2.50ch00:15316587-15317171","66","15316587","15317171","584"
"SL2.50ch00:15321351-15322481","437","15321351","15322481","1130"
"SL2.50ch00:15321397-15322339","437","15321397","15322339","942"
"SL2.50ch00:15324295-15325261","514","15324295","15325261","966"
"SL2.50ch00:15324356-15325273","513","15324356","15325273","917"
"SL2.50ch00:15345089-15346312","191","15345089","15346312","1223"
"SL2.50ch00:15348029-15348863","445","15348029","15348863","834"
"SL2.50ch00:15348054-15348898","445","15348054","15348898","844"
"SL2.50ch00:15360589-15361715","278","15360589","15361715","1126"
"SL2.50ch00:15360750-15361620","278","15360750","15361620","870"
"SL2.50ch00:15363027-15364516","243","15363027","15364516","1489"
"SL2.50ch00:15385655-15387683","296","15385655","15387683","2028"
"SL2.50ch00:15450306-15451191","134","15450306","15451191","885"
"SL2.50ch00:15452774-15453783","209","15452774","15453783","1009"
"SL2.50ch00:15452872-15453851","209","15452872","15453851","979"
"SL2.50ch00:15473228-15477148","1301","15473228","15477148","3920"
"SL2.50ch00:15473356-15477106","1300","15473356","15477106","3750"
"SL2.50ch00:15526084-15526576","61","15526084","15526576","492"
"SL2.50ch00:15534724-15536198","2176","15534724","15536198","1474"
"SL2.50ch00:15534728-15536278","2176","15534728","15536278","1550"
"SL2.50ch00:15538066-15542541","7484","15538066","15542541","4475"
"SL2.50ch00:15538082-15542586","7484","15538082","15542586","4504"
"SL2.50ch00:15813963-15814651","257","15813963","15814651","688"
"SL2.50ch00:15813982-15814619","257","15813982","15814619","637"
"SL2.50ch00:15816197-15816760","58","15816197","15816760","563"
"SL2.50ch00:15864409-15865185","80","15864409","15865185","776"
"SL2.50ch00:15877069-15880573","1130","15877069","15880573","3504"
"SL2.50ch00:15877180-15880658","1119","15877180","15880658","3478"
"SL2.50ch00:15884540-15887881","373","15884540","15887881","3341"
"SL2.50ch00:15902889-15903811","116","15902889","15903811","922"
"SL2.50ch00:15905703-15906313","164","15905703","15906313","610"
"SL2.50ch00:15905756-15906358","164","15905756","15906358","602"
"SL2.50ch00:15917581-15920900","360","15917581","15920900","3319"
"SL2.50ch00:15961446-15961917","90","15961446","15961917","471"
"SL2.50ch00:15963788-15964915","203","15963788","15964915","1127"
"SL2.50ch00:15964462-15964952","139","15964462","15964952","490"
"SL2.50ch00:15997704-16001211","520","15997704","16001211","3507"
"SL2.50ch00:16026783-16030116","826","16026783","16030116","3333"
"SL2.50ch00:16026828-16030185","823","16026828","16030185","3357"
"SL2.50ch00:16051815-16055485","6303","16051815","16055485","3670"
"SL2.50ch00:16051850-16055438","6303","16051850","16055438","3588"
"SL2.50ch00:16145175-16146605","133","16145175","16146605","1430"
"SL2.50ch00:16180766-16184283","5303","16180766","16184283","3517"
"SL2.50ch00:16180773-16184261","5274","16180773","16184261","3488"
"SL2.50ch00:16195117-16198253","341","16195117","16198253","3136"
"SL2.50ch00:16243371-16243856","54","16243371","16243856","485"
"SL2.50ch00:16246848-16247320","103","16246848","16247320","472"
"SL2.50ch00:16302660-16303035","52","16302660","16303035","375"
"SL2.50ch00:16310899-16312329","555","16310899","16312329","1430"
"SL2.50ch00:16310933-16312394","555","16310933","16312394","1461"
"SL2.50ch00:16313954-16314469","169","16313954","16314469","515"
"SL2.50ch00:16313979-16314448","169","16313979","16314448","469"
"SL2.50ch00:16384258-16388143","782","16384258","16388143","3885"
"SL2.50ch00:16390456-16390831","51","16390456","16390831","375"
"SL2.50ch00:16397852-16401510","5078","16397852","16401510","3658"
"SL2.50ch00:16397959-16401520","5072","16397959","16401520","3561"
"SL2.50ch00:16531803-16534845","347","16531803","16534845","3042"
"SL2.50ch00:16548958-16549602","77","16548958","16549602","644"
"SL2.50ch00:16562327-16565754","751","16562327","16565754","3427"
"SL2.50ch00:16562526-16565671","747","16562526","16565671","3145"
"SL2.50ch00:16636903-16639894","2515","16636903","16639894","2991"
"SL2.50ch00:16636951-16639807","2498","16636951","16639807","2856"
"SL2.50ch00:16661189-16666628","789","16661189","16666628","5439"
"SL2.50ch00:16797300-16797965","63","16797300","16797965","665"
"SL2.50ch00:16901241-16904600","1752","16901241","16904600","3359"
"SL2.50ch00:16901244-16904630","1752","16901244","16904630","3386"
"SL2.50ch00:16950123-16951238","406","16950123","16951238","1115"
"SL2.50ch00:16950220-16951183","406","16950220","16951183","963"
"SL2.50ch00:16952572-16953439","298","16952572","16953439","867"
"SL2.50ch00:16952601-16953386","298","16952601","16953386","785"
"SL2.50ch00:16962948-16963999","667","16962948","16963999","1051"
"SL2.50ch00:16963037-16964051","662","16963037","16964051","1014"
"SL2.50ch00:16965773-16966395","378","16965773","16966395","622"
"SL2.50ch00:16965798-16966412","378","16965798","16966412","614"
"SL2.50ch00:17011555-17014738","725","17011555","17014738","3183"
"SL2.50ch00:17011559-17012573","238","17011559","17012573","1014"
"SL2.50ch00:17013165-17014373","334","17013165","17014373","1208"
"SL2.50ch00:17108285-17108956","73","17108285","17108956","671"
"SL2.50ch00:17155453-17158858","4784","17155453","17158858","3405"
"SL2.50ch00:17155518-17158822","4783","17155518","17158822","3304"
"SL2.50ch00:17231414-17234424","514","17231414","17234424","3010"
"SL2.50ch00:17232073-17233272","253","17232073","17233272","1199"
"SL2.50ch00:17297353-17300479","667","17297353","17300479","3126"
"SL2.50ch00:17347262-17350306","745","17347262","17350306","3044"
"SL2.50ch00:17347394-17350094","719","17347394","17350094","2700"
"SL2.50ch00:17458431-17461337","721","17458431","17461337","2906"
"SL2.50ch00:17458519-17461249","712","17458519","17461249","2730"
"SL2.50ch00:17522838-17525278","1738","17522838","17525278","2440"
"SL2.50ch00:17522877-17525089","1729","17522877","17525089","2212"
"SL2.50ch00:17634706-17637644","2187","17634706","17637644","2938"
"SL2.50ch00:17634719-17637657","2187","17634719","17637657","2938"
"SL2.50ch00:17652904-17654436","233","17652904","17654436","1532"
"SL2.50ch00:17676871-17678777","181","17676871","17678777","1906"
"SL2.50ch00:17745760-17747595","192","17745760","17747595","1835"
"SL2.50ch00:17769299-17772197","511","17769299","17772197","2898"
"SL2.50ch00:17769615-17772018","480","17769615","17772018","2403"
"SL2.50ch00:17840045-17843138","4621","17840045","17843138","3093"
"SL2.50ch00:17840185-17843265","4623","17840185","17843265","3080"
"SL2.50ch00:17905540-17907366","186","17905540","17907366","1826"
"SL2.50ch00:18009693-18011842","244","18009693","18011842","2149"
"SL2.50ch00:18038596-18041304","412","18038596","18041304","2708"
"SL2.50ch00:18047321-18054356","1356","18047321","18054356","7035"
"SL2.50ch00:18049820-18050552","323","18049820","18050552","732"
"SL2.50ch00:18051280-18053653","583","18051280","18053653","2373"
"SL2.50ch00:18116521-18121684","1133","18116521","18121684","5163"
"SL2.50ch00:18118169-18120210","684","18118169","18120210","2041"
"SL2.50ch00:18193929-18194470","49","18193929","18194470","541"
"SL2.50ch00:18228173-18230903","675","18228173","18230903","2730"
"SL2.50ch00:18228196-18232576","806","18228196","18232576","4380"
"SL2.50ch00:18254468-18256503","440","18254468","18256503","2035"
"SL2.50ch00:18254666-18256425","413","18254666","18256425","1759"
"SL2.50ch00:1830139-1830734","55","1830139","1830734","595"
"SL2.50ch00:18315727-18318694","2168","18315727","18318694","2967"
"SL2.50ch00:18315918-18318654","2167","18315918","18318654","2736"
"SL2.50ch00:18352239-18355419","5907","18352239","18355419","3180"
"SL2.50ch00:18352393-18355388","5900","18352393","18355388","2995"
"SL2.50ch00:1836924-1838142","113","1836924","1838142","1218"
"SL2.50ch00:18372252-18372987","81","18372252","18372987","735"
"SL2.50ch00:18432610-18433394","120","18432610","18433394","784"
"SL2.50ch00:18432644-18433447","121","18432644","18433447","803"
"SL2.50ch00:18444937-18445406","63","18444937","18445406","469"
"SL2.50ch00:18489945-18491175","385","18489945","18491175","1230"
"SL2.50ch00:18490219-18491195","347","18490219","18491195","976"
"SL2.50ch00:18581801-18582319","75","18581801","18582319","518"
"SL2.50ch00:18581886-18583006","120","18581886","18583006","1120"
"SL2.50ch00:18649038-18651648","345","18649038","18651648","2610"
"SL2.50ch00:18776724-18779463","1302","18776724","18779463","2739"
"SL2.50ch00:18776886-18779460","1302","18776886","18779460","2574"
"SL2.50ch00:1883241-1883777","56","1883241","1883777","536"
"SL2.50ch00:18865873-18866449","82","18865873","18866449","576"
"SL2.50ch00:18867384-18867973","66","18867384","18867973","589"
"SL2.50ch00:18909152-18911104","213","18909152","18911104","1952"
"SL2.50ch00:19091722-19094319","1159","19091722","19094319","2597"
"SL2.50ch00:19091741-19094360","1156","19091741","19094360","2619"
"SL2.50ch00:19120479-19124133","3488","19120479","19124133","3654"
"SL2.50ch00:19120488-19123280","3447","19120488","19123280","2792"
"SL2.50ch00:19155843-19156218","51","19155843","19156218","375"
"SL2.50ch00:19180993-19181586","83","19180993","19181586","593"
"SL2.50ch00:19308101-19310396","603","19308101","19310396","2295"
"SL2.50ch00:19308172-19311107","600","19308172","19311107","2935"
"SL2.50ch00:19321130-19323261","217","19321130","19323261","2131"
"SL2.50ch00:19374797-19377125","489","19374797","19377125","2328"
"SL2.50ch00:19374876-19377056","483","19374876","19377056","2180"
"SL2.50ch00:19408083-19410487","889","19408083","19410487","2404"
"SL2.50ch00:19408199-19410489","859","19408199","19410489","2290"
"SL2.50ch00:19415732-19418158","357","19415732","19418158","2426"
"SL2.50ch00:19613012-19615919","13537","19613012","19615919","2907"
"SL2.50ch00:19613176-19615825","13525","19613176","19615825","2649"
"SL2.50ch00:19656464-19656866","619","19656464","19656866","402"
"SL2.50ch00:19703176-19705907","2058","19703176","19705907","2731"
"SL2.50ch00:19703304-19705795","2054","19703304","19705795","2491"
"SL2.50ch00:19810081-19812489","910","19810081","19812489","2408"
"SL2.50ch00:19810215-19812401","907","19810215","19812401","2186"
"SL2.50ch00:19862505-19864234","185","19862505","19864234","1729"
"SL2.50ch00:19915870-19918441","3190","19915870","19918441","2571"
"SL2.50ch00:19915931-19918385","3190","19915931","19918385","2454"
"SL2.50ch00:19964876-19967243","1749","19964876","19967243","2367"
"SL2.50ch00:19964877-19967210","1749","19964877","19967210","2333"
"SL2.50ch00:19980390-19980765","44","19980390","19980765","375"
"SL2.50ch00:19987604-19989029","187","19987604","19989029","1425"
"SL2.50ch00:19987776-19988410","137","19987776","19988410","634"
"SL2.50ch00:20025559-20028106","501","20025559","20028106","2547"
"SL2.50ch00:20025779-20028021","499","20025779","20028021","2242"
"SL2.50ch00:20087085-20087673","75","20087085","20087673","588"
"SL2.50ch00:20105409-20107747","317","20105409","20107747","2338"
"SL2.50ch00:20154072-20154447","45","20154072","20154447","375"
"SL2.50ch00:20160747-20163181","2978","20160747","20163181","2434"
"SL2.50ch00:20160753-20164220","3044","20160753","20164220","3467"
"SL2.50ch00:20274369-20275198","96","20274369","20275198","829"
"SL2.50ch00:20292130-20292754","248","20292130","20292754","624"
"SL2.50ch00:20292136-20292792","251","20292136","20292792","656"
"SL2.50ch00:20365202-20366162","220","20365202","20366162","960"
"SL2.50ch00:20365252-20366596","283","20365252","20366596","1344"
"SL2.50ch00:20415259-20416048","73","20415259","20416048","789"
"SL2.50ch00:20426279-20428437","329","20426279","20428437","2158"
"SL2.50ch00:20491822-20493794","639","20491822","20493794","1972"
"SL2.50ch00:20491861-20493799","636","20491861","20493799","1938"
"SL2.50ch00:20541255-20542338","137","20541255","20542338","1083"
"SL2.50ch00:20624146-20626211","236","20624146","20626211","2065"
"SL2.50ch00:20749039-20749529","783","20749039","20749529","490"
"SL2.50ch00:20777892-20780054","436","20777892","20780054","2162"
"SL2.50ch00:20777928-20780073","435","20777928","20780073","2145"
"SL2.50ch00:20830117-20830945","238","20830117","20830945","828"
"SL2.50ch00:20831384-20832346","438","20831384","20832346","962"
"SL2.50ch00:20864130-20866078","208","20864130","20866078","1948"
"SL2.50ch00:20877605-20879666","233","20877605","20879666","2061"
"SL2.50ch00:20882046-20884435","2427","20882046","20884435","2389"
"SL2.50ch00:20882211-20884411","2414","20882211","20884411","2200"
"SL2.50ch00:20906990-20907526","90","20906990","20907526","536"
"SL2.50ch00:20907076-20907657","94","20907076","20907657","581"
"SL2.50ch00:20997901-20998276","51","20997901","20998276","375"
"SL2.50ch00:21017370-21018552","145","21017370","21018552","1182"
"SL2.50ch00:21068452-21068922","67","21068452","21068922","470"
"SL2.50ch00:21112860-21114851","277","21112860","21114851","1991"
"SL2.50ch00:21135383-21137048","194","21135383","21137048","1665"
"SL2.50ch00:21140175-21141383","113","21140175","21141383","1208"
"SL2.50ch00:21146047-21148307","1315","21146047","21148307","2260"
"SL2.50ch00:21146234-21148270","1310","21146234","21148270","2036"
"SL2.50ch00:2114778-2115273","77","2114778","2115273","495"
"SL2.50ch00:21175156-21176844","201","21175156","21176844","1688"
"SL2.50ch00:21199214-21203993","1164","21199214","21203993","4779"
"SL2.50ch00:21260908-21263725","258","21260908","21263725","2817"
"SL2.50ch00:21271895-21273771","357","21271895","21273771","1876"
"SL2.50ch00:21272346-21273820","284","21272346","21273820","1474"
"SL2.50ch00:21287473-21289324","189","21287473","21289324","1851"
"SL2.50ch00:21346188-21348062","221","21346188","21348062","1874"
"SL2.50ch00:21458881-21460878","491","21458881","21460878","1997"
"SL2.50ch00:21459024-21459995","380","21459024","21459995","971"
"SL2.50ch00:21473169-21473936","187","21473169","21473936","767"
"SL2.50ch00:2151036-2151770","158","2151036","2151770","734"
"SL2.50ch00:2151057-2151741","153","2151057","2151741","684"
"SL2.50ch00:2152489-2152891","81","2152489","2152891","402"
"SL2.50ch00:21534339-21536482","2695","21534339","21536482","2143"
"SL2.50ch00:21534363-21537085","2717","21534363","21537085","2722"
"SL2.50ch00:21544987-21546892","634","21544987","21546892","1905"
"SL2.50ch00:21545035-21546976","641","21545035","21546976","1941"
"SL2.50ch00:2157345-2158512","169","2157345","2158512","1167"
"SL2.50ch00:21609018-21609938","709","21609018","21609938","920"
"SL2.50ch00:21609031-21609863","706","21609031","21609863","832"
"SL2.50ch00:21610783-21611254","66","21610783","21611254","471"
"SL2.50ch00:2165440-2166114","94","2165440","2166114","674"
"SL2.50ch00:2165627-2166029","86","2165627","2166029","402"
"SL2.50ch00:21668893-21669745","77","21668893","21669745","852"
"SL2.50ch00:21692017-21694258","3535","21692017","21694258","2241"
"SL2.50ch00:21692070-21694331","3536","21692070","21694331","2261"
"SL2.50ch00:21703332-21704354","186","21703332","21704354","1022"
"SL2.50ch00:21747207-21748979","307","21747207","21748979","1772"
"SL2.50ch00:21747247-21748966","301","21747247","21748966","1719"
"SL2.50ch00:21751352-21752240","86","21751352","21752240","888"
"SL2.50ch00:21763890-21765924","548","21763890","21765924","2034"
"SL2.50ch00:21763905-21765944","548","21763905","21765944","2039"
"SL2.50ch00:21774465-21776250","275","21774465","21776250","1785"
"SL2.50ch00:21774521-21776451","278","21774521","21776451","1930"
"SL2.50ch00:2348499-2348989","67","2348499","2348989","490"
"SL2.50ch00:2742385-2742760","36","2742385","2742760","375"
"SL2.50ch00:2919366-2920938","210","2919366","2920938","1572"
"SL2.50ch00:4157735-4160963","4857","4157735","4160963","3228"
"SL2.50ch00:4157848-4160945","4857","4157848","4160945","3097"
"SL2.50ch00:4161576-4164455","1752","4161576","4164455","2879"
"SL2.50ch00:4161731-4164605","1712","4161731","4164605","2874"
"SL2.50ch00:4167825-4177058","4497","4167825","4177058","9233"
"SL2.50ch00:4167834-4176955","4497","4167834","4176955","9121"
"SL2.50ch00:4197207-4198392","6704","4197207","4198392","1185"
"SL2.50ch00:4276977-4277379","640","4276977","4277379","402"
"SL2.50ch00:4773375-4774141","68","4773375","4774141","766"
"SL2.50ch00:5602034-5602409","45","5602034","5602409","375"
"SL2.50ch00:5616669-5620459","512","5616669","5620459","3790"
"SL2.50ch00:5642165-5643281","138","5642165","5643281","1116"
"SL2.50ch00:5659910-5662237","240","5659910","5662237","2327"
"SL2.50ch00:5662920-5664620","212","5662920","5664620","1700"
"SL2.50ch00:5670417-5671518","265","5670417","5671518","1101"
"SL2.50ch00:5670439-5671502","263","5670439","5671502","1063"
"SL2.50ch00:5679179-5680540","275","5679179","5680540","1361"
"SL2.50ch00:5688585-5688960","41","5688585","5688960","375"
"SL2.50ch00:5695677-5696236","55","5695677","5696236","559"
"SL2.50ch00:5702468-5702843","42","5702468","5702843","375"
"SL2.50ch00:5732107-5733246","124","5732107","5733246","1139"
"SL2.50ch00:6142753-6143436","75","6142753","6143436","683"
"SL2.50ch00:7117964-7119699","222","7117964","7119699","1735"
"SL2.50ch00:7130210-7132708","234","7130210","7132708","2498"
"SL2.50ch00:7367820-7369727","798","7367820","7369727","1907"
"SL2.50ch00:7367872-7369698","798","7367872","7369698","1826"
"SL2.50ch00:7371640-7372542","438","7371640","7372542","902"
"SL2.50ch00:7371735-7372618","409","7371735","7372618","883"
"SL2.50ch00:7384065-7384798","141","7384065","7384798","733"
"SL2.50ch00:7397012-7399682","313","7397012","7399682","2670"
"SL2.50ch00:7401785-7404433","258","7401785","7404433","2648"
"SL2.50ch00:7416709-7434427","5791","7416709","7434427","17718"
"SL2.50ch00:7416807-7433524","5751","7416807","7433524","16717"
"SL2.50ch00:7439145-7440035","229","7439145","7440035","890"
"SL2.50ch00:7439325-7440043","203","7439325","7440043","718"
"SL2.50ch00:7445572-7446525","117","7445572","7446525","953"
"SL2.50ch00:7445981-7446383","62","7445981","7446383","402"
"SL2.50ch00:7446992-7448000","105","7446992","7448000","1008"
"SL2.50ch00:7447280-7447799","74","7447280","7447799","519"
"SL2.50ch00:7450965-7451996","221","7450965","7451996","1031"
"SL2.50ch00:7451097-7452137","227","7451097","7452137","1040"
"SL2.50ch00:7460262-7460761","50","7460262","7460761","499"
"SL2.50ch00:7471507-7476253","631","7471507","7476253","4746"
"SL2.50ch00:7479522-7487142","983","7479522","7487142","7620"
"SL2.50ch00:7490725-7500229","1289","7490725","7500229","9504"
"SL2.50ch00:7491792-7492302","76","7491792","7492302","510"
"SL2.50ch00:7498586-7501310","485","7498586","7501310","2724"
"SL2.50ch00:7500620-7506914","864","7500620","7506914","6294"
"SL2.50ch00:7509669-7510801","109","7509669","7510801","1132"
"SL2.50ch00:7541050-7541518","51","7541050","7541518","468"
"SL2.50ch00:7579530-7579932","99","7579530","7579932","402"
"SL2.50ch00:7590284-7591139","86","7590284","7591139","855"
"SL2.50ch00:7606252-7607258","97","7606252","7607258","1006"
"SL2.50ch00:7616018-7616990","88","7616018","7616990","972"
"SL2.50ch00:7620526-7621681","123","7620526","7621681","1155"
"SL2.50ch00:7656885-7660433","489","7656885","7660433","3548"
"SL2.50ch00:7661081-7669795","1131","7661081","7669795","8714"
"SL2.50ch00:7662946-7664855","246","7662946","7664855","1909"
"SL2.50ch00:7672626-7673795","114","7672626","7673795","1169"
"SL2.50ch00:7691533-7692347","86","7691533","7692347","814"
"SL2.50ch00:7713420-7713893","57","7713420","7713893","473"
"SL2.50ch00:7719006-7719514","65","7719006","7719514","508"
"SL2.50ch00:7721181-7722021","171","7721181","7722021","840"
"SL2.50ch00:7721239-7722046","171","7721239","7722046","807"
"SL2.50ch00:7730321-7731140","100","7730321","7731140","819"
"SL2.50ch00:7739489-7740197","81","7739489","7740197","708"
"SL2.50ch00:7754040-7755275","129","7754040","7755275","1235"
"SL2.50ch00:7756901-7757369","54","7756901","7757369","468"
"SL2.50ch00:7766690-7769066","238","7766690","7769066","2376"
"SL2.50ch00:7785059-7785575","78","7785059","7785575","516"
"SL2.50ch00:7799390-7806858","1850","7799390","7806858","7468"
"SL2.50ch00:7799454-7806901","1850","7799454","7806901","7447"
"SL2.50ch00:7809268-7810269","144","7809268","7810269","1001"
"SL2.50ch00:7809711-7810220","80","7809711","7810220","509"
"SL2.50ch00:7814168-7815414","182","7814168","7815414","1246"
"SL2.50ch00:7818076-7820680","658","7818076","7820680","2604"
"SL2.50ch00:7818077-7820656","658","7818077","7820656","2579"
"SL2.50ch00:7828668-7844046","2708","7828668","7844046","15378"
"SL2.50ch00:7831950-7832440","86","7831950","7832440","490"
"SL2.50ch00:7844567-7847469","432","7844567","7847469","2902"
"SL2.50ch00:7851428-7857297","1010","7851428","7857297","5869"
"SL2.50ch00:7851906-7852308","98","7851906","7852308","402"
"SL2.50ch00:7859979-7865114","841","7859979","7865114","5135"
"SL2.50ch00:7874772-7875536","85","7874772","7875536","764"
"SL2.50ch00:7905436-7905913","64","7905436","7905913","477"
"SL2.50ch00:7908163-7909949","345","7908163","7909949","1786"
"SL2.50ch00:7908165-7909400","237","7908165","7909400","1235"
"SL2.50ch00:7919055-7921461","268","7919055","7921461","2406"
"SL2.50ch00:7954819-7956468","236","7954819","7956468","1649"
"SL2.50ch00:7957368-7958191","87","7957368","7958191","823"
"SL2.50ch00:7973260-7973939","80","7973260","7973939","679"
"SL2.50ch00:7981859-7984915","571","7981859","7984915","3056"
"SL2.50ch00:7982159-7984055","405","7982159","7984055","1896"
"SL2.50ch00:7992271-7995759","947","7992271","7995759","3488"
"SL2.50ch00:7992524-7995740","899","7992524","7995740","3216"
"SL2.50ch00:7997016-7999653","664","7997016","7999653","2637"
"SL2.50ch00:7997057-7999598","661","7997057","7999598","2541"
"SL2.50ch00:8003886-8008250","841","8003886","8008250","4364"
"SL2.50ch00:8211804-8213494","312","8211804","8213494","1690"
"SL2.50ch00:8212114-8213523","280","8212114","8213523","1409"
"SL2.50ch00:8214780-8216483","227","8214780","8216483","1703"
"SL2.50ch00:8217389-8218215","85","8217389","8218215","826"
"SL2.50ch00:8220196-8221074","135","8220196","8221074","878"
"SL2.50ch00:8220554-8221120","98","8220554","8221120","566"
"SL2.50ch00:8226789-8228144","186","8226789","8228144","1355"
"SL2.50ch00:8233982-8234357","44","8233982","8234357","375"
"SL2.50ch00:8239256-8240215","237","8239256","8240215","959"
"SL2.50ch00:8239274-8240172","233","8239274","8240172","898"
"SL2.50ch00:8248125-8248879","132","8248125","8248879","754"
"SL2.50ch00:8250390-8251656","158","8250390","8251656","1266"
"SL2.50ch00:8260930-8261559","129","8260930","8261559","629"
"SL2.50ch00:8261046-8261677","115","8261046","8261677","631"
"SL2.50ch00:8266511-8267478","108","8266511","8267478","967"
"SL2.50ch00:8273174-8273882","232","8273174","8273882","708"
"SL2.50ch00:8274395-8275043","109","8274395","8275043","648"
"SL2.50ch00:8277960-8278553","121","8277960","8278553","593"
"SL2.50ch00:8286018-8286917","100","8286018","8286917","899"
"SL2.50ch00:8298046-8298525","57","8298046","8298525","479"
"SL2.50ch00:8299213-8299793","65","8299213","8299793","580"
"SL2.50ch00:8301750-8302320","62","8301750","8302320","570"
"SL2.50ch00:8308284-8309413","252","8308284","8309413","1129"
"SL2.50ch00:8308600-8309348","212","8308600","8309348","748"
"SL2.50ch00:8331144-8331519","67","8331144","8331519","375"
"SL2.50ch00:8336537-8338456","217","8336537","8338456","1919"
"SL2.50ch00:8348334-8349071","581","8348334","8349071","737"
"SL2.50ch00:8352081-8353231","1274","8352081","8353231","1150"
"SL2.50ch00:836408-837180","80","836408","837180","772"
"SL2.50ch00:8364149-8364752","103","8364149","8364752","603"
"SL2.50ch00:8365580-8366246","72","8365580","8366246","666"
"SL2.50ch00:8373200-8375003","298","8373200","8375003","1803"
"SL2.50ch00:8374224-8374875","166","8374224","8374875","651"
"SL2.50ch00:8394451-8395726","160","8394451","8395726","1275"
"SL2.50ch00:8397545-8398231","137","8397545","8398231","686"
"SL2.50ch00:8404971-8405493","77","8404971","8405493","522"
"SL2.50ch00:8404993-8412933","1097","8404993","8412933","7940"
"SL2.50ch00:8409657-8412449","554","8409657","8412449","2792"
"SL2.50ch00:8594402-8594804","109","8594402","8594804","402"
"SL2.50ch00:8607635-8611922","790","8607635","8611922","4287"
"SL2.50ch00:8609667-8611866","564","8609667","8611866","2199"
"SL2.50ch00:8613760-8615936","551","8613760","8615936","2176"
"SL2.50ch00:8613780-8619919","1375","8613780","8619919","6139"
"SL2.50ch00:8620542-8625317","1022","8620542","8625317","4775"
"SL2.50ch00:8620596-8621086","81","8620596","8621086","490"
"SL2.50ch00:8621586-8625260","865","8621586","8625260","3674"
"SL2.50ch00:8634140-8638967","1277","8634140","8638967","4827"
"SL2.50ch00:8634193-8644031","2178","8634193","8644031","9838"
"SL2.50ch00:8657336-8658287","114","8657336","8658287","951"
"SL2.50ch00:8665300-8665958","95","8665300","8665958","658"
"SL2.50ch00:8678644-8679455","135","8678644","8679455","811"
"SL2.50ch00:8682052-8684502","243","8682052","8684502","2450"
"SL2.50ch00:8697189-8697564","44","8697189","8697564","375"
"SL2.50ch00:8718456-8719765","149","8718456","8719765","1309"
"SL2.50ch00:8733678-8734341","205","8733678","8734341","663"
"SL2.50ch00:8733739-8735102","283","8733739","8735102","1363"
"SL2.50ch00:8949347-8949856","95","8949347","8949856","509"
"SL2.50ch00:8965032-8967276","252","8965032","8967276","2244"
"SL2.50ch00:8966600-8967244","93","8966600","8967244","644"
"SL2.50ch00:8968460-8969183","113","8968460","8969183","723"
"SL2.50ch00:8968508-8969014","104","8968508","8969014","506"
"SL2.50ch00:8976506-8978957","494","8976506","8978957","2451"
"SL2.50ch00:8987330-8987898","64","8987330","8987898","568"
"SL2.50ch00:9004251-9006882","255","9004251","9006882","2631"
"SL2.50ch00:9007593-9008123","50","9007593","9008123","530"
"SL2.50ch00:9015056-9015699","178","9015056","9015699","643"
"SL2.50ch00:9015108-9015777","169","9015108","9015777","669"
"SL2.50ch00:9017736-9019183","230","9017736","9019183","1447"
"SL2.50ch00:9030365-9032047","300","9030365","9032047","1682"
"SL2.50ch00:9031514-9032021","104","9031514","9032021","507"
"SL2.50ch00:9035254-9036052","127","9035254","9036052","798"
"SL2.50ch00:9039219-9040022","109","9039219","9040022","803"
"SL2.50ch00:9046167-9047924","541","9046167","9047924","1757"
"SL2.50ch00:9046176-9047912","541","9046176","9047912","1736"
"SL2.50ch00:9049665-9051627","777","9049665","9051627","1962"
"SL2.50ch00:9049695-9051709","777","9049695","9051709","2014"
"SL2.50ch00:9055371-9056476","269","9055371","9056476","1105"
"SL2.50ch00:9055408-9056471","269","9055408","9056471","1063"
"SL2.50ch00:9058126-9062340","1800","9058126","9062340","4214"
"SL2.50ch00:9058131-9062430","1800","9058131","9062430","4299"
"SL2.50ch00:9068649-9071610","1096","9068649","9071610","2961"
"SL2.50ch00:9068703-9071632","1087","9068703","9071632","2929"
"SL2.50ch00:9078187-9081426","721","9078187","9081426","3239"
"SL2.50ch00:9078187-9081497","722","9078187","9081497","3310"
"SL2.50ch00:9090083-9091282","371","9090083","9091282","1199"
"SL2.50ch00:9090109-9091331","368","9090109","9091331","1222"
"SL2.50ch00:9096292-9103662","957","9096292","9103662","7370"
"SL2.50ch00:9109805-9110738","92","9109805","9110738","933"
"SL2.50ch00:9239207-9242470","495","9239207","9242470","3263"
"SL2.50ch00:9244498-9247637","498","9244498","9247637","3139"
"SL2.50ch00:9254917-9256554","390","9254917","9256554","1637"
"SL2.50ch00:9254982-9256545","384","9254982","9256545","1563"
"SL2.50ch00:9259001-9260385","229","9259001","9260385","1384"
"SL2.50ch00:9261165-9262649","237","9261165","9262649","1484"
"SL2.50ch00:9271885-9272489","76","9271885","9272489","604"
"SL2.50ch00:9278565-9279331","99","9278565","9279331","766"
"SL2.50ch00:9302677-9303951","141","9302677","9303951","1274"
"SL2.50ch00:930971-931346","49","930971","931346","375"
"SL2.50ch00:9316406-9316781","71","9316406","9316781","375"
"SL2.50ch00:9324487-9325533","114","9324487","9325533","1046"
"SL2.50ch00:9326434-9326903","74","9326434","9326903","469"
"SL2.50ch00:9337835-9338504","85","9337835","9338504","669"
"SL2.50ch00:9342636-9344852","263","9342636","9344852","2216"
"SL2.50ch00:9351642-9353215","227","9351642","9353215","1573"
"SL2.50ch00:9352340-9352978","141","9352340","9352978","638"
"SL2.50ch00:9366834-9367623","136","9366834","9367623","789"
"SL2.50ch00:9369235-9370606","192","9369235","9370606","1371"
"SL2.50ch00:9383843-9384333","170","9383843","9384333","490"
"SL2.50ch00:9405612-9406254","63","9405612","9406254","642"
"SL2.50ch00:9408014-9410178","418","9408014","9410178","2164"
"SL2.50ch00:9413239-9417348","815","9413239","9417348","4109"
"SL2.50ch00:9414793-9417223","541","9414793","9417223","2430"
"SL2.50ch00:9418288-9423072","1035","9418288","9423072","4784"
"SL2.50ch00:9421065-9423040","463","9421065","9423040","1975"
"SL2.50ch00:9423714-9427876","1099","9423714","9427876","4162"
"SL2.50ch00:9425705-9427662","674","9425705","9427662","1957"
"SL2.50ch00:9432720-9435921","659","9432720","9435921","3201"
"SL2.50ch00:9441532-9442005","64","9441532","9442005","473"
"SL2.50ch00:9450055-9458167","1585","9450055","9458167","8112"
"SL2.50ch00:9453165-9458132","1059","9453165","9458132","4967"
"SL2.50ch00:9459682-9461136","226","9459682","9461136","1454"
"SL2.50ch00:9469103-9469726","165","9469103","9469726","623"
"SL2.50ch00:9469151-9469553","162","9469151","9469553","402"
"SL2.50ch00:9472005-9474716","509","9472005","9474716","2711"
"SL2.50ch00:9472134-9472624","124","9472134","9472624","490"
"SL2.50ch00:9477989-9485776","1633","9477989","9485776","7787"
"SL2.50ch00:9480354-9481499","437","9480354","9481499","1145"
"SL2.50ch00:9481943-9484278","507","9481943","9484278","2335"
"SL2.50ch00:9499005-9501565","273","9499005","9501565","2560"
"SL2.50ch00:9563160-9565723","362","9563160","9565723","2563"
"SL2.50ch00:9564596-9565633","174","9564596","9565633","1037"
"SL2.50ch00:9571890-9574712","434","9571890","9574712","2822"
"SL2.50ch00:9574103-9574879","154","9574103","9574879","776"
"SL2.50ch00:9588291-9589618","276","9588291","9589618","1327"
"SL2.50ch00:9588353-9589343","237","9588353","9589343","990"
"SL2.50ch00:9598709-9599994","145","9598709","9599994","1285"
"SL2.50ch00:9600734-9601870","154","9600734","9601870","1136"
"SL2.50ch00:9607833-9610848","389","9607833","9610848","3015"
"SL2.50ch00:9610195-9610685","87","9610195","9610685","490"
"SL2.50ch00:9619046-9619554","107","9619046","9619554","508"
"SL2.50ch00:9619197-9619572","82","9619197","9619572","375"
"SL2.50ch00:9621331-9625049","829","9621331","9625049","3718"
"SL2.50ch00:9621350-9621936","122","9621350","9621936","586"
"SL2.50ch00:9622732-9623510","293","9622732","9623510","778"
"SL2.50ch00:9626009-9628452","510","9626009","9628452","2443"
"SL2.50ch00:9626103-9628743","533","9626103","9628743","2640"
"SL2.50ch00:9629835-9630325","111","9629835","9630325","490"
"SL2.50ch00:9629835-9630333","111","9629835","9630333","498"
"SL2.50ch00:9643147-9643651","66","9643147","9643651","504"
"SL2.50ch00:9715123-9716924","185","9715123","9716924","1801"
"SL2.50ch00:9722305-9729386","1783","9722305","9729386","7081"
"SL2.50ch00:9722376-9729263","1763","9722376","9729263","6887"
"SL2.50ch00:9745483-9746285","70","9745483","9746285","802"
"SL2.50ch00:9753018-9755103","315","9753018","9755103","2085"
"SL2.50ch00:9753212-9754492","208","9753212","9754492","1280"
"SL2.50ch00:9757267-9760747","621","9757267","9760747","3480"
"SL2.50ch00:9771910-9776224","1219","9771910","9776224","4314"
"SL2.50ch00:9771946-9776178","1215","9771946","9776178","4232"
"SL2.50ch00:9781174-9782758","253","9781174","9782758","1584"
"SL2.50ch00:9781229-9782608","230","9781229","9782608","1379"
"SL2.50ch00:9784466-9784841","58","9784466","9784841","375"
"SL2.50ch00:9788332-9788851","177","9788332","9788851","519"
"SL2.50ch00:9788349-9788819","169","9788349","9788819","470"
"SL2.50ch00:9790540-9791015","89","9790540","9791015","475"
"SL2.50ch00:9790548-9791053","94","9790548","9791053","505"
"SL2.50ch00:9794301-9796006","1104","9794301","9796006","1705"
"SL2.50ch00:9801994-9804879","505","9801994","9804879","2885"
"SL2.50ch00:9813087-9815757","279","9813087","9815757","2670"
"SL2.50ch00:9816688-9818251","191","9816688","9818251","1563"
"SL2.50ch00:9833349-9834217","2204","9833349","9834217","868"
"SL2.50ch00:9834909-9836656","541","9834909","9836656","1747"
"SL2.50ch00:9834961-9836717","523","9834961","9836717","1756"
"SL2.50ch00:9837927-9838984","265","9837927","9838984","1057"
"SL2.50ch00:9837935-9838982","265","9837935","9838982","1047"
"SL2.50ch00:9862018-9862746","246","9862018","9862746","728"
"SL2.50ch00:9863675-9864396","141","9863675","9864396","721"
"SL2.50ch00:9864924-9865938","120","9864924","9865938","1014"
"SL2.50ch00:9880979-9881624","68","9880979","9881624","645"
"SL2.50ch00:9954273-9959938","997","9954273","9959938","5665"
"SL2.50ch00:9963859-9971474","1392","9963859","9971474","7615"
"SL2.50ch00:9963863-9967780","712","9963863","9967780","3917"
"SL2.50ch00:9972925-9982340","1568","9972925","9982340","9415"
"SL2.50ch00:9983544-9987670","749","9983544","9987670","4126"
"SL2.50ch00:9987060-9987601","143","9987060","9987601","541"
"SL2.50ch00:9990015-9993899","654","9990015","9993899","3884"
"SL2.50ch00:9990037-9993723","630","9990037","9993723","3686"
"SL2.50ch00:9995340-9995715","68","9995340","9995715","375"
"SL2.50ch00:9998688-10000097","274","9998688","10000097","1409"
"SL2.50ch00:9998871-10002252","644","9998871","10002252","3381"
"SL2.50ch01:11968793-11969168","50","11968793","11969168","375"
"SL2.50ch01:1333557-1333932","69","1333557","1333932","375"
"SL2.50ch01:13846783-13847447","75","13846783","13847447","664"
"SL2.50ch01:14004258-14005349","95","14004258","14005349","1091"
"SL2.50ch01:14800828-14801745","76","14800828","14801745","917"
"SL2.50ch01:14955717-14956237","56","14955717","14956237","520"
"SL2.50ch01:15605657-15606264","121","15605657","15606264","607"
"SL2.50ch01:15605717-15606285","117","15605717","15606285","568"
"SL2.50ch01:15796659-15797469","82","15796659","15797469","810"
"SL2.50ch01:1839676-1903415","1984277","1839676","1903415","63739"
"SL2.50ch01:1839708-1903437","1984278","1839708","1903437","63729"
"SL2.50ch01:18586438-18586913","59","18586438","18586913","475"
"SL2.50ch01:18783900-18784595","71","18783900","18784595","695"
"SL2.50ch01:19716069-19718334","228","19716069","19718334","2265"
"SL2.50ch01:20285362-20286126","78","20285362","20286126","764"
"SL2.50ch01:20757843-20758451","56","20757843","20758451","608"
"SL2.50ch01:21238823-21239198","46","21238823","21239198","375"
"SL2.50ch01:21401232-21401847","72","21401232","21401847","615"
"SL2.50ch01:21722889-21724486","150","21722889","21724486","1597"
"SL2.50ch01:21754167-21754542","43","21754167","21754542","375"
"SL2.50ch01:22438896-22440095","113","22438896","22440095","1199"
"SL2.50ch01:22596222-22597075","141","22596222","22597075","853"
"SL2.50ch01:22848489-22848989","53","22848489","22848989","500"
"SL2.50ch01:23606727-23608043","110","23606727","23608043","1316"
"SL2.50ch01:23877807-23878380","122","23877807","23878380","573"
"SL2.50ch01:23892015-23893041","205","23892015","23893041","1026"
"SL2.50ch01:23894853-23895255","372","23894853","23895255","402"
"SL2.50ch01:23933813-23939761","3577","23933813","23939761","5948"
"SL2.50ch01:23940972-23943685","5930","23940972","23943685","2713"
"SL2.50ch01:23941259-23943022","5826","23941259","23943022","1763"
"SL2.50ch01:23946758-23950271","494","23946758","23950271","3513"
"SL2.50ch01:23951916-23953495","235","23951916","23953495","1579"
"SL2.50ch01:23965380-23966367","1388","23965380","23966367","987"
"SL2.50ch01:23965510-23966276","1384","23965510","23966276","766"
"SL2.50ch01:24228570-24229146","84","24228570","24229146","576"
"SL2.50ch01:24233826-24236083","369","24233826","24236083","2257"
"SL2.50ch01:24272581-24273438","80","24272581","24273438","857"
"SL2.50ch01:24513175-24513796","69","24513175","24513796","621"
"SL2.50ch01:25132342-25132816","107","25132342","25132816","474"
"SL2.50ch01:25672237-25672612","50","25672237","25672612","375"
"SL2.50ch01:26210581-26211494","75","26210581","26211494","913"
"SL2.50ch01:26525089-26525905","78","26525089","26525905","816"
"SL2.50ch01:27417575-27417977","336","27417575","27417977","402"
"SL2.50ch01:27884750-27885367","686","27884750","27885367","617"
"SL2.50ch01:27918114-27918598","55","27918114","27918598","484"
"SL2.50ch01:28028813-28030120","96","28028813","28030120","1307"
"SL2.50ch01:28492826-28493201","44","28492826","28493201","375"
"SL2.50ch01:28711042-28711946","97","28711042","28711946","904"
"SL2.50ch01:30279147-30279522","53","30279147","30279522","375"
"SL2.50ch01:30784789-30785164","45","30784789","30785164","375"
"SL2.50ch01:30948965-30949340","46","30948965","30949340","375"
"SL2.50ch01:31146127-31146596","55","31146127","31146596","469"
"SL2.50ch01:31224586-31224961","39","31224586","31224961","375"
"SL2.50ch01:32339044-32339563","51","32339044","32339563","519"
"SL2.50ch01:36643814-36645093","121","36643814","36645093","1279"
"SL2.50ch01:36888348-36897964","2160","36888348","36897964","9616"
"SL2.50ch01:36888550-36896089","2041","36888550","36896089","7539"
"SL2.50ch01:36942610-36944092","248","36942610","36944092","1482"
"SL2.50ch01:36950295-36952356","202","36950295","36952356","2061"
"SL2.50ch01:36984575-36988502","983","36984575","36988502","3927"
"SL2.50ch01:36985927-36986829","654","36985927","36986829","902"
"SL2.50ch01:39121062-39124230","587","39121062","39124230","3168"
"SL2.50ch01:39121411-39123115","404","39121411","39123115","1704"
"SL2.50ch01:39132048-39134342","796","39132048","39134342","2294"
"SL2.50ch01:39132427-39133966","755","39132427","39133966","1539"
"SL2.50ch01:39135164-39136515","341","39135164","39136515","1351"
"SL2.50ch01:39135319-39138487","702","39135319","39138487","3168"
"SL2.50ch01:39137229-39137719","121","39137229","39137719","490"
"SL2.50ch01:39475355-39475730","45","39475355","39475730","375"
"SL2.50ch01:39769273-39770042","166","39769273","39770042","769"
"SL2.50ch01:39769424-39770132","161","39769424","39770132","708"
"SL2.50ch01:40219084-40219617","51","40219084","40219617","533"
"SL2.50ch01:40523400-40524312","81","40523400","40524312","912"
"SL2.50ch01:40714692-40715168","52","40714692","40715168","476"
"SL2.50ch01:41711237-41712006","107","41711237","41712006","769"
"SL2.50ch01:41729414-41731149","372","41729414","41731149","1735"
"SL2.50ch01:41729550-41731227","365","41729550","41731227","1677"
"SL2.50ch01:41733216-41734775","190","41733216","41734775","1559"
"SL2.50ch01:41752923-41754182","161","41752923","41754182","1259"
"SL2.50ch01:42324376-42325644","148","42324376","42325644","1268"
"SL2.50ch01:42379624-42380407","85","42379624","42380407","783"
"SL2.50ch01:43039383-43039917","552","43039383","43039917","534"
"SL2.50ch01:43482173-43482803","74","43482173","43482803","630"
"SL2.50ch01:43544852-43546071","100","43544852","43546071","1219"
"SL2.50ch01:43647943-43648446","196","43647943","43648446","503"
"SL2.50ch01:44093707-44094177","77","44093707","44094177","470"
"SL2.50ch01:44352450-44352945","65","44352450","44352945","495"
"SL2.50ch01:44466800-44467490","74","44466800","44467490","690"
"SL2.50ch01:44528814-44530884","281","44528814","44530884","2070"
"SL2.50ch01:44562367-44563066","84","44562367","44563066","699"
"SL2.50ch01:44575856-44577434","130","44575856","44577434","1578"
"SL2.50ch01:44607595-44608224","89","44607595","44608224","629"
"SL2.50ch01:44630655-44631224","70","44630655","44631224","569"
"SL2.50ch01:44768402-44769003","85","44768402","44769003","601"
"SL2.50ch01:44787657-44789122","156","44787657","44789122","1465"
"SL2.50ch01:44799513-44802631","322","44799513","44802631","3118"
"SL2.50ch01:44830568-44831831","174","44830568","44831831","1263"
"SL2.50ch01:44835507-44836244","95","44835507","44836244","737"
"SL2.50ch01:44860994-44861698","67","44860994","44861698","704"
"SL2.50ch01:44881547-44882473","94","44881547","44882473","926"
"SL2.50ch01:44921478-44922958","179","44921478","44922958","1480"
"SL2.50ch01:45009193-45009837","2016","45009193","45009837","644"
"SL2.50ch01:45009318-45009860","2011","45009318","45009860","542"
"SL2.50ch01:45271114-45271901","103","45271114","45271901","787"
"SL2.50ch01:45275571-45277585","264","45275571","45277585","2014"
"SL2.50ch01:45421617-45422175","52","45421617","45422175","558"
"SL2.50ch01:45785334-45785953","70","45785334","45785953","619"
"SL2.50ch01:46733816-46734218","494","46733816","46734218","402"
"SL2.50ch01:47302941-47303609","67","47302941","47303609","668"
"SL2.50ch01:47843874-47844682","68","47843874","47844682","808"
"SL2.50ch01:51312742-51313340","64","51312742","51313340","598"
"SL2.50ch01:51977574-51978650","100","51977574","51978650","1076"
"SL2.50ch01:52231429-52231804","42","52231429","52231804","375"
"SL2.50ch01:5240388-5241007","76","5240388","5241007","619"
"SL2.50ch01:52675696-52676071","50","52675696","52676071","375"
"SL2.50ch01:53022792-53023167","46","53022792","53023167","375"
"SL2.50ch01:5319741-5323511","442","5319741","5323511","3770"
"SL2.50ch01:53392224-53392843","2184","53392224","53392843","619"
"SL2.50ch01:53935855-53936602","71","53935855","53936602","747"
"SL2.50ch01:54049261-54049783","258","54049261","54049783","522"
"SL2.50ch01:54133256-54134212","98","54133256","54134212","956"
"SL2.50ch01:54528867-54529492","82","54528867","54529492","625"
"SL2.50ch01:55579446-55580280","465","55579446","55580280","834"
"SL2.50ch01:55579536-55580384","459","55579536","55580384","848"
"SL2.50ch01:56248997-56249783","459","56248997","56249783","786"
"SL2.50ch01:56249071-56249793","459","56249071","56249793","722"
"SL2.50ch01:56405661-56406036","46","56405661","56406036","375"
"SL2.50ch01:56566648-56567141","52","56566648","56567141","493"
"SL2.50ch01:57183204-57183715","113","57183204","57183715","511"
"SL2.50ch01:57530071-57530641","65","57530071","57530641","570"
"SL2.50ch01:57613255-57613833","64","57613255","57613833","578"
"SL2.50ch01:57705080-57705611","54","57705080","57705611","531"
"SL2.50ch01:59085623-59086899","111","59085623","59086899","1276"
"SL2.50ch01:59207040-59207799","116","59207040","59207799","759"
"SL2.50ch01:59207200-59207602","105","59207200","59207602","402"
"SL2.50ch01:59546577-59547710","97","59546577","59547710","1133"
"SL2.50ch01:59582778-59583153","50","59582778","59583153","375"
"SL2.50ch01:60202970-60203452","63","60202970","60203452","482"
"SL2.50ch01:60368274-60368881","64","60368274","60368881","607"
"SL2.50ch01:60369345-60370336","212","60369345","60370336","991"
"SL2.50ch01:60876675-60878871","301","60876675","60878871","2196"
"SL2.50ch01:61418471-61419574","96","61418471","61419574","1103"
"SL2.50ch01:61861994-61862396","140","61861994","61862396","402"
"SL2.50ch01:63257005-63257380","53","63257005","63257380","375"
"SL2.50ch01:63798114-63798876","127","63798114","63798876","762"
"SL2.50ch01:63798218-63798943","125","63798218","63798943","725"
"SL2.50ch01:63800315-63800787","67","63800315","63800787","472"
"SL2.50ch01:63802289-63803112","151","63802289","63803112","823"
"SL2.50ch01:63802614-63803443","163","63802614","63803443","829"
"SL2.50ch01:64254168-64255162","86","64254168","64255162","994"
"SL2.50ch01:64585552-64585927","65","64585552","64585927","375"
"SL2.50ch01:64640118-64640608","553","64640118","64640608","490"
"SL2.50ch01:65152545-65152920","53","65152545","65152920","375"
"SL2.50ch01:65651673-65652479","2111","65651673","65652479","806"
"SL2.50ch01:65651778-65652467","2102","65651778","65652467","689"
"SL2.50ch01:65923481-65923856","48","65923481","65923856","375"
"SL2.50ch01:66009140-66010629","213","66009140","66010629","1489"
"SL2.50ch01:66013118-66014447","132","66013118","66014447","1329"
"SL2.50ch01:66014831-66016152","178","66014831","66016152","1321"
"SL2.50ch01:66329272-66329889","276","66329272","66329889","617"
"SL2.50ch01:66433437-66434185","178","66433437","66434185","748"
"SL2.50ch01:66433540-66434069","165","66433540","66434069","529"
"SL2.50ch01:66435134-66435509","55","66435134","66435509","375"
"SL2.50ch01:66780954-66782239","764","66780954","66782239","1285"
"SL2.50ch01:68660527-68661179","66","68660527","68661179","652"
"SL2.50ch01:69305195-69305570","51","69305195","69305570","375"
"SL2.50ch01:7029801-7030523","307","7029801","7030523","722"
"SL2.50ch01:7029828-7030891","325","7029828","7030891","1063"
"SL2.50ch01:7080086-7082148","182","7080086","7082148","2062"
"SL2.50ch01:71108669-71109044","45","71108669","71109044","375"
"SL2.50ch01:72633593-72634365","236","72633593","72634365","772"
"SL2.50ch01:72633669-72634317","231","72633669","72634317","648"
"SL2.50ch01:75968814-75971781","289","75968814","75971781","2967"
"SL2.50ch01:75984810-75985326","77","75984810","75985326","516"
"SL2.50ch01:76143294-76143669","145","76143294","76143669","375"
"SL2.50ch01:76143304-76143706","147","76143304","76143706","402"
"SL2.50ch01:76425822-76427320","160","76425822","76427320","1498"
"SL2.50ch01:76744000-76744402","112","76744000","76744402","402"
"SL2.50ch01:77468331-77468816","48","77468331","77468816","485"
"SL2.50ch01:77501311-77502448","142","77501311","77502448","1137"
"SL2.50ch01:77505244-77506629","173","77505244","77506629","1385"
"SL2.50ch01:77505657-77506721","175","77505657","77506721","1064"
"SL2.50ch01:77533649-77534576","76","77533649","77534576","927"
"SL2.50ch01:7787425-7787910","49","7787425","7787910","485"
"SL2.50ch01:78119873-78120346","53","78119873","78120346","473"
"SL2.50ch01:81032985-81033935","111","81032985","81033935","950"
"SL2.50ch01:82436085-82436621","302","82436085","82436621","536"
"SL2.50ch01:82806754-82807425","160","82806754","82807425","671"
"SL2.50ch01:82806872-82807274","145","82806872","82807274","402"
"SL2.50ch01:84251027-84251694","104","84251027","84251694","667"
"SL2.50ch01:84251071-84251473","88","84251071","84251473","402"
"SL2.50ch01:84341173-84342133","87","84341173","84342133","960"
"SL2.50ch01:84679640-84680042","310","84679640","84680042","402"
"SL2.50ch01:84936667-84937457","75","84936667","84937457","790"
"SL2.50ch01:8530445-8530913","60","8530445","8530913","468"
"SL2.50ch01:86035393-86035891","205","86035393","86035891","498"
"SL2.50ch01:86035464-86035866","201","86035464","86035866","402"
"SL2.50ch01:86711724-86712214","1387","86711724","86712214","490"
"SL2.50ch01:87072349-87072839","751","87072349","87072839","490"
"SL2.50ch01:88104703-88105201","361","88104703","88105201","498"
"SL2.50ch01:88104741-88105143","361","88104741","88105143","402"
"SL2.50ch01:9006356-9006889","1573","9006356","9006889","533"
"SL2.50ch01:9006400-9006869","1566","9006400","9006869","469"
"SL2.50ch01:90133335-90133970","580","90133335","90133970","635"
"SL2.50ch01:90133432-90133987","578","90133432","90133987","555"
"SL2.50ch01:90236888-90237263","87","90236888","90237263","375"
"SL2.50ch01:91495592-91496198","1558","91495592","91496198","606"
"SL2.50ch01:91495694-91496165","1550","91495694","91496165","471"
"SL2.50ch01:92021047-92021422","124","92021047","92021422","375"
"SL2.50ch01:92021082-92021484","125","92021082","92021484","402"
"SL2.50ch01:93670523-93671719","351","93670523","93671719","1196"
"SL2.50ch01:95967350-95968207","73","95967350","95968207","857"
"SL2.50ch01:96015003-96015710","65","96015003","96015710","707"
"SL2.50ch01:96868547-96870464","739","96868547","96870464","1917"
"SL2.50ch01:96868557-96870445","739","96868557","96870445","1888"
"SL2.50ch01:96871095-96871701","153","96871095","96871701","606"
"SL2.50ch01:96871136-96871759","151","96871136","96871759","623"
"SL2.50ch01:97436361-97437546","123","97436361","97437546","1185"
"SL2.50ch01:98472738-98473567","120","98472738","98473567","829"
"SL2.50ch01:98476541-98477971","166","98476541","98477971","1430"
"SL2.50ch01:98479579-98481098","236","98479579","98481098","1519"
"SL2.50ch01:98480121-98480973","168","98480121","98480973","852"
"SL2.50ch01:98481486-98482344","106","98481486","98482344","858"
"SL2.50ch01:98483991-98484676","77","98483991","98484676","685"
"SL2.50ch01:98485526-98487170","228","98485526","98487170","1644"
"SL2.50ch01:98486269-98487226","161","98486269","98487226","957"
"SL2.50ch01:98492162-98492745","50","98492162","98492745","583"
"SL2.50ch01:98497795-98499816","224","98497795","98499816","2021"
"SL2.50ch01:98502870-98505066","332","98502870","98505066","2196"
"SL2.50ch01:98506241-98507449","113","98506241","98507449","1208"
"SL2.50ch01:98530529-98530904","53","98530529","98530904","375"
"SL2.50ch01:98534714-98535186","115","98534714","98535186","472"
"SL2.50ch02:12835422-12844334","1146","12835422","12844334","8912"
"SL2.50ch02:12837047-12837537","90","12837047","12837537","490"
"SL2.50ch02:12839395-12841119","265","12839395","12841119","1724"
"SL2.50ch02:12845732-12848615","390","12845732","12848615","2883"
"SL2.50ch02:12849964-12857765","1129","12849964","12857765","7801"
"SL2.50ch02:12857016-12857524","74","12857016","12857524","508"
"SL2.50ch02:12859088-12865286","1045","12859088","12865286","6198"
"SL2.50ch02:12859505-12861268","235","12859505","12861268","1763"
"SL2.50ch02:12867166-12867870","194","12867166","12867870","704"
"SL2.50ch02:12887587-12888561","191","12887587","12888561","974"
"SL2.50ch02:12893940-12895344","136","12893940","12895344","1404"
"SL2.50ch02:12916048-12916423","51","12916048","12916423","375"
"SL2.50ch02:12918386-12918857","63","12918386","12918857","471"
"SL2.50ch02:12971206-12972987","291","12971206","12972987","1781"
"SL2.50ch02:12984908-12985517","58","12984908","12985517","609"
"SL2.50ch02:12992985-12996740","482","12992985","12996740","3755"
"SL2.50ch02:13002876-13017983","2190","13002876","13017983","15107"
"SL2.50ch02:13011188-13011678","104","13011188","13011678","490"
"SL2.50ch02:13018370-13020320","172","13018370","13020320","1950"
"SL2.50ch02:13022290-13022759","49","13022290","13022759","469"
"SL2.50ch02:13324451-13325032","92","13324451","13325032","581"
"SL2.50ch02:13773308-13773989","141","13773308","13773989","681"
"SL2.50ch02:13775643-13776112","64","13775643","13776112","469"
"SL2.50ch02:13778190-13780818","2519","13778190","13780818","2628"
"SL2.50ch02:13779945-13780790","1979","13779945","13780790","845"
"SL2.50ch02:13782935-13786345","3243","13782935","13786345","3410"
"SL2.50ch02:13783300-13784253","1787","13783300","13784253","953"
"SL2.50ch02:13784750-13786256","1353","13784750","13786256","1506"
"SL2.50ch02:13787281-13788760","506","13787281","13788760","1479"
"SL2.50ch02:13787342-13787846","421","13787342","13787846","504"
"SL2.50ch02:13815682-13816263","118","13815682","13816263","581"
"SL2.50ch02:13823738-13824140","333","13823738","13824140","402"
"SL2.50ch02:13827392-13830284","1479","13827392","13830284","2892"
"SL2.50ch02:13830876-13833335","2968","13830876","13833335","2459"
"SL2.50ch02:13831055-13833195","2958","13831055","13833195","2140"
"SL2.50ch02:13845192-13845567","45","13845192","13845567","375"
"SL2.50ch02:13856709-13857306","75","13856709","13857306","597"
"SL2.50ch02:13874382-13884371","1289","13874382","13884371","9989"
"SL2.50ch02:15331834-15332350","145","15331834","15332350","516"
"SL2.50ch02:15517466-15518274","55","15517466","15518274","808"
"SL2.50ch02:16006591-16007127","62","16006591","16007127","536"
"SL2.50ch02:16075026-16075401","48","16075026","16075401","375"
"SL2.50ch02:16311701-16312340","60","16311701","16312340","639"
"SL2.50ch02:16345463-16346083","67","16345463","16346083","620"
"SL2.50ch02:17880673-17881075","151","17880673","17881075","402"
"SL2.50ch02:17882122-17882944","439","17882122","17882944","822"
"SL2.50ch02:17882135-17883066","442","17882135","17883066","931"
"SL2.50ch02:18090629-18091004","46","18090629","18091004","375"
"SL2.50ch02:18224749-18225264","42","18224749","18225264","515"
"SL2.50ch02:18810320-18811397","105","18810320","18811397","1077"
"SL2.50ch02:19051008-19051611","121","19051008","19051611","603"
"SL2.50ch02:19051111-19052172","164","19051111","19052172","1061"
"SL2.50ch02:19905226-19906826","253","19905226","19906826","1600"
"SL2.50ch02:19905311-19906897","239","19905311","19906897","1586"
"SL2.50ch02:19910002-19910488","63","19910002","19910488","486"
"SL2.50ch02:204024-204568","54","204024","204568","544"
"SL2.50ch02:20737516-20737918","318","20737516","20737918","402"
"SL2.50ch02:21344067-21345092","99","21344067","21345092","1025"
"SL2.50ch02:21625130-21625719","74","21625130","21625719","589"
"SL2.50ch02:22404775-22405265","704","22404775","22405265","490"
"SL2.50ch02:22601520-22602086","63","22601520","22602086","566"
"SL2.50ch02:22880692-22881067","46","22880692","22881067","375"
"SL2.50ch02:22974418-22975445","104","22974418","22975445","1027"
"SL2.50ch02:23767749-23768837","226","23767749","23768837","1088"
"SL2.50ch02:23767937-23768454","183","23767937","23768454","517"
"SL2.50ch02:24225306-24226515","113","24225306","24226515","1209"
"SL2.50ch02:24431561-24431936","44","24431561","24431936","375"
"SL2.50ch02:24490615-24495350","6965","24490615","24495350","4735"
"SL2.50ch02:24490717-24495399","6960","24490717","24495399","4682"
"SL2.50ch02:24495838-24496615","1058","24495838","24496615","777"
"SL2.50ch02:24495847-24496680","1052","24495847","24496680","833"
"SL2.50ch02:24497794-24498386","406","24497794","24498386","592"
"SL2.50ch02:24497811-24498433","407","24497811","24498433","622"
"SL2.50ch02:24507107-24507677","267","24507107","24507677","570"
"SL2.50ch02:24507171-24507681","265","24507171","24507681","510"
"SL2.50ch02:24512833-24514517","2912","24512833","24514517","1684"
"SL2.50ch02:24512869-24514609","2912","24512869","24514609","1740"
"SL2.50ch02:24527438-24528628","3336","24527438","24528628","1190"
"SL2.50ch02:24531697-24533162","1528","24531697","24533162","1465"
"SL2.50ch02:24531846-24533095","1522","24531846","24533095","1249"
"SL2.50ch02:2472631-2473594","86","2472631","2473594","963"
"SL2.50ch02:24948187-24952494","487","24948187","24952494","4307"
"SL2.50ch02:24968218-24970878","305","24968218","24970878","2660"
"SL2.50ch02:24972522-24980040","709","24972522","24980040","7518"
"SL2.50ch02:25007683-25009561","167","25007683","25009561","1878"
"SL2.50ch02:25019877-25021322","131","25019877","25021322","1445"
"SL2.50ch02:2908971-2909728","568","2908971","2909728","757"
"SL2.50ch02:2909039-2909571","561","2909039","2909571","532"
"SL2.50ch02:30278301-30278676","81","30278301","30278676","375"
"SL2.50ch02:30497755-30498245","909","30497755","30498245","490"
"SL2.50ch02:3104901-3105509","70","3104901","3105509","608"
"SL2.50ch02:31141327-31141892","54","31141327","31141892","565"
"SL2.50ch02:32963098-32963473","96","32963098","32963473","375"
"SL2.50ch02:36474207-36479398","855","36474207","36479398","5191"
"SL2.50ch02:36475738-36476228","140","36475738","36476228","490"
"SL2.50ch02:3680327-3680702","43","3680327","3680702","375"
"SL2.50ch02:37743070-37743472","617","37743070","37743472","402"
"SL2.50ch02:3888235-3889008","78","3888235","3889008","773"
"SL2.50ch02:41500716-41501118","184","41500716","41501118","402"
"SL2.50ch02:41500716-41501214","187","41500716","41501214","498"
"SL2.50ch02:41778656-41779031","49","41778656","41779031","375"
"SL2.50ch02:42082520-42083785","124","42082520","42083785","1265"
"SL2.50ch02:4424955-4425541","53","4424955","4425541","586"
"SL2.50ch02:44549031-44549818","4364","44549031","44549818","787"
"SL2.50ch02:44549066-44549818","4362","44549066","44549818","752"
"SL2.50ch02:44818411-44819137","8295","44818411","44819137","726"
"SL2.50ch02:44818489-44819236","8299","44818489","44819236","747"
"SL2.50ch02:45767419-45767794","41","45767419","45767794","375"
"SL2.50ch02:47579957-47580442","63","47579957","47580442","485"
"SL2.50ch02:48371617-48372130","98","48371617","48372130","513"
"SL2.50ch02:48371737-48372139","92","48371737","48372139","402"
"SL2.50ch02:48732880-48734093","128","48732880","48734093","1213"
"SL2.50ch02:49308269-49308885","1817","49308269","49308885","616"
"SL2.50ch02:49904144-49904854","120","49904144","49904854","710"
"SL2.50ch02:49904256-49904658","98","49904256","49904658","402"
"SL2.50ch02:52487679-52488250","87","52487679","52488250","571"
"SL2.50ch02:5257369-5258616","117","5257369","5258616","1247"
"SL2.50ch02:5752523-5752994","67","5752523","5752994","471"
"SL2.50ch02:6346335-6346803","51","6346335","6346803","468"
"SL2.50ch02:6347821-6348597","94","6347821","6348597","776"
"SL2.50ch02:7361323-7361843","47","7361323","7361843","520"
"SL2.50ch02:741592-742197","64","741592","742197","605"
"SL2.50ch02:7704925-7705300","42","7704925","7705300","375"
"SL2.50ch02:7741868-7742243","42","7741868","7742243","375"
"SL2.50ch02:7752404-7752779","44","7752404","7752779","375"
"SL2.50ch02:7957709-7958084","39","7957709","7958084","375"
"SL2.50ch02:9251221-9251828","824","9251221","9251828","607"
"SL2.50ch02:9406540-9419289","3011","9406540","9419289","12749"
"SL2.50ch02:9407426-9419237","2939","9407426","9419237","11811"
"SL2.50ch02:9423911-9427218","742","9423911","9427218","3307"
"SL2.50ch02:9423918-9427366","757","9423918","9427366","3448"
"SL2.50ch02:9446878-9450512","349","9446878","9450512","3634"
"SL2.50ch02:9459090-9460766","144","9459090","9460766","1676"
"SL2.50ch02:9470431-9471176","80","9470431","9471176","745"
"SL2.50ch02:9477116-9477890","77","9477116","9477890","774"
"SL2.50ch02:9503321-9504323","106","9503321","9504323","1002"
"SL2.50ch02:9534345-9535131","129","9534345","9535131","786"
"SL2.50ch02:9536410-9537326","111","9536410","9537326","916"
"SL2.50ch02:9548043-9549156","112","9548043","9549156","1113"
"SL2.50ch02:9565411-9566675","107","9565411","9566675","1264"
"SL2.50ch02:9639480-9639855","42","9639480","9639855","375"
"SL2.50ch02:9655132-9656369","121","9655132","9656369","1237"
"SL2.50ch02:9671401-9671960","62","9671401","9671960","559"
"SL2.50ch02:9676056-9676756","76","9676056","9676756","700"
"SL2.50ch02:9683072-9683701","73","9683072","9683701","629"
"SL2.50ch02:9689807-9690988","116","9689807","9690988","1181"
"SL2.50ch02:9717024-9717746","68","9717024","9717746","722"
"SL2.50ch03:11058702-11059077","46","11058702","11059077","375"
"SL2.50ch03:11213472-11214074","67","11213472","11214074","602"
"SL2.50ch03:11743641-11748395","544","11743641","11748395","4754"
"SL2.50ch03:11747775-11748446","80","11747775","11748446","671"
"SL2.50ch03:12265197-12265680","52","12265197","12265680","483"
"SL2.50ch03:12965029-12965619","71","12965029","12965619","590"
"SL2.50ch03:13255889-13257488","131","13255889","13257488","1599"
"SL2.50ch03:13269637-13270807","118","13269637","13270807","1170"
"SL2.50ch03:13285827-13286202","47","13285827","13286202","375"
"SL2.50ch03:13310956-13311988","107","13310956","13311988","1032"
"SL2.50ch03:13318237-13320243","393","13318237","13320243","2006"
"SL2.50ch03:13321597-13325545","524","13321597","13325545","3948"
"SL2.50ch03:13328728-13330066","125","13328728","13330066","1338"
"SL2.50ch03:13343373-13345685","306","13343373","13345685","2312"
"SL2.50ch03:13345017-13345645","178","13345017","13345645","628"
"SL2.50ch03:13361926-13363313","419","13361926","13363313","1387"
"SL2.50ch03:13361959-13363237","415","13361959","13363237","1278"
"SL2.50ch03:13366705-13367423","128","13366705","13367423","718"
"SL2.50ch03:13368070-13372262","723","13368070","13372262","4192"
"SL2.50ch03:13369009-13372265","620","13369009","13372265","3256"
"SL2.50ch03:15952990-15954350","473","15952990","15954350","1360"
"SL2.50ch03:15953216-15954272","453","15953216","15954272","1056"
"SL2.50ch03:15955742-15957552","610","15955742","15957552","1810"
"SL2.50ch03:15955776-15957621","610","15955776","15957621","1845"
"SL2.50ch03:15958733-15960416","486","15958733","15960416","1683"
"SL2.50ch03:15958738-15960952","543","15958738","15960952","2214"
"SL2.50ch03:15969076-15970080","835","15969076","15970080","1004"
"SL2.50ch03:15969145-15973104","1592","15969145","15973104","3959"
"SL2.50ch03:15971377-15973118","642","15971377","15973118","1741"
"SL2.50ch03:15974157-15977428","1796","15974157","15977428","3271"
"SL2.50ch03:15974161-15974663","141","15974161","15974663","502"
"SL2.50ch03:15975168-15977466","1598","15975168","15977466","2298"
"SL2.50ch03:16287134-16287937","91","16287134","16287937","803"
"SL2.50ch03:16289540-16291454","246","16289540","16291454","1914"
"SL2.50ch03:16290921-16291424","135","16290921","16291424","503"
"SL2.50ch03:16295263-16296034","73","16295263","16296034","771"
"SL2.50ch03:16306709-16308124","174","16306709","16308124","1415"
"SL2.50ch03:16483504-16484101","61","16483504","16484101","597"
"SL2.50ch03:16813607-16814233","196","16813607","16814233","626"
"SL2.50ch03:17787362-17788004","63","17787362","17788004","642"
"SL2.50ch03:1788130-1789325","176","1788130","1789325","1195"
"SL2.50ch03:19394122-19395508","118","19394122","19395508","1386"
"SL2.50ch03:20102977-20103352","36","20102977","20103352","375"
"SL2.50ch03:20151953-20152438","46","20151953","20152438","485"
"SL2.50ch03:20391278-20392186","98","20391278","20392186","908"
"SL2.50ch03:20430092-20431061","87","20430092","20431061","969"
"SL2.50ch03:20510377-20510956","116","20510377","20510956","579"
"SL2.50ch03:22923191-22923755","85","22923191","22923755","564"
"SL2.50ch03:23544067-23545151","400","23544067","23545151","1084"
"SL2.50ch03:23694522-23695413","695","23694522","23695413","891"
"SL2.50ch03:23694553-23695405","695","23694553","23695405","852"
"SL2.50ch03:23696909-23697471","286","23696909","23697471","562"
"SL2.50ch03:23696923-23697463","284","23696923","23697463","540"
"SL2.50ch03:24895811-24896734","86","24895811","24896734","923"
"SL2.50ch03:25794916-25795551","2055","25794916","25795551","635"
"SL2.50ch03:25795072-25795633","2051","25795072","25795633","561"
"SL2.50ch03:27306822-27307351","61","27306822","27307351","529"
"SL2.50ch03:28416380-28416853","49","28416380","28416853","473"
"SL2.50ch03:29465861-29466440","55","29465861","29466440","579"
"SL2.50ch03:29582486-29582986","47","29582486","29582986","500"
"SL2.50ch03:29750176-29750777","54","29750176","29750777","601"
"SL2.50ch03:30364137-30369932","3236","30364137","30369932","5795"
"SL2.50ch03:30365354-30369827","3151","30365354","30369827","4473"
"SL2.50ch03:30568857-30569547","71","30568857","30569547","690"
"SL2.50ch03:30712542-30712917","50","30712542","30712917","375"
"SL2.50ch03:30751607-30751982","40","30751607","30751982","375"
"SL2.50ch03:31454419-31455482","95","31454419","31455482","1063"
"SL2.50ch03:31622098-31623811","365","31622098","31623811","1713"
"SL2.50ch03:31622181-31623823","358","31622181","31623823","1642"
"SL2.50ch03:3174757-3175259","111","3174757","3175259","502"
"SL2.50ch03:32171095-32172287","3368","32171095","32172287","1192"
"SL2.50ch03:32171131-32172275","3367","32171131","32172275","1144"
"SL2.50ch03:32831365-32831740","36","32831365","32831740","375"
"SL2.50ch03:33136306-33137004","6780","33136306","33137004","698"
"SL2.50ch03:33136487-33137099","6771","33136487","33137099","612"
"SL2.50ch03:33137645-33140600","44236","33137645","33140600","2955"
"SL2.50ch03:33277703-33278173","63","33277703","33278173","470"
"SL2.50ch03:33529669-33530151","58","33529669","33530151","482"
"SL2.50ch03:34590893-34593313","740","34590893","34593313","2420"
"SL2.50ch03:34591050-34593046","700","34591050","34593046","1996"
"SL2.50ch03:34595117-34595977","494","34595117","34595977","860"
"SL2.50ch03:34595186-34597006","533","34595186","34597006","1820"
"SL2.50ch03:34597521-34598361","483","34597521","34598361","840"
"SL2.50ch03:34597534-34598433","494","34597534","34598433","899"
"SL2.50ch03:34599973-34601583","1964","34599973","34601583","1610"
"SL2.50ch03:34600055-34601530","1960","34600055","34601530","1475"
"SL2.50ch03:34606036-34609039","2755","34606036","34609039","3003"
"SL2.50ch03:34606216-34608819","2723","34606216","34608819","2603"
"SL2.50ch03:36149961-36150437","51","36149961","36150437","476"
"SL2.50ch03:36366203-36366578","39","36366203","36366578","375"
"SL2.50ch03:36590703-36591078","51","36590703","36591078","375"
"SL2.50ch03:37388243-37388966","608","37388243","37388966","723"
"SL2.50ch03:37388255-37389163","623","37388255","37389163","908"
"SL2.50ch03:37574696-37575071","51","37574696","37575071","375"
"SL2.50ch03:37822705-37823364","66","37822705","37823364","659"
"SL2.50ch03:38127483-38128156","78","38127483","38128156","673"
"SL2.50ch03:38361197-38362150","81","38361197","38362150","953"
"SL2.50ch03:38719280-38719655","52","38719280","38719655","375"
"SL2.50ch03:39625938-39626421","48","39625938","39626421","483"
"SL2.50ch03:39746103-39747589","228","39746103","39747589","1486"
"SL2.50ch03:40280870-40281693","71","40280870","40281693","823"
"SL2.50ch03:40663941-40664707","70","40663941","40664707","766"
"SL2.50ch03:407239-407963","112","407239","407963","724"
"SL2.50ch03:41347339-41347855","360","41347339","41347855","516"
"SL2.50ch03:41525316-41529259","435","41525316","41529259","3943"
"SL2.50ch03:42823297-42823934","909","42823297","42823934","637"
"SL2.50ch03:43238956-43239331","37","43238956","43239331","375"
"SL2.50ch03:43439997-43440467","55","43439997","43440467","470"
"SL2.50ch03:44111907-44114461","10413","44111907","44114461","2554"
"SL2.50ch03:44111993-44114489","10409","44111993","44114489","2496"
"SL2.50ch03:44115827-44117012","11106","44115827","44117012","1185"
"SL2.50ch03:44115862-44117038","11068","44115862","44117038","1176"
"SL2.50ch03:44452735-44453445","99","44452735","44453445","710"
"SL2.50ch03:44456798-44458035","118","44456798","44458035","1237"
"SL2.50ch03:44459174-44460260","114","44459174","44460260","1086"
"SL2.50ch03:44888615-44888990","42","44888615","44888990","375"
"SL2.50ch03:45065945-45066556","65","45065945","45066556","611"
"SL2.50ch03:45136597-45137264","69","45136597","45137264","667"
"SL2.50ch03:45289744-45290119","45","45289744","45290119","375"
"SL2.50ch03:45379356-45381522","256","45379356","45381522","2166"
"SL2.50ch03:46522492-46523088","66","46522492","46523088","596"
"SL2.50ch03:47014584-47015543","73","47014584","47015543","959"
"SL2.50ch03:48906516-48909745","973","48906516","48909745","3229"
"SL2.50ch03:48907463-48908286","426","48907463","48908286","823"
"SL2.50ch03:49590590-49590965","36","49590590","49590965","375"
"SL2.50ch03:49931866-49932241","53","49931866","49932241","375"
"SL2.50ch03:50412262-50412732","48","50412262","50412732","470"
"SL2.50ch03:50954079-50954793","65","50954079","50954793","714"
"SL2.50ch03:51201915-51202653","72","51201915","51202653","738"
"SL2.50ch03:51702327-51702992","715","51702327","51702992","665"
"SL2.50ch03:51702481-51703095","710","51702481","51703095","614"
"SL2.50ch03:52270878-52272691","164","52270878","52272691","1813"
"SL2.50ch03:52274986-52275969","112","52274986","52275969","983"
"SL2.50ch03:52597401-52597803","76","52597401","52597803","402"
"SL2.50ch03:53569746-53570307","97","53569746","53570307","561"
"SL2.50ch03:53623667-53624356","131","53623667","53624356","689"
"SL2.50ch03:53627832-53628544","695","53627832","53628544","712"
"SL2.50ch03:53627858-53628621","693","53627858","53628621","763"
"SL2.50ch03:53931373-53932658","295","53931373","53932658","1285"
"SL2.50ch03:54169559-54172842","474","54169559","54172842","3283"
"SL2.50ch03:54169580-54172792","472","54169580","54172792","3212"
"SL2.50ch03:54176340-54177266","189","54176340","54177266","926"
"SL2.50ch03:54176397-54177355","191","54176397","54177355","958"
"SL2.50ch03:54180801-54182640","262","54180801","54182640","1839"
"SL2.50ch03:56488540-56490509","4328","56488540","56490509","1969"
"SL2.50ch03:56488743-56490395","4317","56488743","56490395","1652"
"SL2.50ch03:57120790-57121298","52","57120790","57121298","508"
"SL2.50ch03:60836717-60839032","232","60836717","60839032","2315"
"SL2.50ch03:60887178-60887935","94","60887178","60887935","757"
"SL2.50ch03:62569594-62569996","113","62569594","62569996","402"
"SL2.50ch03:6454447-6455012","74","6454447","6455012","565"
"SL2.50ch03:64832472-64835555","306","64832472","64835555","3083"
"SL2.50ch03:64925071-64929301","631","64925071","64929301","4230"
"SL2.50ch03:65838849-65839411","160","65838849","65839411","562"
"SL2.50ch03:67851346-67851836","2812","67851346","67851836","490"
"SL2.50ch03:67851421-67851889","2815","67851421","67851889","468"
"SL2.50ch03:6883156-6883946","79","6883156","6883946","790"
"SL2.50ch03:6919095-6919569","48","6919095","6919569","474"
"SL2.50ch03:6921518-6922643","122","6921518","6922643","1125"
"SL2.50ch03:6947130-6948891","202","6947130","6948891","1761"
"SL2.50ch03:6950630-6953393","240","6950630","6953393","2763"
"SL2.50ch03:6965441-6966808","132","6965441","6966808","1367"
"SL2.50ch03:70528807-70529413","234","70528807","70529413","606"
"SL2.50ch03:7105723-7106192","59","7105723","7106192","469"
"SL2.50ch03:7108873-7110202","113","7108873","7110202","1329"
"SL2.50ch04:11167865-11168494","245","11167865","11168494","629"
"SL2.50ch04:11568536-11569010","67","11568536","11569010","474"
"SL2.50ch04:12134891-12135381","56","12134891","12135381","490"
"SL2.50ch04:12536113-12537064","142","12536113","12537064","951"
"SL2.50ch04:12545616-12546288","204","12545616","12546288","672"
"SL2.50ch04:12547228-12547707","36","12547228","12547707","479"
"SL2.50ch04:13811031-13811873","85","13811031","13811873","842"
"SL2.50ch04:14454669-14455748","104","14454669","14455748","1079"
"SL2.50ch04:14534431-14535267","70","14534431","14535267","836"
"SL2.50ch04:14616344-14616913","95","14616344","14616913","569"
"SL2.50ch04:14677241-14677991","132","14677241","14677991","750"
"SL2.50ch04:14685626-14686434","121","14685626","14686434","808"
"SL2.50ch04:14715454-14716627","110","14715454","14716627","1173"
"SL2.50ch04:14729594-14730907","139","14729594","14730907","1313"
"SL2.50ch04:14738542-14739013","74","14738542","14739013","471"
"SL2.50ch04:14742352-14743858","185","14742352","14743858","1506"
"SL2.50ch04:14755876-14756951","121","14755876","14756951","1075"
"SL2.50ch04:14768565-14769960","177","14768565","14769960","1395"
"SL2.50ch04:14807941-14809954","261","14807941","14809954","2013"
"SL2.50ch04:14813993-14814806","100","14813993","14814806","813"
"SL2.50ch04:14834142-14836881","294","14834142","14836881","2739"
"SL2.50ch04:14841334-14841876","64","14841334","14841876","542"
"SL2.50ch04:14842574-14844001","193","14842574","14844001","1427"
"SL2.50ch04:14985947-14986465","57","14985947","14986465","518"
"SL2.50ch04:15038494-15039297","116","15038494","15039297","803"
"SL2.50ch04:15038500-15041316","432","15038500","15041316","2816"
"SL2.50ch04:15417417-15418005","59","15417417","15418005","588"
"SL2.50ch04:15958079-15958454","48","15958079","15958454","375"
"SL2.50ch04:17160851-17161555","210","17160851","17161555","704"
"SL2.50ch04:17249218-17250111","88","17249218","17250111","893"
"SL2.50ch04:17251619-17251994","49","17251619","17251994","375"
"SL2.50ch04:18560488-18561075","843","18560488","18561075","587"
"SL2.50ch04:18560554-18561096","841","18560554","18561096","542"
"SL2.50ch04:19878321-19878696","48","19878321","19878696","375"
"SL2.50ch04:20399812-20400187","44","20399812","20400187","375"
"SL2.50ch04:20722013-20722494","59","20722013","20722494","481"
"SL2.50ch04:20773780-20774549","83","20773780","20774549","769"
"SL2.50ch04:21059530-21059905","46","21059530","21059905","375"
"SL2.50ch04:21369111-21369486","43","21369111","21369486","375"
"SL2.50ch04:21474510-21475246","62","21474510","21475246","736"
"SL2.50ch04:21979423-21979950","65","21979423","21979950","527"
"SL2.50ch04:24046018-24046963","109","24046018","24046963","945"
"SL2.50ch04:248030-248432","106","248030","248432","402"
"SL2.50ch04:25230288-25230780","50","25230288","25230780","492"
"SL2.50ch04:26075214-26075689","47","26075214","26075689","475"
"SL2.50ch04:26395424-26397215","165","26395424","26397215","1791"
"SL2.50ch04:26620940-26622083","137","26620940","26622083","1143"
"SL2.50ch04:26655663-26657240","163","26655663","26657240","1577"
"SL2.50ch04:26669361-26671911","246","26669361","26671911","2550"
"SL2.50ch04:26674539-26675115","58","26674539","26675115","576"
"SL2.50ch04:26705733-26708543","305","26705733","26708543","2810"
"SL2.50ch04:26707198-26708153","120","26707198","26708153","955"
"SL2.50ch04:26712301-26716719","420","26712301","26716719","4418"
"SL2.50ch04:26717448-26722901","559","26717448","26722901","5453"
"SL2.50ch04:26721964-26722601","83","26721964","26722601","637"
"SL2.50ch04:26757403-26764442","670","26757403","26764442","7039"
"SL2.50ch04:26778881-26785520","626","26778881","26785520","6639"
"SL2.50ch04:26795859-26796448","54","26795859","26796448","589"
"SL2.50ch04:26825939-26827886","239","26825939","26827886","1947"
"SL2.50ch04:26834101-26837317","304","26834101","26837317","3216"
"SL2.50ch04:26837800-26842030","444","26837800","26842030","4230"
"SL2.50ch04:26842476-26843087","64","26842476","26843087","611"
"SL2.50ch04:27596327-27597043","72","27596327","27597043","716"
"SL2.50ch04:28236598-28236973","47","28236598","28236973","375"
"SL2.50ch04:28522434-28523268","74","28522434","28523268","834"
"SL2.50ch04:28683585-28684526","84","28683585","28684526","941"
"SL2.50ch04:28706517-28706892","47","28706517","28706892","375"
"SL2.50ch04:28822623-28823312","61","28822623","28823312","689"
"SL2.50ch04:29184607-29186133","148","29184607","29186133","1526"
"SL2.50ch04:30142865-30143540","285","30142865","30143540","675"
"SL2.50ch04:31278302-31278785","63","31278302","31278785","483"
"SL2.50ch04:31286822-31287586","1613","31286822","31287586","764"
"SL2.50ch04:31286912-31287515","1604","31286912","31287515","603"
"SL2.50ch04:31883443-31883818","45","31883443","31883818","375"
"SL2.50ch04:32073532-32073907","46","32073532","32073907","375"
"SL2.50ch04:32664006-32664594","58","32664006","32664594","588"
"SL2.50ch04:33195737-33196632","73","33195737","33196632","895"
"SL2.50ch04:33411788-33412553","239","33411788","33412553","765"
"SL2.50ch04:33411857-33412482","234","33411857","33412482","625"
"SL2.50ch04:33600068-33600848","262","33600068","33600848","780"
"SL2.50ch04:33600221-33600711","254","33600221","33600711","490"
"SL2.50ch04:33964712-33965872","1541","33964712","33965872","1160"
"SL2.50ch04:33966316-33967439","1027","33966316","33967439","1123"
"SL2.50ch04:35556262-35557403","108","35556262","35557403","1141"
"SL2.50ch04:35724231-35724606","46","35724231","35724606","375"
"SL2.50ch04:36421237-36421612","47","36421237","36421612","375"
"SL2.50ch04:37931966-37932599","52","37931966","37932599","633"
"SL2.50ch04:4062224-4062839","151","4062224","4062839","615"
"SL2.50ch04:4062368-4062840","148","4062368","4062840","472"
"SL2.50ch04:40873440-40873972","64","40873440","40873972","532"
"SL2.50ch04:41198237-41199273","157","41198237","41199273","1036"
"SL2.50ch04:41198767-41199169","100","41198767","41199169","402"
"SL2.50ch04:41209844-41211136","174","41209844","41211136","1292"
"SL2.50ch04:41210288-41210690","95","41210288","41210690","402"
"SL2.50ch04:41212108-41212910","321","41212108","41212910","802"
"SL2.50ch04:41212181-41214051","486","41212181","41214051","1870"
"SL2.50ch04:42479013-42479482","53","42479013","42479482","469"
"SL2.50ch04:42564984-42565487","118","42564984","42565487","503"
"SL2.50ch04:42863763-42864367","74","42863763","42864367","604"
"SL2.50ch04:42863868-42864270","66","42863868","42864270","402"
"SL2.50ch04:43245790-43246413","140","43245790","43246413","623"
"SL2.50ch04:4481891-4482361","157","4481891","4482361","470"
"SL2.50ch04:4481981-4482383","155","4481981","4482383","402"
"SL2.50ch04:45285911-45287297","110","45285911","45287297","1386"
"SL2.50ch04:48279789-48280361","86","48279789","48280361","572"
"SL2.50ch04:49036971-49038698","151","49036971","49038698","1727"
"SL2.50ch04:49143558-49143933","43","49143558","49143933","375"
"SL2.50ch04:49645104-49645946","91","49645104","49645946","842"
"SL2.50ch04:50234340-50234809","61","50234340","50234809","469"
"SL2.50ch04:50472460-50472835","45","50472460","50472835","375"
"SL2.50ch04:51278355-51279207","84","51278355","51279207","852"
"SL2.50ch04:51485000-51485853","75","51485000","51485853","853"
"SL2.50ch04:51635479-51636070","61","51635479","51636070","591"
"SL2.50ch04:53908837-53910787","330","53908837","53910787","1950"
"SL2.50ch04:54906279-54907178","91","54906279","54907178","899"
"SL2.50ch04:55562801-55563366","87","55562801","55563366","565"
"SL2.50ch04:55565029-55568902","505","55565029","55568902","3873"
"SL2.50ch04:56149404-56149902","235","56149404","56149902","498"
"SL2.50ch04:56149433-56149923","224","56149433","56149923","490"
"SL2.50ch04:58235758-58236265","585","58235758","58236265","507"
"SL2.50ch04:64832233-64832635","486","64832233","64832635","402"
"SL2.50ch04:65387298-65387815","656","65387298","65387815","517"
"SL2.50ch04:6910496-6910986","733","6910496","6910986","490"
"SL2.50ch04:7364261-7369138","505","7364261","7369138","4877"
"SL2.50ch04:7371892-7377121","551","7371892","7377121","5229"
"SL2.50ch04:7380735-7382481","174","7380735","7382481","1746"
"SL2.50ch04:7382991-7384030","100","7382991","7384030","1039"
"SL2.50ch04:7386752-7387485","86","7386752","7387485","733"
"SL2.50ch04:7459635-7460520","90","7459635","7460520","885"
"SL2.50ch05:10221775-10222463","98","10221775","10222463","688"
"SL2.50ch05:11785098-11785615","289","11785098","11785615","517"
"SL2.50ch05:12450271-12450772","59","12450271","12450772","501"
"SL2.50ch05:124759-125269","175","124759","125269","510"
"SL2.50ch05:124783-125158","170","124783","125158","375"
"SL2.50ch05:14605812-14607111","7475","14605812","14607111","1299"
"SL2.50ch05:14606104-14607177","7468","14606104","14607177","1073"
"SL2.50ch05:14690339-14690813","52","14690339","14690813","474"
"SL2.50ch05:16694334-16695352","94","16694334","16695352","1018"
"SL2.50ch05:16723083-16723458","50","16723083","16723458","375"
"SL2.50ch05:16979697-16980582","89","16979697","16980582","885"
"SL2.50ch05:17037597-17038067","59","17037597","17038067","470"
"SL2.50ch05:17039214-17042071","265","17039214","17042071","2857"
"SL2.50ch05:17047401-17049149","180","17047401","17049149","1748"
"SL2.50ch05:17049999-17051202","97","17049999","17051202","1203"
"SL2.50ch05:17051674-17053585","226","17051674","17053585","1911"
"SL2.50ch05:17159967-17160908","89","17159967","17160908","941"
"SL2.50ch05:17351314-17351783","65","17351314","17351783","469"
"SL2.50ch05:17385040-17386799","148","17385040","17386799","1759"
"SL2.50ch05:17470266-17470748","51","17470266","17470748","482"
"SL2.50ch05:18101997-18104616","221","18101997","18104616","2619"
"SL2.50ch05:18552024-18552965","79","18552024","18552965","941"
"SL2.50ch05:19596372-19596747","48","19596372","19596747","375"
"SL2.50ch05:1959664-1960304","75","1959664","1960304","640"
"SL2.50ch05:19600676-19604409","410","19600676","19604409","3733"
"SL2.50ch05:19605239-19606212","89","19605239","19606212","973"
"SL2.50ch05:19607655-19608710","100","19607655","19608710","1055"
"SL2.50ch05:19639952-19645121","581","19639952","19645121","5169"
"SL2.50ch05:19649748-19655004","479","19649748","19655004","5256"
"SL2.50ch05:19672296-19678999","629","19672296","19678999","6703"
"SL2.50ch05:19691784-19692791","92","19691784","19692791","1007"
"SL2.50ch05:19710141-19716979","707","19710141","19716979","6838"
"SL2.50ch05:19834195-19835596","145","19834195","19835596","1401"
"SL2.50ch05:19838872-19840504","171","19838872","19840504","1632"
"SL2.50ch05:19852665-19856166","425","19852665","19856166","3501"
"SL2.50ch05:19856497-19856899","46","19856497","19856899","402"
"SL2.50ch05:20464725-20465198","52","20464725","20465198","473"
"SL2.50ch05:20931305-20931870","64","20931305","20931870","565"
"SL2.50ch05:2203006-2203774","627","2203006","2203774","768"
"SL2.50ch05:2203064-2203696","627","2203064","2203696","632"
"SL2.50ch05:23493368-23493743","82","23493368","23493743","375"
"SL2.50ch05:24103540-24104273","78","24103540","24104273","733"
"SL2.50ch05:24361724-24362496","458","24361724","24362496","772"
"SL2.50ch05:24361765-24362394","449","24361765","24362394","629"
"SL2.50ch05:25812465-25813284","2380","25812465","25813284","819"
"SL2.50ch05:25812610-25813324","2362","25812610","25813324","714"
"SL2.50ch05:26626503-26626905","904","26626503","26626905","402"
"SL2.50ch05:26632661-26633731","110","26632661","26633731","1070"
"SL2.50ch05:27250714-27251089","37","27250714","27251089","375"
"SL2.50ch05:27332290-27332780","169","27332290","27332780","490"
"SL2.50ch05:27332339-27332714","169","27332339","27332714","375"
"SL2.50ch05:28102352-28102954","62","28102352","28102954","602"
"SL2.50ch05:28301241-28302022","3436","28301241","28302022","781"
"SL2.50ch05:28301334-28301960","3431","28301334","28301960","626"
"SL2.50ch05:29407450-29407825","52","29407450","29407825","375"
"SL2.50ch05:29577080-29577455","42","29577080","29577455","375"
"SL2.50ch05:30101233-30101608","48","30101233","30101608","375"
"SL2.50ch05:30135085-30135988","79","30135085","30135988","903"
"SL2.50ch05:30137680-30138917","260","30137680","30138917","1237"
"SL2.50ch05:30137755-30138678","248","30137755","30138678","923"
"SL2.50ch05:30147666-30148456","180","30147666","30148456","790"
"SL2.50ch05:30149749-30150226","45","30149749","30150226","477"
"SL2.50ch05:30155193-30155675","65","30155193","30155675","482"
"SL2.50ch05:30156832-30157338","160","30156832","30157338","506"
"SL2.50ch05:30156848-30157316","156","30156848","30157316","468"
"SL2.50ch05:31170466-31171574","97","31170466","31171574","1108"
"SL2.50ch05:31776383-31776892","574","31776383","31776892","509"
"SL2.50ch05:32634842-32635820","104","32634842","32635820","978"
"SL2.50ch05:33142930-33143667","70","33142930","33143667","737"
"SL2.50ch05:34059111-34059601","803","34059111","34059601","490"
"SL2.50ch05:34096133-34097461","7178","34096133","34097461","1328"
"SL2.50ch05:34096262-34097363","7171","34096262","34097363","1101"
"SL2.50ch05:34099408-34100973","42296","34099408","34100973","1565"
"SL2.50ch05:34099468-34100859","42288","34099468","34100859","1391"
"SL2.50ch05:35698420-35699648","487","35698420","35699648","1228"
"SL2.50ch05:35698569-35699548","478","35698569","35699548","979"
"SL2.50ch05:36600134-36600509","42","36600134","36600509","375"
"SL2.50ch05:36816130-36816505","49","36816130","36816505","375"
"SL2.50ch05:36962613-36963103","454","36962613","36963103","490"
"SL2.50ch05:36962627-36963125","454","36962627","36963125","498"
"SL2.50ch05:37476736-37477111","46","37476736","37477111","375"
"SL2.50ch05:40067674-40069045","348","40067674","40069045","1371"
"SL2.50ch05:40068113-40069049","322","40068113","40069049","936"
"SL2.50ch05:41165357-41165846","46","41165357","41165846","489"
"SL2.50ch05:41940526-41940901","45","41940526","41940901","375"
"SL2.50ch05:41976040-41976415","42","41976040","41976415","375"
"SL2.50ch05:42985477-42985949","72","42985477","42985949","472"
"SL2.50ch05:42985495-42985999","75","42985495","42985999","504"
"SL2.50ch05:45135206-45136043","1765","45135206","45136043","837"
"SL2.50ch05:45135258-45135873","1756","45135258","45135873","615"
"SL2.50ch05:47140025-47140809","63","47140025","47140809","784"
"SL2.50ch05:47294704-47295828","105","47294704","47295828","1124"
"SL2.50ch05:47551289-47551880","65","47551289","47551880","591"
"SL2.50ch05:47671730-47672105","52","47671730","47672105","375"
"SL2.50ch05:48166716-48167327","70","48166716","48167327","611"
"SL2.50ch05:48423913-48424315","148","48423913","48424315","402"
"SL2.50ch05:49228459-49228834","47","49228459","49228834","375"
"SL2.50ch05:49830583-49830958","64","49830583","49830958","375"
"SL2.50ch05:49929704-49930705","277","49929704","49930705","1001"
"SL2.50ch05:49929897-49930538","266","49929897","49930538","641"
"SL2.50ch05:51313961-51315479","9122","51313961","51315479","1518"
"SL2.50ch05:51314130-51315314","9104","51314130","51315314","1184"
"SL2.50ch05:51316938-51317633","91","51316938","51317633","695"
"SL2.50ch05:51317025-51317543","83","51317025","51317543","518"
"SL2.50ch05:51467477-51468328","141","51467477","51468328","851"
"SL2.50ch05:5398937-5399493","59","5398937","5399493","556"
"SL2.50ch05:56673377-56673752","40","56673377","56673752","375"
"SL2.50ch05:56705687-56706449","131","56705687","56706449","762"
"SL2.50ch05:56705909-56706311","111","56705909","56706311","402"
"SL2.50ch05:57568564-57573125","2050","57568564","57573125","4561"
"SL2.50ch05:57569065-57571282","595","57569065","57571282","2217"
"SL2.50ch05:57571670-57573071","1356","57571670","57573071","1401"
"SL2.50ch05:57574567-57576582","778","57574567","57576582","2015"
"SL2.50ch05:57574895-57576031","725","57574895","57576031","1136"
"SL2.50ch05:57583723-57584484","153","57583723","57584484","761"
"SL2.50ch05:57583750-57584573","157","57583750","57584573","823"
"SL2.50ch05:57990456-57991043","56","57990456","57991043","587"
"SL2.50ch05:58886943-58888070","147","58886943","58888070","1127"
"SL2.50ch05:58887104-58887646","92","58887104","58887646","542"
"SL2.50ch05:58892060-58892860","4741","58892060","58892860","800"
"SL2.50ch05:58892105-58892790","4739","58892105","58892790","685"
"SL2.50ch05:60997404-60998305","405","60997404","60998305","901"
"SL2.50ch05:60997419-60998286","401","60997419","60998286","867"
"SL2.50ch05:62772343-62773063","1166","62772343","62773063","720"
"SL2.50ch05:62772472-62772980","1152","62772472","62772980","508"
"SL2.50ch05:62857695-62858167","102","62857695","62858167","472"
"SL2.50ch05:62857730-62858132","99","62857730","62858132","402"
"SL2.50ch05:64808123-64809136","184","64808123","64809136","1013"
"SL2.50ch05:6498327-6499129","4593","6498327","6499129","802"
"SL2.50ch05:6498340-6499318","4594","6498340","6499318","978"
"SL2.50ch05:6728431-6728921","213","6728431","6728921","490"
"SL2.50ch05:6773480-6774045","467","6773480","6774045","565"
"SL2.50ch05:6773513-6774003","466","6773513","6774003","490"
"SL2.50ch05:8435969-8436440","54","8435969","8436440","471"
"SL2.50ch05:8891224-8892218","82","8891224","8892218","994"
"SL2.50ch05:9087602-9088399","84","9087602","9088399","797"
"SL2.50ch05:932544-933080","59","932544","933080","536"
"SL2.50ch05:9672010-9673035","85","9672010","9673035","1025"
"SL2.50ch06:10946406-10946781","49","10946406","10946781","375"
"SL2.50ch06:10947690-10948333","109","10947690","10948333","643"
"SL2.50ch06:10947723-10948504","117","10947723","10948504","781"
"SL2.50ch06:10950419-10951848","283","10950419","10951848","1429"
"SL2.50ch06:10951139-10951768","187","10951139","10951768","629"
"SL2.50ch06:10957290-10958336","207","10957290","10958336","1046"
"SL2.50ch06:10957404-10958264","197","10957404","10958264","860"
"SL2.50ch06:10960949-10962258","220","10960949","10962258","1309"
"SL2.50ch06:10961192-10962318","201","10961192","10962318","1126"
"SL2.50ch06:10963237-10964462","219","10963237","10964462","1225"
"SL2.50ch06:10963704-10964378","117","10963704","10964378","674"
"SL2.50ch06:10965818-10966637","229","10965818","10966637","819"
"SL2.50ch06:10965974-10966580","211","10965974","10966580","606"
"SL2.50ch06:10968849-10970164","379","10968849","10970164","1315"
"SL2.50ch06:10968874-10970273","373","10968874","10970273","1399"
"SL2.50ch06:10971739-10972830","399","10971739","10972830","1091"
"SL2.50ch06:10971756-10972893","399","10971756","10972893","1137"
"SL2.50ch06:10979435-10980097","201","10979435","10980097","662"
"SL2.50ch06:10979499-10980082","188","10979499","10980082","583"
"SL2.50ch06:10982149-10982966","211","10982149","10982966","817"
"SL2.50ch06:10982192-10983000","204","10982192","10983000","808"
"SL2.50ch06:10986800-10990160","834","10986800","10990160","3360"
"SL2.50ch06:10986803-10990089","834","10986803","10990089","3286"
"SL2.50ch06:10996599-10999028","575","10996599","10999028","2429"
"SL2.50ch06:10996667-10998928","565","10996667","10998928","2261"
"SL2.50ch06:11000039-11000967","548","11000039","11000967","928"
"SL2.50ch06:11000042-11000979","548","11000042","11000979","937"
"SL2.50ch06:11008968-11009484","116","11008968","11009484","516"
"SL2.50ch06:11008998-11014464","1075","11008998","11014464","5466"
"SL2.50ch06:11009993-11014385","896","11009993","11014385","4392"
"SL2.50ch06:11019623-11027377","2690","11019623","11027377","7754"
"SL2.50ch06:11019663-11027361","2690","11019663","11027361","7698"
"SL2.50ch06:11032885-11037142","1274","11032885","11037142","4257"
"SL2.50ch06:11032913-11036993","1266","11032913","11036993","4080"
"SL2.50ch06:11037846-11040202","759","11037846","11040202","2356"
"SL2.50ch06:11037848-11040368","765","11037848","11040368","2520"
"SL2.50ch06:11040975-11044012","909","11040975","11044012","3037"
"SL2.50ch06:11040994-11044052","909","11040994","11044052","3058"
"SL2.50ch06:11050075-11054389","1552","11050075","11054389","4314"
"SL2.50ch06:11050100-11054316","1552","11050100","11054316","4216"
"SL2.50ch06:11063385-11064584","130","11063385","11064584","1199"
"SL2.50ch06:11088653-11090639","229","11088653","11090639","1986"
"SL2.50ch06:11092108-11092483","49","11092108","11092483","375"
"SL2.50ch06:11101527-11102398","155","11101527","11102398","871"
"SL2.50ch06:11121982-11124438","700","11121982","11124438","2456"
"SL2.50ch06:11122106-11124460","689","11122106","11124460","2354"
"SL2.50ch06:11125035-11127101","370","11125035","11127101","2066"
"SL2.50ch06:11125555-11127032","305","11125555","11127032","1477"
"SL2.50ch06:11127599-11128855","247","11127599","11128855","1256"
"SL2.50ch06:11137678-11138080","84","11137678","11138080","402"
"SL2.50ch06:11142260-11147791","1071","11142260","11147791","5531"
"SL2.50ch06:11142264-11149330","1196","11142264","11149330","7066"
"SL2.50ch06:11150074-11152488","904","11150074","11152488","2414"
"SL2.50ch06:11186558-11187865","229","11186558","11187865","1307"
"SL2.50ch06:11194871-11195361","437","11194871","11195361","490"
"SL2.50ch06:11232084-11232643","104","11232084","11232643","559"
"SL2.50ch06:11242479-11243580","128","11242479","11243580","1101"
"SL2.50ch06:11249527-11251064","151","11249527","11251064","1537"
"SL2.50ch06:11251623-11252887","148","11251623","11252887","1264"
"SL2.50ch06:11281571-11283224","190","11281571","11283224","1653"
"SL2.50ch06:11284966-11285462","53","11284966","11285462","496"
"SL2.50ch06:11403082-11403457","44","11403082","11403457","375"
"SL2.50ch06:11534187-11534803","440","11534187","11534803","616"
"SL2.50ch06:11537547-11538159","207","11537547","11538159","612"
"SL2.50ch06:11555872-11556484","827","11555872","11556484","612"
"SL2.50ch06:11558107-11558719","557","11558107","11558719","612"
"SL2.50ch06:11564966-11565573","165","11564966","11565573","607"
"SL2.50ch06:11564973-11565846","178","11564973","11565846","873"
"SL2.50ch06:11566596-11567349","336","11566596","11567349","753"
"SL2.50ch06:11567625-11569107","171","11567625","11569107","1482"
"SL2.50ch06:11578294-11578894","101","11578294","11578894","600"
"SL2.50ch06:11578367-11578928","96","11578367","11578928","561"
"SL2.50ch06:11581359-11581971","139","11581359","11581971","612"
"SL2.50ch06:11586601-11587003","87","11586601","11587003","402"
"SL2.50ch06:11590094-11593520","534","11590094","11593520","3426"
"SL2.50ch06:11599666-11601367","270","11599666","11601367","1701"
"SL2.50ch06:11604823-11606584","274","11604823","11606584","1761"
"SL2.50ch06:11605426-11606268","195","11605426","11606268","842"
"SL2.50ch06:11607704-11609191","505","11607704","11609191","1487"
"SL2.50ch06:11607763-11609274","496","11607763","11609274","1511"
"SL2.50ch06:11610985-11612389","279","11610985","11612389","1404"
"SL2.50ch06:11611117-11612311","262","11611117","11612311","1194"
"SL2.50ch06:11615330-11616382","158","11615330","11616382","1052"
"SL2.50ch06:11620070-11620580","67","11620070","11620580","510"
"SL2.50ch06:11622767-11624432","585","11622767","11624432","1665"
"SL2.50ch06:11622839-11624605","580","11622839","11624605","1766"
"SL2.50ch06:11632062-11632714","365","11632062","11632714","652"
"SL2.50ch06:11632067-11632732","365","11632067","11632732","665"
"SL2.50ch06:11634541-11636861","842","11634541","11636861","2320"
"SL2.50ch06:11634582-11636856","842","11634582","11636856","2274"
"SL2.50ch06:12253792-12255393","450","12253792","12255393","1601"
"SL2.50ch06:12253946-12255434","448","12253946","12255434","1488"
"SL2.50ch06:12260836-12261238","97","12260836","12261238","402"
"SL2.50ch06:12260932-12261847","155","12260932","12261847","915"
"SL2.50ch06:12263990-12268177","1953","12263990","12268177","4187"
"SL2.50ch06:12263995-12269859","2169","12263995","12269859","5864"
"SL2.50ch06:12268952-12269454","110","12268952","12269454","502"
"SL2.50ch06:12271732-12272338","136","12271732","12272338","606"
"SL2.50ch06:12276344-12278623","267","12276344","12278623","2279"
"SL2.50ch06:12276374-12276776","88","12276374","12276776","402"
"SL2.50ch06:12283739-12284815","114","12283739","12284815","1076"
"SL2.50ch06:12296111-12296601","272","12296111","12296601","490"
"SL2.50ch06:12375345-12376977","158","12375345","12376977","1632"
"SL2.50ch06:12380252-12382058","267","12380252","12382058","1806"
"SL2.50ch06:12387063-12389014","185","12387063","12389014","1951"
"SL2.50ch06:12392143-12392763","67","12392143","12392763","620"
"SL2.50ch06:12402165-12402540","46","12402165","12402540","375"
"SL2.50ch06:12431451-12433857","212","12431451","12433857","2406"
"SL2.50ch06:12447289-12448805","239","12447289","12448805","1516"
"SL2.50ch06:12449493-12450841","120","12449493","12450841","1348"
"SL2.50ch06:12457559-12459263","172","12457559","12459263","1704"
"SL2.50ch06:12465109-12465990","105","12465109","12465990","881"
"SL2.50ch06:12477838-12478858","111","12477838","12478858","1020"
"SL2.50ch06:12482968-12484779","165","12482968","12484779","1811"
"SL2.50ch06:12488303-12489856","180","12488303","12489856","1553"
"SL2.50ch06:12492685-12493828","117","12492685","12493828","1143"
"SL2.50ch06:12504601-12506605","209","12504601","12506605","2004"
"SL2.50ch06:12507326-12508268","121","12507326","12508268","942"
"SL2.50ch06:12533674-12534900","139","12533674","12534900","1226"
"SL2.50ch06:12562663-12564129","127","12562663","12564129","1466"
"SL2.50ch06:12579820-12580762","98","12579820","12580762","942"
"SL2.50ch06:12602997-12604244","131","12602997","12604244","1247"
"SL2.50ch06:12606000-12607139","132","12606000","12607139","1139"
"SL2.50ch06:12618856-12619563","72","12618856","12619563","707"
"SL2.50ch06:12621804-12623260","185","12621804","12623260","1456"
"SL2.50ch06:12642682-12643616","102","12642682","12643616","934"
"SL2.50ch06:12655595-12656931","132","12655595","12656931","1336"
"SL2.50ch06:12659346-12659814","54","12659346","12659814","468"
"SL2.50ch06:12667513-12670001","229","12667513","12670001","2488"
"SL2.50ch06:12673868-12675784","200","12673868","12675784","1916"
"SL2.50ch06:12691023-12692471","155","12691023","12692471","1448"
"SL2.50ch06:12715474-12716891","145","12715474","12716891","1417"
"SL2.50ch06:12741197-12743812","223","12741197","12743812","2615"
"SL2.50ch06:12754105-12754923","79","12754105","12754923","818"
"SL2.50ch06:12772546-12774247","219","12772546","12774247","1701"
"SL2.50ch06:12779180-12780745","158","12779180","12780745","1565"
"SL2.50ch06:12849408-12850272","430","12849408","12850272","864"
"SL2.50ch06:12849430-12850318","433","12849430","12850318","888"
"SL2.50ch06:12853054-12853456","50","12853054","12853456","402"
"SL2.50ch06:12880369-12882549","221","12880369","12882549","2180"
"SL2.50ch06:12904330-12905284","113","12904330","12905284","954"
"SL2.50ch06:12911795-12912848","102","12911795","12912848","1053"
"SL2.50ch06:12927539-12930895","337","12927539","12930895","3356"
"SL2.50ch06:12935094-12935563","60","12935094","12935563","469"
"SL2.50ch06:12944847-12945380","63","12944847","12945380","533"
"SL2.50ch06:12978564-12978939","43","12978564","12978939","375"
"SL2.50ch06:12987225-12987600","54","12987225","12987600","375"
"SL2.50ch06:12993501-12994303","83","12993501","12994303","802"
"SL2.50ch06:13025796-13026986","104","13025796","13026986","1190"
"SL2.50ch06:13027702-13029858","197","13027702","13029858","2156"
"SL2.50ch06:13035131-13036192","138","13035131","13036192","1061"
"SL2.50ch06:13037463-13040146","245","13037463","13040146","2683"
"SL2.50ch06:13042253-13043575","134","13042253","13043575","1322"
"SL2.50ch06:13045620-13046727","103","13045620","13046727","1107"
"SL2.50ch06:13422386-13423254","1615","13422386","13423254","868"
"SL2.50ch06:13424246-13425133","439","13424246","13425133","887"
"SL2.50ch06:13424254-13425155","442","13424254","13425155","901"
"SL2.50ch06:15863785-15864253","59","15863785","15864253","468"
"SL2.50ch06:16299554-16300320","70","16299554","16300320","766"
"SL2.50ch06:19442474-19442849","46","19442474","19442849","375"
"SL2.50ch06:19446373-19446886","52","19446373","19446886","513"
"SL2.50ch06:19472302-19473254","94","19472302","19473254","952"
"SL2.50ch06:19676262-19680566","492","19676262","19680566","4304"
"SL2.50ch06:19877103-19877664","70","19877103","19877664","561"
"SL2.50ch06:19933156-19934187","95","19933156","19934187","1031"
"SL2.50ch06:20126876-20127614","1913","20126876","20127614","738"
"SL2.50ch06:20128274-20129320","3235","20128274","20129320","1046"
"SL2.50ch06:20128282-20130263","7968","20128282","20130263","1981"
"SL2.50ch06:20129779-20130247","4732","20129779","20130247","468"
"SL2.50ch06:20515044-20515446","266","20515044","20515446","402"
"SL2.50ch06:20964815-20965283","59","20964815","20965283","468"
"SL2.50ch06:21340983-21341385","987","21340983","21341385","402"
"SL2.50ch06:21340983-21341547","994","21340983","21341547","564"
"SL2.50ch06:21522154-21523200","100","21522154","21523200","1046"
"SL2.50ch06:21771348-21772213","158","21771348","21772213","865"
"SL2.50ch06:21771458-21772091","146","21771458","21772091","633"
"SL2.50ch06:21888593-21889067","57","21888593","21889067","474"
"SL2.50ch06:22013353-22014090","67","22013353","22014090","737"
"SL2.50ch06:22674068-22674566","57","22674068","22674566","498"
"SL2.50ch06:24168328-24168968","781","24168328","24168968","640"
"SL2.50ch06:24292005-24292708","94","24292005","24292708","703"
"SL2.50ch06:24536090-24536684","609","24536090","24536684","594"
"SL2.50ch06:2523184-2523674","1270","2523184","2523674","490"
"SL2.50ch06:26056380-26056852","56","26056380","26056852","472"
"SL2.50ch06:26505820-26506408","61","26505820","26506408","588"
"SL2.50ch06:27182233-27182750","856","27182233","27182750","517"
"SL2.50ch06:27219236-27219611","48","27219236","27219611","375"
"SL2.50ch06:27246387-27246762","45","27246387","27246762","375"
"SL2.50ch06:27367795-27368170","46","27367795","27368170","375"
"SL2.50ch06:27436796-27437198","93","27436796","27437198","402"
"SL2.50ch06:27475556-27478013","226","27475556","27478013","2457"
"SL2.50ch06:29196945-29199345","203","29196945","29199345","2400"
"SL2.50ch06:29609666-29610630","103","29609666","29610630","964"
"SL2.50ch06:30951127-30951502","55","30951127","30951502","375"
"SL2.50ch06:31135950-31136539","161","31135950","31136539","589"
"SL2.50ch06:31136046-31136550","165","31136046","31136550","504"
"SL2.50ch06:32398471-32399126","62","32398471","32399126","655"
"SL2.50ch06:32472746-32473580","141","32472746","32473580","834"
"SL2.50ch06:3332759-3333441","85","3332759","3333441","682"
"SL2.50ch06:33858415-33859055","139","33858415","33859055","640"
"SL2.50ch06:33858481-33858856","128","33858481","33858856","375"
"SL2.50ch06:3414131-3415346","185","3414131","3415346","1215"
"SL2.50ch06:3416275-3416978","84","3416275","3416978","703"
"SL2.50ch06:34189577-34189952","42","34189577","34189952","375"
"SL2.50ch06:3440582-3441174","78","3440582","3441174","592"
"SL2.50ch06:3447211-3449683","289","3447211","3449683","2472"
"SL2.50ch06:35232373-35232979","66","35232373","35232979","606"
"SL2.50ch06:35232454-35233130","67","35232454","35233130","676"
"SL2.50ch06:35841331-35842181","98","35841331","35842181","850"
"SL2.50ch06:35848126-35848934","86","35848126","35848934","808"
"SL2.50ch06:36593466-36594178","2198","36593466","36594178","712"
"SL2.50ch06:36593593-36594154","2195","36593593","36594154","561"
"SL2.50ch06:38692646-38693048","164","38692646","38693048","402"
"SL2.50ch06:3923921-3924746","62","3923921","3924746","825"
"SL2.50ch06:39340459-39340949","303","39340459","39340949","490"
"SL2.50ch06:39340474-39340972","305","39340474","39340972","498"
"SL2.50ch06:40138792-40139290","285","40138792","40139290","498"
"SL2.50ch06:40138835-40139354","283","40138835","40139354","519"
"SL2.50ch06:40454177-40455330","114","40454177","40455330","1153"
"SL2.50ch06:4241505-4241907","136","4241505","4241907","402"
"SL2.50ch06:42662776-42663530","2459","42662776","42663530","754"
"SL2.50ch06:42662920-42663448","2450","42662920","42663448","528"
"SL2.50ch06:4357240-4357783","1188","4357240","4357783","543"
"SL2.50ch06:44550669-44551657","103","44550669","44551657","988"
"SL2.50ch06:44655007-44655497","151","44655007","44655497","490"
"SL2.50ch06:44744098-44744642","3085","44744098","44744642","544"
"SL2.50ch06:44744152-44744620","3085","44744152","44744620","468"
"SL2.50ch06:46138783-46140500","1003","46138783","46140500","1717"
"SL2.50ch06:46139900-46140419","846","46139900","46140419","519"
"SL2.50ch06:46145260-46148713","9736","46145260","46148713","3453"
"SL2.50ch06:46145263-46148659","9730","46145263","46148659","3396"
"SL2.50ch06:47239582-47239984","164","47239582","47239984","402"
"SL2.50ch06:47293410-47294104","723","47293410","47294104","694"
"SL2.50ch06:47293568-47294058","721","47293568","47294058","490"
"SL2.50ch06:49737655-49738607","152","49737655","49738607","952"
"SL2.50ch06:5020160-5021283","105","5020160","5021283","1123"
"SL2.50ch06:5039987-5040769","80","5039987","5040769","782"
"SL2.50ch06:5041583-5042558","69","5041583","5042558","975"
"SL2.50ch06:5043143-5045374","214","5043143","5045374","2231"
"SL2.50ch06:5047687-5048863","115","5047687","5048863","1176"
"SL2.50ch06:5059484-5060242","81","5059484","5060242","758"
"SL2.50ch06:5075343-5076357","97","5075343","5076357","1014"
"SL2.50ch06:5118428-5118960","48","5118428","5118960","532"
"SL2.50ch06:5261752-5262254","132","5261752","5262254","502"
"SL2.50ch06:5300730-5301297","106","5300730","5301297","567"
"SL2.50ch06:5300818-5301220","102","5300818","5301220","402"
"SL2.50ch06:5452603-5453175","51","5452603","5453175","572"
"SL2.50ch06:5534297-5535698","266","5534297","5535698","1401"
"SL2.50ch06:5535212-5535614","187","5535212","5535614","402"
"SL2.50ch06:5745929-5747291","126","5745929","5747291","1362"
"SL2.50ch06:5771150-5772119","122","5771150","5772119","969"
"SL2.50ch06:5772988-5773457","59","5772988","5773457","469"
"SL2.50ch06:6317096-6317682","53","6317096","6317682","586"
"SL2.50ch06:6377893-6378409","46","6377893","6378409","516"
"SL2.50ch06:6389691-6390201","395","6389691","6390201","510"
"SL2.50ch06:7153407-7154126","73","7153407","7154126","719"
"SL2.50ch06:7235782-7236157","51","7235782","7236157","375"
"SL2.50ch06:7609794-7610284","149","7609794","7610284","490"
"SL2.50ch06:7753223-7754056","82","7753223","7754056","833"
"SL2.50ch06:8413666-8414041","42","8413666","8414041","375"
"SL2.50ch06:8559912-8561917","204","8559912","8561917","2005"
"SL2.50ch06:8595972-8597144","120","8595972","8597144","1172"
"SL2.50ch07:10330984-10331487","68","10330984","10331487","503"
"SL2.50ch07:10484574-10485384","358","10484574","10485384","810"
"SL2.50ch07:10484695-10485407","348","10484695","10485407","712"
"SL2.50ch07:10490115-10490850","1542","10490115","10490850","735"
"SL2.50ch07:10490242-10490872","1534","10490242","10490872","630"
"SL2.50ch07:11359676-11360051","48","11359676","11360051","375"
"SL2.50ch07:11631133-11631734","57","11631133","11631734","601"
"SL2.50ch07:11633188-11633660","51","11633188","11633660","472"
"SL2.50ch07:11852425-11856905","1426","11852425","11856905","4480"
"SL2.50ch07:11854649-11856819","1004","11854649","11856819","2170"
"SL2.50ch07:12791877-12792490","96","12791877","12792490","613"
"SL2.50ch07:12855807-12856325","54","12855807","12856325","518"
"SL2.50ch07:13215968-13216343","49","13215968","13216343","375"
"SL2.50ch07:13510775-13511856","117","13510775","13511856","1081"
"SL2.50ch07:13703611-13704084","56","13703611","13704084","473"
"SL2.50ch07:14478817-14479429","62","14478817","14479429","612"
"SL2.50ch07:14670431-14670952","44","14670431","14670952","521"
"SL2.50ch07:14879251-14880856","169","14879251","14880856","1605"
"SL2.50ch07:15207359-15207939","60","15207359","15207939","580"
"SL2.50ch07:15364684-15365534","85","15364684","15365534","850"
"SL2.50ch07:15509086-15509461","41","15509086","15509461","375"
"SL2.50ch07:16223192-16226558","317","16223192","16226558","3366"
"SL2.50ch07:16793730-16795427","228","16793730","16795427","1697"
"SL2.50ch07:17357581-17358076","55","17357581","17358076","495"
"SL2.50ch07:18155913-18156854","298","18155913","18156854","941"
"SL2.50ch07:18155996-18156486","278","18155996","18156486","490"
"SL2.50ch07:18257099-18259691","233","18257099","18259691","2592"
"SL2.50ch07:18723447-18723990","60","18723447","18723990","543"
"SL2.50ch07:19363002-19363653","75","19363002","19363653","651"
"SL2.50ch07:19794728-19795857","119","19794728","19795857","1129"
"SL2.50ch07:19803738-19805595","187","19803738","19805595","1857"
"SL2.50ch07:19807330-19812504","621","19807330","19812504","5174"
"SL2.50ch07:19831167-19835424","420","19831167","19835424","4257"
"SL2.50ch07:19838534-19839278","78","19838534","19839278","744"
"SL2.50ch07:19842461-19843414","114","19842461","19843414","953"
"SL2.50ch07:19847505-19849329","245","19847505","19849329","1824"
"SL2.50ch07:19862863-19866371","391","19862863","19866371","3508"
"SL2.50ch07:19871390-19873872","204","19871390","19873872","2482"
"SL2.50ch07:19880668-19881287","292","19880668","19881287","619"
"SL2.50ch07:19882133-19882812","118","19882133","19882812","679"
"SL2.50ch07:19882213-19882882","123","19882213","19882882","669"
"SL2.50ch07:19886196-19887691","225","19886196","19887691","1495"
"SL2.50ch07:19950395-19950978","70","19950395","19950978","583"
"SL2.50ch07:19983938-19984833","102","19983938","19984833","895"
"SL2.50ch07:20362429-20362966","54","20362429","20362966","537"
"SL2.50ch07:20482154-20482529","40","20482154","20482529","375"
"SL2.50ch07:20862124-20862962","88","20862124","20862962","838"
"SL2.50ch07:21109522-21110259","88","21109522","21110259","737"
"SL2.50ch07:21158805-21159733","93","21158805","21159733","928"
"SL2.50ch07:22267574-22267949","40","22267574","22267949","375"
"SL2.50ch07:23178828-23179371","61","23178828","23179371","543"
"SL2.50ch07:23705203-23705721","50","23705203","23705721","518"
"SL2.50ch07:23731754-23732129","41","23731754","23732129","375"
"SL2.50ch07:24165265-24165640","48","24165265","24165640","375"
"SL2.50ch07:24197521-24197896","47","24197521","24197896","375"
"SL2.50ch07:24678668-24679043","43","24678668","24679043","375"
"SL2.50ch07:24747101-24747570","56","24747101","24747570","469"
"SL2.50ch07:25085594-25085969","53","25085594","25085969","375"
"SL2.50ch07:25270007-25270603","72","25270007","25270603","596"
"SL2.50ch07:25828749-25829260","64","25828749","25829260","511"
"SL2.50ch07:26467698-26468166","72","26467698","26468166","468"
"SL2.50ch07:27088118-27088667","54","27088118","27088667","549"
"SL2.50ch07:27171286-27171661","45","27171286","27171661","375"
"SL2.50ch07:27291139-27291786","104","27291139","27291786","647"
"SL2.50ch07:27291165-27291868","101","27291165","27291868","703"
"SL2.50ch07:28302934-28303544","2319","28302934","28303544","610"
"SL2.50ch07:28303049-28303517","2315","28303049","28303517","468"
"SL2.50ch07:29209638-29210040","386","29209638","29210040","402"
"SL2.50ch07:29426734-29427203","62","29426734","29427203","469"
"SL2.50ch07:29887449-29887958","58","29887449","29887958","509"
"SL2.50ch07:29919954-29920437","50","29919954","29920437","483"
"SL2.50ch07:2999403-3000995","264","2999403","3000995","1592"
"SL2.50ch07:2999672-3000302","179","2999672","3000302","630"
"SL2.50ch07:30150602-30151092","415","30150602","30151092","490"
"SL2.50ch07:30175177-30175660","50","30175177","30175660","483"
"SL2.50ch07:30902000-30903467","361","30902000","30903467","1467"
"SL2.50ch07:30902001-30903455","361","30902001","30903455","1454"
"SL2.50ch07:30904019-30904523","138","30904019","30904523","504"
"SL2.50ch07:30904026-30904590","140","30904026","30904590","564"
"SL2.50ch07:30906020-30906631","465","30906020","30906631","611"
"SL2.50ch07:3184708-3185110","664","3184708","3185110","402"
"SL2.50ch07:32432796-32433583","1506","32432796","32433583","787"
"SL2.50ch07:32432891-32433453","1498","32432891","32433453","562"
"SL2.50ch07:3372-4110","828","3372","4110","738"
"SL2.50ch07:34209928-34210528","45","34209928","34210528","600"
"SL2.50ch07:34439127-34439673","55","34439127","34439673","546"
"SL2.50ch07:34595240-34595615","49","34595240","34595615","375"
"SL2.50ch07:34915326-34915920","54","34915326","34915920","594"
"SL2.50ch07:35058834-35059437","46","35058834","35059437","603"
"SL2.50ch07:36068592-36069317","83","36068592","36069317","725"
"SL2.50ch07:37273451-37273949","57","37273451","37273949","498"
"SL2.50ch07:3774743-3776382","220","3774743","3776382","1639"
"SL2.50ch07:38058364-38058833","49","38058364","38058833","469"
"SL2.50ch07:38160847-38161662","86","38160847","38161662","815"
"SL2.50ch07:38212908-38213396","52","38212908","38213396","488"
"SL2.50ch07:4007281-4008058","333","4007281","4008058","777"
"SL2.50ch07:4007379-4008043","333","4007379","4008043","664"
"SL2.50ch07:40130551-40130926","51","40130551","40130926","375"
"SL2.50ch07:40168529-40169090","65","40168529","40169090","561"
"SL2.50ch07:40295479-40296056","63","40295479","40296056","577"
"SL2.50ch07:41249675-41250932","100","41249675","41250932","1257"
"SL2.50ch07:41360345-41360720","48","41360345","41360720","375"
"SL2.50ch07:44009853-44010353","58","44009853","44010353","500"
"SL2.50ch07:44373038-44373861","76","44373038","44373861","823"
"SL2.50ch07:44663230-44663705","53","44663230","44663705","475"
"SL2.50ch07:45274098-45275110","113","45274098","45275110","1012"
"SL2.50ch07:45482513-45482888","45","45482513","45482888","375"
"SL2.50ch07:46279404-46280757","145","46279404","46280757","1353"
"SL2.50ch07:4794178-4794650","50","4794178","4794650","472"
"SL2.50ch07:48383329-48383933","60","48383329","48383933","604"
"SL2.50ch07:48899122-48899639","56","48899122","48899639","517"
"SL2.50ch07:49605353-49605728","34","49605353","49605728","375"
"SL2.50ch07:50218720-50219647","129","50218720","50219647","927"
"SL2.50ch07:50218764-50219166","96","50218764","50219166","402"
"SL2.50ch07:50387754-50388861","105","50387754","50388861","1107"
"SL2.50ch07:50623523-50623994","89","50623523","50623994","471"
"SL2.50ch07:51235860-51236437","713","51235860","51236437","577"
"SL2.50ch07:52229731-52230258","142","52229731","52230258","527"
"SL2.50ch07:52294483-52295151","67","52294483","52295151","668"
"SL2.50ch07:52522616-52524449","161","52522616","52524449","1833"
"SL2.50ch07:53599442-53600287","68","53599442","53600287","845"
"SL2.50ch07:53965457-53966247","82","53965457","53966247","790"
"SL2.50ch07:53975469-53975871","313","53975469","53975871","402"
"SL2.50ch07:5413089-5413754","98","5413089","5413754","665"
"SL2.50ch07:5413298-5414032","110","5413298","5414032","734"
"SL2.50ch07:5449682-5452325","282","5449682","5452325","2643"
"SL2.50ch07:54736705-54737343","204","54736705","54737343","638"
"SL2.50ch07:54736841-54737354","199","54736841","54737354","513"
"SL2.50ch07:55282802-55283204","192","55282802","55283204","402"
"SL2.50ch07:55623508-55624399","105","55623508","55624399","891"
"SL2.50ch07:55632576-55633447","109","55632576","55633447","871"
"SL2.50ch07:55632801-55633422","99","55632801","55633422","621"
"SL2.50ch07:5584399-5585220","96","5584399","5585220","821"
"SL2.50ch07:5586890-5587265","61","5586890","5587265","375"
"SL2.50ch07:56754891-56755463","66","56754891","56755463","572"
"SL2.50ch07:56757127-56757897","78","56757127","56757897","770"
"SL2.50ch07:57398872-57400681","184","57398872","57400681","1809"
"SL2.50ch07:57403887-57404531","61","57403887","57404531","644"
"SL2.50ch07:57406693-57407290","66","57406693","57407290","597"
"SL2.50ch07:57409285-57410276","74","57409285","57410276","991"
"SL2.50ch07:58301086-58301688","110","58301086","58301688","602"
"SL2.50ch07:58802352-58805143","322","58802352","58805143","2791"
"SL2.50ch07:59388843-59389425","260","59388843","59389425","582"
"SL2.50ch07:59388935-59389477","259","59388935","59389477","542"
"SL2.50ch07:59506934-59507820","3369","59506934","59507820","886"
"SL2.50ch07:59506991-59507646","3363","59506991","59507646","655"
"SL2.50ch07:61301593-61302247","256","61301593","61302247","654"
"SL2.50ch07:61301649-61302327","261","61301649","61302327","678"
"SL2.50ch07:61414731-61415106","48","61414731","61415106","375"
"SL2.50ch07:63553939-63554314","45","63553939","63554314","375"
"SL2.50ch07:63554982-63555460","51","63554982","63555460","478"
"SL2.50ch07:64790120-64790495","78","64790120","64790495","375"
"SL2.50ch07:65397005-65397380","57","65397005","65397380","375"
"SL2.50ch07:65784663-65785153","163","65784663","65785153","490"
"SL2.50ch07:7832025-7832533","246","7832025","7832533","508"
"SL2.50ch07:8195959-8196334","42","8195959","8196334","375"
"SL2.50ch07:8824605-8825074","61","8824605","8825074","469"
"SL2.50ch07:90612-91248","72","90612","91248","636"
"SL2.50ch07:9403987-9405063","89","9403987","9405063","1076"
"SL2.50ch08:10002631-10004774","628","10002631","10004774","2143"
"SL2.50ch08:10002767-10004772","618","10002767","10004772","2005"
"SL2.50ch08:10005552-10006837","363","10005552","10006837","1285"
"SL2.50ch08:10005569-10006879","357","10005569","10006879","1310"
"SL2.50ch08:10011819-10013442","646","10011819","10013442","1623"
"SL2.50ch08:10011842-10013449","646","10011842","10013449","1607"
"SL2.50ch08:10015683-10017918","1002","10015683","10017918","2235"
"SL2.50ch08:10015792-10017881","996","10015792","10017881","2089"
"SL2.50ch08:10024206-10028238","1681","10024206","10028238","4032"
"SL2.50ch08:10024259-10028312","1679","10024259","10028312","4053"
"SL2.50ch08:10030614-10031938","307","10030614","10031938","1324"
"SL2.50ch08:10030648-10031833","306","10030648","10031833","1185"
"SL2.50ch08:10032530-10036482","1100","10032530","10036482","3952"
"SL2.50ch08:10032595-10036544","1098","10032595","10036544","3949"
"SL2.50ch08:10429512-10430017","127","10429512","10430017","505"
"SL2.50ch08:10434313-10437377","381","10434313","10437377","3064"
"SL2.50ch08:10445852-10446438","87","10445852","10446438","586"
"SL2.50ch08:10563767-10564351","59","10563767","10564351","584"
"SL2.50ch08:10821212-10821897","98","10821212","10821897","685"
"SL2.50ch08:10888393-10890109","225","10888393","10890109","1716"
"SL2.50ch08:11082829-11083405","215","11082829","11083405","576"
"SL2.50ch08:11082930-11083400","209","11082930","11083400","470"
"SL2.50ch08:11130632-11131379","453","11130632","11131379","747"
"SL2.50ch08:11137848-11141424","6780","11137848","11141424","3576"
"SL2.50ch08:11138082-11141260","6769","11138082","11141260","3178"
"SL2.50ch08:11147837-11149023","704","11147837","11149023","1186"
"SL2.50ch08:11147964-11148936","693","11147964","11148936","972"
"SL2.50ch08:11732669-11733512","373","11732669","11733512","843"
"SL2.50ch08:11732728-11733548","370","11732728","11733548","820"
"SL2.50ch08:11880892-11881676","71","11880892","11881676","784"
"SL2.50ch08:12271948-12272456","74","12271948","12272456","508"
"SL2.50ch08:13446739-13447472","60","13446739","13447472","733"
"SL2.50ch08:14138174-14139779","124","14138174","14139779","1605"
"SL2.50ch08:14423080-14423455","42","14423080","14423455","375"
"SL2.50ch08:14782409-14783639","130","14782409","14783639","1230"
"SL2.50ch08:14849153-14849922","93","14849153","14849922","769"
"SL2.50ch08:14906344-14906719","45","14906344","14906719","375"
"SL2.50ch08:14929397-14930627","122","14929397","14930627","1230"
"SL2.50ch08:14939719-14940094","44","14939719","14940094","375"
"SL2.50ch08:14999361-15000850","382","14999361","15000850","1489"
"SL2.50ch08:14999814-15000611","346","14999814","15000611","797"
"SL2.50ch08:15012585-15015861","339","15012585","15015861","3276"
"SL2.50ch08:15167719-15168629","284","15167719","15168629","910"
"SL2.50ch08:15167816-15168423","268","15167816","15168423","607"
"SL2.50ch08:15513770-15514768","113","15513770","15514768","998"
"SL2.50ch08:15513785-15514624","104","15513785","15514624","839"
"SL2.50ch08:15515434-15516356","164","15515434","15516356","922"
"SL2.50ch08:15515493-15516330","164","15515493","15516330","837"
"SL2.50ch08:15517553-15518021","79","15517553","15518021","468"
"SL2.50ch08:15547353-15547924","70","15547353","15547924","571"
"SL2.50ch08:15555027-15555495","104","15555027","15555495","468"
"SL2.50ch08:15556231-15557378","164","15556231","15557378","1147"
"SL2.50ch08:15556257-15557433","163","15556257","15557433","1176"
"SL2.50ch08:15570741-15571524","68","15570741","15571524","783"
"SL2.50ch08:15612648-15613407","84","15612648","15613407","759"
"SL2.50ch08:15838909-15839311","110","15838909","15839311","402"
"SL2.50ch08:15840182-15840584","175","15840182","15840584","402"
"SL2.50ch08:15840200-15840698","177","15840200","15840698","498"
"SL2.50ch08:15842238-15842811","113","15842238","15842811","573"
"SL2.50ch08:15842263-15842784","104","15842263","15842784","521"
"SL2.50ch08:15843673-15844141","83","15843673","15844141","468"
"SL2.50ch08:15843676-15844078","80","15843676","15844078","402"
"SL2.50ch08:15847478-15847880","87","15847478","15847880","402"
"SL2.50ch08:16026314-16027981","385","16026314","16027981","1667"
"SL2.50ch08:16027161-16027932","346","16027161","16027932","771"
"SL2.50ch08:16031684-16032194","359","16031684","16032194","510"
"SL2.50ch08:16184608-16185513","74","16184608","16185513","905"
"SL2.50ch08:16330791-16331166","46","16330791","16331166","375"
"SL2.50ch08:18438018-18438486","67","18438018","18438486","468"
"SL2.50ch08:18882883-18883258","36","18882883","18883258","375"
"SL2.50ch08:20831258-20831944","67","20831258","20831944","686"
"SL2.50ch08:21993489-21994553","111","21993489","21994553","1064"
"SL2.50ch08:22048713-22049654","114","22048713","22049654","941"
"SL2.50ch08:22057628-22059113","147","22057628","22059113","1485"
"SL2.50ch08:22106435-22107140","92","22106435","22107140","705"
"SL2.50ch08:22110937-22112032","109","22110937","22112032","1095"
"SL2.50ch08:22754166-22754762","54","22754166","22754762","596"
"SL2.50ch08:23194922-23195394","60","23194922","23195394","472"
"SL2.50ch08:24008165-24008906","67","24008165","24008906","741"
"SL2.50ch08:25319895-25320574","55","25319895","25320574","679"
"SL2.50ch08:25335907-25336309","93","25335907","25336309","402"
"SL2.50ch08:25881646-25882394","70","25881646","25882394","748"
"SL2.50ch08:26152852-26153326","46","26152852","26153326","474"
"SL2.50ch08:2620366-2620768","160","2620366","2620768","402"
"SL2.50ch08:2620392-2620767","160","2620392","2620767","375"
"SL2.50ch08:26693003-26693746","134","26693003","26693746","743"
"SL2.50ch08:26922990-26923365","41","26922990","26923365","375"
"SL2.50ch08:27633040-27633813","5661","27633040","27633813","773"
"SL2.50ch08:27633124-27633828","5657","27633124","27633828","704"
"SL2.50ch08:28973967-28974989","106","28973967","28974989","1022"
"SL2.50ch08:29032708-29033083","52","29032708","29033083","375"
"SL2.50ch08:29725656-29726031","51","29725656","29726031","375"
"SL2.50ch08:29731350-29731725","44","29731350","29731725","375"
"SL2.50ch08:29735774-29736548","73","29735774","29736548","774"
"SL2.50ch08:29769736-29770224","57","29769736","29770224","488"
"SL2.50ch08:30721854-30722229","44","30721854","30722229","375"
"SL2.50ch08:31765783-31766601","2679","31765783","31766601","818"
"SL2.50ch08:32308823-32309711","80","32308823","32309711","888"
"SL2.50ch08:32821717-32822280","268","32821717","32822280","563"
"SL2.50ch08:32821729-32822351","268","32821729","32822351","622"
"SL2.50ch08:33532582-33533633","126","33532582","33533633","1051"
"SL2.50ch08:33539540-33540141","60","33539540","33540141","601"
"SL2.50ch08:33559933-33561952","177","33559933","33561952","2019"
"SL2.50ch08:33791999-33792945","92","33791999","33792945","946"
"SL2.50ch08:33847277-33847952","94","33847277","33847952","675"
"SL2.50ch08:33973640-33974015","51","33973640","33974015","375"
"SL2.50ch08:34038094-34038610","50","34038094","34038610","516"
"SL2.50ch08:34452829-34453204","48","34452829","34453204","375"
"SL2.50ch08:36254055-36254523","53","36254055","36254523","468"
"SL2.50ch08:36327095-36327819","74","36327095","36327819","724"
"SL2.50ch08:37202792-37203633","230","37202792","37203633","841"
"SL2.50ch08:37202826-37204271","263","37202826","37204271","1445"
"SL2.50ch08:37207199-37208138","87","37207199","37208138","939"
"SL2.50ch08:37401945-37402449","676","37401945","37402449","504"
"SL2.50ch08:38677612-38678102","633","38677612","38678102","490"
"SL2.50ch08:39144765-39154049","20771","39144765","39154049","9284"
"SL2.50ch08:39144970-39146391","1977","39144970","39146391","1421"
"SL2.50ch08:39146800-39147758","3124","39146800","39147758","958"
"SL2.50ch08:39148615-39150867","10501","39148615","39150867","2252"
"SL2.50ch08:39151290-39153967","4717","39151290","39153967","2677"
"SL2.50ch08:39461737-39462112","44","39461737","39462112","375"
"SL2.50ch08:40119573-40120194","60","40119573","40120194","621"
"SL2.50ch08:40507516-40507891","48","40507516","40507891","375"
"SL2.50ch08:40624439-40624918","53","40624439","40624918","479"
"SL2.50ch08:40631090-40631465","40","40631090","40631465","375"
"SL2.50ch08:40632968-40633569","76","40632968","40633569","601"
"SL2.50ch08:41075319-41076236","81","41075319","41076236","917"
"SL2.50ch08:41315057-41315579","67","41315057","41315579","522"
"SL2.50ch08:41619053-41619543","93","41619053","41619543","490"
"SL2.50ch08:42177146-42177627","67","42177146","42177627","481"
"SL2.50ch08:4256808-4257458","57","4256808","4257458","650"
"SL2.50ch08:4393981-4394383","496","4393981","4394383","402"
"SL2.50ch08:44328114-44328997","77","44328114","44328997","883"
"SL2.50ch08:44809859-44810351","59","44809859","44810351","492"
"SL2.50ch08:46708959-46710564","423","46708959","46710564","1605"
"SL2.50ch08:46709679-46710490","395","46709679","46710490","811"
"SL2.50ch08:46782997-46783372","56","46782997","46783372","375"
"SL2.50ch08:46873921-46876100","176","46873921","46876100","2179"
"SL2.50ch08:46950792-46951507","72","46950792","46951507","715"
"SL2.50ch08:46953229-46956365","26533","46953229","46956365","3136"
"SL2.50ch08:46953330-46956047","26440","46953330","46956047","2717"
"SL2.50ch08:48239737-48240989","428","48239737","48240989","1252"
"SL2.50ch08:48239856-48240807","422","48239856","48240807","951"
"SL2.50ch08:48578587-48579189","64","48578587","48579189","602"
"SL2.50ch08:50477166-50478169","106","50477166","50478169","1003"
"SL2.50ch08:51015740-51016115","46","51015740","51016115","375"
"SL2.50ch08:51242868-51243343","58","51242868","51243343","475"
"SL2.50ch08:51743956-51744483","881","51743956","51744483","527"
"SL2.50ch08:54478594-54479084","997","54478594","54479084","490"
"SL2.50ch08:54824004-54824605","85","54824004","54824605","601"
"SL2.50ch08:54992791-54994630","202","54992791","54994630","1839"
"SL2.50ch08:57456485-57456887","198","57456485","57456887","402"
"SL2.50ch08:5746546-5747235","67","5746546","5747235","689"
"SL2.50ch08:57484981-57486206","1048","57484981","57486206","1225"
"SL2.50ch08:57485394-57486098","1028","57485394","57486098","704"
"SL2.50ch08:57859884-57863473","469","57859884","57863473","3589"
"SL2.50ch08:60629009-60629993","167","60629009","60629993","984"
"SL2.50ch08:6345911-6346468","57","6345911","6346468","557"
"SL2.50ch08:63628760-63629740","120","63628760","63629740","980"
"SL2.50ch08:6502019-6502394","46","6502019","6502394","375"
"SL2.50ch08:65066031-65066691","120","65066031","65066691","660"
"SL2.50ch08:65133266-65133734","68","65133266","65133734","468"
"SL2.50ch08:65160430-65161335","97","65160430","65161335","905"
"SL2.50ch08:6548271-6548931","1156","6548271","6548931","660"
"SL2.50ch08:6548308-6548870","1150","6548308","6548870","562"
"SL2.50ch08:65731792-65734597","224","65731792","65734597","2805"
"SL2.50ch08:7035438-7036053","95","7035438","7036053","615"
"SL2.50ch08:7130693-7131166","50","7130693","7131166","473"
"SL2.50ch08:8130598-8131124","60","8130598","8131124","526"
"SL2.50ch08:8702609-8703998","200","8702609","8703998","1389"
"SL2.50ch08:9019480-9019855","46","9019480","9019855","375"
"SL2.50ch08:9361556-9364116","234","9361556","9364116","2560"
"SL2.50ch08:9427529-9431458","441","9427529","9431458","3929"
"SL2.50ch08:9428601-9429104","133","9428601","9429104","503"
"SL2.50ch08:9436310-9437747","151","9436310","9437747","1437"
"SL2.50ch08:9455858-9456233","42","9455858","9456233","375"
"SL2.50ch08:9460721-9462248","184","9460721","9462248","1527"
"SL2.50ch08:9465618-9467091","238","9465618","9467091","1473"
"SL2.50ch08:9985729-9986390","374","9985729","9986390","661"
"SL2.50ch08:9985756-9986388","374","9985756","9986388","632"
"SL2.50ch08:9987933-9990384","1497","9987933","9990384","2451"
"SL2.50ch08:9987993-9990336","1467","9987993","9990336","2343"
"SL2.50ch08:9993033-9995895","1627","9993033","9995895","2862"
"SL2.50ch08:9993036-9995912","1627","9993036","9995912","2876"
"SL2.50ch09:10913610-10913985","52","10913610","10913985","375"
"SL2.50ch09:11297433-11301505","4447","11297433","11301505","4072"
"SL2.50ch09:11297633-11301471","4424","11297633","11301471","3838"
"SL2.50ch09:11302230-11304243","2377","11302230","11304243","2013"
"SL2.50ch09:11302374-11304283","2369","11302374","11304283","1909"
"SL2.50ch09:11306570-11308211","1486","11306570","11308211","1641"
"SL2.50ch09:11306583-11308316","1486","11306583","11308316","1733"
"SL2.50ch09:11310073-11314098","2532","11310073","11314098","4025"
"SL2.50ch09:11310180-11312338","2307","11310180","11312338","2158"
"SL2.50ch09:11312889-11313291","105","11312889","11313291","402"
"SL2.50ch09:11575480-11576351","89","11575480","11576351","871"
"SL2.50ch09:12099517-12100172","67","12099517","12100172","655"
"SL2.50ch09:12786329-12786968","67","12786329","12786968","639"
"SL2.50ch09:12883847-12884332","65","12883847","12884332","485"
"SL2.50ch09:13688021-13688423","489","13688021","13688423","402"
"SL2.50ch09:13697321-13697723","53","13697321","13697723","402"
"SL2.50ch09:14455145-14456119","88","14455145","14456119","974"
"SL2.50ch09:15203638-15204013","45","15203638","15204013","375"
"SL2.50ch09:1555849-1556419","282","1555849","1556419","570"
"SL2.50ch09:1555899-1556389","281","1555899","1556389","490"
"SL2.50ch09:16779793-16780722","90","16779793","16780722","929"
"SL2.50ch09:16784081-16785298","106","16784081","16785298","1217"
"SL2.50ch09:17834934-17835451","68","17834934","17835451","517"
"SL2.50ch09:18467595-18469417","202","18467595","18469417","1822"
"SL2.50ch09:18938919-18939551","583","18938919","18939551","632"
"SL2.50ch09:19183208-19183583","47","19183208","19183583","375"
"SL2.50ch09:20902832-20903304","52","20902832","20903304","472"
"SL2.50ch09:21073066-21073441","49","21073066","21073441","375"
"SL2.50ch09:21620518-21621122","68","21620518","21621122","604"
"SL2.50ch09:22012360-22012948","52","22012360","22012948","588"
"SL2.50ch09:22135710-22136380","63","22135710","22136380","670"
"SL2.50ch09:22141916-22142778","79","22141916","22142778","862"
"SL2.50ch09:23494719-23495226","58","23494719","23495226","507"
"SL2.50ch09:2437059-2437726","719","2437059","2437726","667"
"SL2.50ch09:2437079-2437650","719","2437079","2437650","571"
"SL2.50ch09:24474541-24475334","688","24474541","24475334","793"
"SL2.50ch09:24474549-24475257","687","24474549","24475257","708"
"SL2.50ch09:25552558-25553171","65","25552558","25553171","613"
"SL2.50ch09:25887216-25887696","106","25887216","25887696","480"
"SL2.50ch09:25887304-25887706","98","25887304","25887706","402"
"SL2.50ch09:27249298-27250497","107","27249298","27250497","1199"
"SL2.50ch09:27730679-27731464","230","27730679","27731464","785"
"SL2.50ch09:27733037-27733692","714","27733037","27733692","655"
"SL2.50ch09:27891051-27891426","46","27891051","27891426","375"
"SL2.50ch09:28285369-28285744","53","28285369","28285744","375"
"SL2.50ch09:28762960-28763600","59","28762960","28763600","640"
"SL2.50ch09:28838378-28838972","60","28838378","28838972","594"
"SL2.50ch09:28987986-28988586","58","28987986","28988586","600"
"SL2.50ch09:29282249-29282761","51","29282249","29282761","512"
"SL2.50ch09:29455461-29456594","96","29455461","29456594","1133"
"SL2.50ch09:29741815-29742432","952","29741815","29742432","617"
"SL2.50ch09:29757793-29758168","47","29757793","29758168","375"
"SL2.50ch09:29912063-29912915","69","29912063","29912915","852"
"SL2.50ch09:29954305-29954866","57","29954305","29954866","561"
"SL2.50ch09:30236488-30236968","47","30236488","30236968","480"
"SL2.50ch09:33570958-33572285","121","33570958","33572285","1327"
"SL2.50ch09:34125225-34126397","103","34125225","34126397","1172"
"SL2.50ch09:34702464-34702969","47","34702464","34702969","505"
"SL2.50ch09:34844549-34845493","99","34844549","34845493","944"
"SL2.50ch09:34860382-34860983","66","34860382","34860983","601"
"SL2.50ch09:34987011-34988002","94","34987011","34988002","991"
"SL2.50ch09:35168289-35168779","53","35168289","35168779","490"
"SL2.50ch09:35300602-35302548","2361","35300602","35302548","1946"
"SL2.50ch09:35300663-35302556","2361","35300663","35302556","1893"
"SL2.50ch09:35303351-35308999","4980","35303351","35308999","5648"
"SL2.50ch09:35303443-35305387","2347","35303443","35305387","1944"
"SL2.50ch09:35306176-35308989","2543","35306176","35308989","2813"
"SL2.50ch09:37196994-37197835","82","37196994","37197835","841"
"SL2.50ch09:37216149-37217048","97","37216149","37217048","899"
"SL2.50ch09:37249312-37249946","67","37249312","37249946","634"
"SL2.50ch09:37475320-37476676","131","37475320","37476676","1356"
"SL2.50ch09:37523057-37523715","101","37523057","37523715","658"
"SL2.50ch09:37523249-37523651","85","37523249","37523651","402"
"SL2.50ch09:3848301-3852522","411","3848301","3852522","4221"
"SL2.50ch09:38513258-38514429","101","38513258","38514429","1171"
"SL2.50ch09:40279709-40281584","19358","40279709","40281584","1875"
"SL2.50ch09:40280079-40281577","19342","40280079","40281577","1498"
"SL2.50ch09:40552759-40553134","51","40552759","40553134","375"
"SL2.50ch09:40947150-40948005","75","40947150","40948005","855"
"SL2.50ch09:41484055-41484889","84","41484055","41484889","834"
"SL2.50ch09:4209630-4210120","860","4209630","4210120","490"
"SL2.50ch09:42326378-42326753","38","42326378","42326753","375"
"SL2.50ch09:42545887-42546262","45","42545887","42546262","375"
"SL2.50ch09:43426394-43426930","64","43426394","43426930","536"
"SL2.50ch09:43698962-43699337","42","43698962","43699337","375"
"SL2.50ch09:44219804-44220533","63","44219804","44220533","729"
"SL2.50ch09:45397090-45398123","649","45397090","45398123","1033"
"SL2.50ch09:45397097-45398282","656","45397097","45398282","1185"
"SL2.50ch09:45408056-45408524","43","45408056","45408524","468"
"SL2.50ch09:45873708-45874276","67","45873708","45874276","568"
"SL2.50ch09:45954908-45955894","118","45954908","45955894","986"
"SL2.50ch09:45983903-45985557","139","45983903","45985557","1654"
"SL2.50ch09:46155173-46155548","43","46155173","46155548","375"
"SL2.50ch09:46262521-46263447","11733","46262521","46263447","926"
"SL2.50ch09:46262538-46263493","11733","46262538","46263493","955"
"SL2.50ch09:46321036-46321411","42","46321036","46321411","375"
"SL2.50ch09:46513407-46513782","45","46513407","46513782","375"
"SL2.50ch09:46933685-46934274","72","46933685","46934274","589"
"SL2.50ch09:47142074-47142625","64","47142074","47142625","551"
"SL2.50ch09:47738019-47738394","48","47738019","47738394","375"
"SL2.50ch09:48423702-48424298","64","48423702","48424298","596"
"SL2.50ch09:49050495-49050990","60","49050495","49050990","495"
"SL2.50ch09:49471027-49473562","283","49471027","49473562","2535"
"SL2.50ch09:50420333-50420882","59","50420333","50420882","549"
"SL2.50ch09:50745497-50746146","130","50745497","50746146","649"
"SL2.50ch09:50745717-50746227","129","50745717","50746227","510"
"SL2.50ch09:51275981-51276471","1413","51275981","51276471","490"
"SL2.50ch09:51344045-51344420","39","51344045","51344420","375"
"SL2.50ch09:51595983-51596497","59","51595983","51596497","514"
"SL2.50ch09:51905531-51905906","45","51905531","51905906","375"
"SL2.50ch09:53088338-53091071","2419","53088338","53091071","2733"
"SL2.50ch09:53088398-53090475","2401","53088398","53090475","2077"
"SL2.50ch09:53828985-53829972","86","53828985","53829972","987"
"SL2.50ch09:54057403-54057882","49","54057403","54057882","479"
"SL2.50ch09:54977957-54978359","442","54977957","54978359","402"
"SL2.50ch09:55002502-55003120","69","55002502","55003120","618"
"SL2.50ch09:55027619-55028153","784","55027619","55028153","534"
"SL2.50ch09:55543055-55543527","53","55543055","55543527","472"
"SL2.50ch09:56322382-56322784","112","56322382","56322784","402"
"SL2.50ch09:58045759-58046663","74","58045759","58046663","904"
"SL2.50ch09:58157621-58158308","68","58157621","58158308","687"
"SL2.50ch09:58182606-58182981","48","58182606","58182981","375"
"SL2.50ch09:58995412-58997131","3762","58995412","58997131","1719"
"SL2.50ch09:58995750-58996791","3726","58995750","58996791","1041"
"SL2.50ch09:60656705-60657375","309","60656705","60657375","670"
"SL2.50ch09:60656797-60657410","306","60656797","60657410","613"
"SL2.50ch09:61857371-61858195","4555","61857371","61858195","824"
"SL2.50ch09:61857396-61858161","4554","61857396","61858161","765"
"SL2.50ch09:62110628-62111030","480","62110628","62111030","402"
"SL2.50ch09:63666452-63666942","1320","63666452","63666942","490"
"SL2.50ch09:63970859-63971481","3525","63970859","63971481","622"
"SL2.50ch09:63970860-63971410","3525","63970860","63971410","550"
"SL2.50ch09:64935402-64937389","241","64935402","64937389","1987"
"SL2.50ch09:65535129-65535619","214","65535129","65535619","490"
"SL2.50ch09:67002207-67003115","90","67002207","67003115","908"
"SL2.50ch09:67762875-67763250","60","67762875","67763250","375"
"SL2.50ch09:6789960-6791468","665","6789960","6791468","1508"
"SL2.50ch09:6789992-6791557","670","6789992","6791557","1565"
"SL2.50ch09:68837167-68838375","125","68837167","68838375","1208"
"SL2.50ch09:70696416-70697033","436","70696416","70697033","617"
"SL2.50ch09:70696434-70697040","436","70696434","70697040","606"
"SL2.50ch09:71682972-71683347","60","71682972","71683347","375"
"SL2.50ch09:7384132-7384605","67","7384132","7384605","473"
"SL2.50ch09:8067272-8067647","78","8067272","8067647","375"
"SL2.50ch09:8532278-8533253","101","8532278","8533253","975"
"SL2.50ch09:8551137-8551645","526","8551137","8551645","508"
"SL2.50ch09:8786424-8786799","75","8786424","8786799","375"
"SL2.50ch10:1-701","197","1","701","700"
"SL2.50ch10:10731514-10732335","390","10731514","10732335","821"
"SL2.50ch10:10731664-10732377","376","10731664","10732377","713"
"SL2.50ch10:10733637-10734143","194","10733637","10734143","506"
"SL2.50ch10:10734960-10735464","189","10734960","10735464","504"
"SL2.50ch10:11654073-11654599","80","11654073","11654599","526"
"SL2.50ch10:11687652-11689381","172","11687652","11689381","1729"
"SL2.50ch10:12559557-12560236","74","12559557","12560236","679"
"SL2.50ch10:13106178-13107086","107","13106178","13107086","908"
"SL2.50ch10:13112693-13113212","71","13112693","13113212","519"
"SL2.50ch10:14078179-14078554","39","14078179","14078554","375"
"SL2.50ch10:14203407-14204871","147","14203407","14204871","1464"
"SL2.50ch10:14222028-14222403","46","14222028","14222403","375"
"SL2.50ch10:14253242-14253617","44","14253242","14253617","375"
"SL2.50ch10:14308409-14308963","81","14308409","14308963","554"
"SL2.50ch10:14396595-14397204","64","14396595","14397204","609"
"SL2.50ch10:14724591-14726784","212","14724591","14726784","2193"
"SL2.50ch10:15241379-15242845","19746","15241379","15242845","1466"
"SL2.50ch10:15241454-15242846","19744","15241454","15242846","1392"
"SL2.50ch10:15272405-15273237","87","15272405","15273237","832"
"SL2.50ch10:15372211-15372855","68","15372211","15372855","644"
"SL2.50ch10:15650527-15651102","58","15650527","15651102","575"
"SL2.50ch10:15654170-15654545","35","15654170","15654545","375"
"SL2.50ch10:15721784-15725257","313","15721784","15725257","3473"
"SL2.50ch10:15742129-15745008","254","15742129","15745008","2879"
"SL2.50ch10:15782402-15786109","364","15782402","15786109","3707"
"SL2.50ch10:15874568-15875171","95","15874568","15875171","603"
"SL2.50ch10:15949441-15949909","42","15949441","15949909","468"
"SL2.50ch10:16275581-16276262","108","16275581","16276262","681"
"SL2.50ch10:16338716-16339287","77","16338716","16339287","571"
"SL2.50ch10:16372227-16372851","66","16372227","16372851","624"
"SL2.50ch10:16378991-16379660","62","16378991","16379660","669"
"SL2.50ch10:16717479-16717854","40","16717479","16717854","375"
"SL2.50ch10:16939078-16940016","78","16939078","16940016","938"
"SL2.50ch10:18-641","197","18","641","623"
"SL2.50ch10:18054873-18056070","111","18054873","18056070","1197"
"SL2.50ch10:18417510-18421836","559","18417510","18421836","4326"
"SL2.50ch10:18418674-18420316","370","18418674","18420316","1642"
"SL2.50ch10:18762999-18763489","626","18762999","18763489","490"
"SL2.50ch10:19088893-19089504","77","19088893","19089504","611"
"SL2.50ch10:19334782-19335157","37","19334782","19335157","375"
"SL2.50ch10:19988231-19988804","72","19988231","19988804","573"
"SL2.50ch10:20007176-20007918","72","20007176","20007918","742"
"SL2.50ch10:20194133-20195111","97","20194133","20195111","978"
"SL2.50ch10:20311622-20312105","46","20311622","20312105","483"
"SL2.50ch10:20635803-20636178","50","20635803","20636178","375"
"SL2.50ch10:21219967-21221128","128","21219967","21221128","1161"
"SL2.50ch10:21225499-21228599","367","21225499","21228599","3100"
"SL2.50ch10:21231545-21232691","162","21231545","21232691","1146"
"SL2.50ch10:21236001-21237691","210","21236001","21237691","1690"
"SL2.50ch10:21247088-21247972","132","21247088","21247972","884"
"SL2.50ch10:21250900-21251570","94","21250900","21251570","670"
"SL2.50ch10:22463263-22463776","683","22463263","22463776","513"
"SL2.50ch10:22665297-22665974","136","22665297","22665974","677"
"SL2.50ch10:22665414-22665918","133","22665414","22665918","504"
"SL2.50ch10:23944452-23944854","89","23944452","23944854","402"
"SL2.50ch10:23945580-23946082","176","23945580","23946082","502"
"SL2.50ch10:23948704-23949277","121","23948704","23949277","573"
"SL2.50ch10:23948779-23949181","107","23948779","23949181","402"
"SL2.50ch10:23972110-23972485","53","23972110","23972485","375"
"SL2.50ch10:24143571-24146441","312","24143571","24146441","2870"
"SL2.50ch10:24474490-24474865","46","24474490","24474865","375"
"SL2.50ch10:24813287-24813755","66","24813287","24813755","468"
"SL2.50ch10:25679622-25680204","65","25679622","25680204","582"
"SL2.50ch10:25715786-25716490","69","25715786","25716490","704"
"SL2.50ch10:25777485-25777975","1979","25777485","25777975","490"
"SL2.50ch10:26348586-26357575","1114","26348586","26357575","8989"
"SL2.50ch10:26356202-26357520","189","26356202","26357520","1318"
"SL2.50ch10:26364134-26365086","152","26364134","26365086","952"
"SL2.50ch10:26364243-26365002","138","26364243","26365002","759"
"SL2.50ch10:26365611-26366196","68","26365611","26366196","585"
"SL2.50ch10:26371425-26374710","451","26371425","26374710","3285"
"SL2.50ch10:26801238-26804011","10682","26801238","26804011","2773"
"SL2.50ch10:26801368-26803806","10665","26801368","26803806","2438"
"SL2.50ch10:26805655-26806686","2370","26805655","26806686","1031"
"SL2.50ch10:26805688-26806695","2347","26805688","26806695","1007"
"SL2.50ch10:26986697-26987165","44","26986697","26987165","468"
"SL2.50ch10:27367989-27368602","2383","27367989","27368602","613"
"SL2.50ch10:28171694-28172069","43","28171694","28172069","375"
"SL2.50ch10:28297575-28299380","335","28297575","28299380","1805"
"SL2.50ch10:28298074-28299384","292","28298074","28299384","1310"
"SL2.50ch10:28333936-28334311","51","28333936","28334311","375"
"SL2.50ch10:28974325-28975005","66","28974325","28975005","680"
"SL2.50ch10:29736412-29737191","66","29736412","29737191","779"
"SL2.50ch10:30176407-30176937","70","30176407","30176937","530"
"SL2.50ch10:30262764-30263256","66","30262764","30263256","492"
"SL2.50ch10:30914447-30915421","73","30914447","30915421","974"
"SL2.50ch10:3100798-3101427","283","3100798","3101427","629"
"SL2.50ch10:3100924-3101393","283","3100924","3101393","469"
"SL2.50ch10:31221287-31221662","44","31221287","31221662","375"
"SL2.50ch10:31948568-31949336","78","31948568","31949336","768"
"SL2.50ch10:32121655-32122145","93","32121655","32122145","490"
"SL2.50ch10:32243555-32244036","54","32243555","32244036","481"
"SL2.50ch10:32274552-32275126","58","32274552","32275126","574"
"SL2.50ch10:32295418-32296388","358","32295418","32296388","970"
"SL2.50ch10:32297514-32298129","114","32297514","32298129","615"
"SL2.50ch10:32437159-32437832","69","32437159","32437832","673"
"SL2.50ch10:33582526-33582901","48","33582526","33582901","375"
"SL2.50ch10:3515329-3517677","241","3515329","3517677","2348"
"SL2.50ch10:35324569-35324944","23","35324569","35324944","375"
"SL2.50ch10:35415878-35416280","105","35415878","35416280","402"
"SL2.50ch10:35971426-35971801","34","35971426","35971801","375"
"SL2.50ch10:36492781-36493290","64","36492781","36493290","509"
"SL2.50ch10:36675059-36675434","48","36675059","36675434","375"
"SL2.50ch10:36684431-36685513","292","36684431","36685513","1082"
"SL2.50ch10:36684467-36685379","289","36684467","36685379","912"
"SL2.50ch10:36692857-36693428","153","36692857","36693428","571"
"SL2.50ch10:37171312-37171802","1748","37171312","37171802","490"
"SL2.50ch10:37171355-37171823","1746","37171355","37171823","468"
"SL2.50ch10:37566299-37566866","52","37566299","37566866","567"
"SL2.50ch10:3773789-3775431","190","3773789","3775431","1642"
"SL2.50ch10:38100516-38105622","465","38100516","38105622","5106"
"SL2.50ch10:3824639-3826206","132","3824639","3826206","1567"
"SL2.50ch10:38517930-38518836","68","38517930","38518836","906"
"SL2.50ch10:39018233-39019133","415","39018233","39019133","900"
"SL2.50ch10:39018255-39019106","414","39018255","39019106","851"
"SL2.50ch10:39505430-39506103","1448","39505430","39506103","673"
"SL2.50ch10:39505493-39505983","1441","39505493","39505983","490"
"SL2.50ch10:39802143-39802518","44","39802143","39802518","375"
"SL2.50ch10:40793839-40797294","4332","40793839","40797294","3455"
"SL2.50ch10:40798547-40799263","7256","40798547","40799263","716"
"SL2.50ch10:40799672-40800178","369","40799672","40800178","506"
"SL2.50ch10:40803642-40804263","878","40803642","40804263","621"
"SL2.50ch10:40803669-40804328","878","40803669","40804328","659"
"SL2.50ch10:41437753-41438226","64","41437753","41438226","473"
"SL2.50ch10:41646844-41647246","459","41646844","41647246","402"
"SL2.50ch10:42461031-42462032","118","42461031","42462032","1001"
"SL2.50ch10:43054283-43060735","1209","43054283","43060735","6452"
"SL2.50ch10:43055031-43060557","1162","43055031","43060557","5526"
"SL2.50ch10:43880858-43882594","4126","43880858","43882594","1736"
"SL2.50ch10:43880890-43882566","4111","43880890","43882566","1676"
"SL2.50ch10:43884398-43885693","2184","43884398","43885693","1295"
"SL2.50ch10:43884515-43885625","2154","43884515","43885625","1110"
"SL2.50ch10:43886615-43888382","4992","43886615","43888382","1767"
"SL2.50ch10:43886618-43888440","4992","43886618","43888440","1822"
"SL2.50ch10:43892666-43893357","708","43892666","43893357","691"
"SL2.50ch10:43892709-43893629","719","43892709","43893629","920"
"SL2.50ch10:43989776-43990151","50","43989776","43990151","375"
"SL2.50ch10:45905625-45906385","2177","45905625","45906385","760"
"SL2.50ch10:45905650-45906305","2177","45905650","45906305","655"
"SL2.50ch10:46185706-46186727","124","46185706","46186727","1021"
"SL2.50ch10:46644232-46645002","77","46644232","46645002","770"
"SL2.50ch10:4700007-4700937","6176","4700007","4700937","930"
"SL2.50ch10:4700036-4700898","6176","4700036","4700898","862"
"SL2.50ch10:47369518-47369986","91","47369518","47369986","468"
"SL2.50ch10:47373453-47373828","55","47373453","47373828","375"
"SL2.50ch10:47595708-47598356","327","47595708","47598356","2648"
"SL2.50ch10:47596963-47598278","178","47596963","47598278","1315"
"SL2.50ch10:47837605-47837980","54","47837605","47837980","375"
"SL2.50ch10:48488925-48489300","44","48488925","48489300","375"
"SL2.50ch10:48524359-48524761","209","48524359","48524761","402"
"SL2.50ch10:48677438-48678027","63","48677438","48678027","589"
"SL2.50ch10:49149682-49150330","61","49149682","49150330","648"
"SL2.50ch10:50498192-50498674","62","50498192","50498674","482"
"SL2.50ch10:51068064-51068556","49","51068064","51068556","492"
"SL2.50ch10:51237020-51237865","75","51237020","51237865","845"
"SL2.50ch10:52342349-52342889","65","52342349","52342889","540"
"SL2.50ch10:53322775-53323337","1797","53322775","53323337","562"
"SL2.50ch10:53322810-53323348","1792","53322810","53323348","538"
"SL2.50ch10:53525541-53526156","717","53525541","53526156","615"
"SL2.50ch10:54021908-54024602","290","54021908","54024602","2694"
"SL2.50ch10:54023609-54024011","62","54023609","54024011","402"
"SL2.50ch10:54026726-54027542","76","54026726","54027542","816"
"SL2.50ch10:55347672-55348047","38","55347672","55348047","375"
"SL2.50ch10:57563929-57565882","271","57563929","57565882","1953"
"SL2.50ch10:57573299-57578498","553","57573299","57578498","5199"
"SL2.50ch10:57584192-57584885","90","57584192","57584885","693"
"SL2.50ch10:57587222-57588580","243","57587222","57588580","1358"
"SL2.50ch10:57594315-57595299","164","57594315","57595299","984"
"SL2.50ch10:57594383-57595217","163","57594383","57595217","834"
"SL2.50ch10:57647997-57648865","79","57647997","57648865","868"
"SL2.50ch10:57659221-57660171","217","57659221","57660171","950"
"SL2.50ch10:57686854-57687326","58","57686854","57687326","472"
"SL2.50ch10:57698042-57699159","165","57698042","57699159","1117"
"SL2.50ch10:57700866-57702286","241","57700866","57702286","1420"
"SL2.50ch10:58041839-58042241","243","58041839","58042241","402"
"SL2.50ch10:58689040-58689415","44","58689040","58689415","375"
"SL2.50ch10:59391562-59392485","83","59391562","59392485","923"
"SL2.50ch10:59458580-59458955","40","59458580","59458955","375"
"SL2.50ch10:60013538-60014033","65","60013538","60014033","495"
"SL2.50ch10:60632952-60633943","76","60632952","60633943","991"
"SL2.50ch10:60633553-60633955","52","60633553","60633955","402"
"SL2.50ch10:61674621-61675556","82","61674621","61675556","935"
"SL2.50ch10:6175070-6186660","60507","6175070","6186660","11590"
"SL2.50ch10:6175266-6186579","60504","6175266","6186579","11313"
"SL2.50ch10:6187225-6187761","1131","6187225","6187761","536"
"SL2.50ch10:63001114-63001878","61","63001114","63001878","764"
"SL2.50ch10:65521191-65522972","221","65521191","65522972","1781"
"SL2.50ch10:65523714-65525561","307","65523714","65525561","1847"
"SL2.50ch10:6980397-6981026","62","6980397","6981026","629"
"SL2.50ch10:7026656-7027031","62","7026656","7027031","375"
"SL2.50ch10:7372271-7372746","127","7372271","7372746","475"
"SL2.50ch10:7372381-7372783","126","7372381","7372783","402"
"SL2.50ch10:7965182-7965557","35","7965182","7965557","375"
"SL2.50ch10:8853174-8853668","300","8853174","8853668","494"
"SL2.50ch10:9021012-9021414","178","9021012","9021414","402"
"SL2.50ch10:9939738-9940925","105","9939738","9940925","1187"
"SL2.50ch11:10861890-10862292","181","10861890","10862292","402"
"SL2.50ch11:11005906-11006652","55","11005906","11006652","746"
"SL2.50ch11:11091565-11093117","140","11091565","11093117","1552"
"SL2.50ch11:11288397-11288772","86","11288397","11288772","375"
"SL2.50ch11:11405368-11406109","79","11405368","11406109","741"
"SL2.50ch11:12015811-12016345","878","12015811","12016345","534"
"SL2.50ch11:12456445-12457150","70","12456445","12457150","705"
"SL2.50ch11:13246325-13247072","97","13246325","13247072","747"
"SL2.50ch11:13364969-13367360","1207","13364969","13367360","2391"
"SL2.50ch11:13371699-13372835","926","13371699","13372835","1136"
"SL2.50ch11:13372079-13372569","733","13372079","13372569","490"
"SL2.50ch11:13374609-13375317","175","13374609","13375317","708"
"SL2.50ch11:13377232-13380988","25818","13377232","13380988","3756"
"SL2.50ch11:13378216-13380906","25654","13378216","13380906","2690"
"SL2.50ch11:13383723-13384959","4620","13383723","13384959","1236"
"SL2.50ch11:13383731-13385920","5081","13383731","13385920","2189"
"SL2.50ch11:13385499-13385901","338","13385499","13385901","402"
"SL2.50ch11:13386656-13388410","11463","13386656","13388410","1754"
"SL2.50ch11:13386812-13388294","11319","13386812","13388294","1482"
"SL2.50ch11:13390209-13392187","18113","13390209","13392187","1978"
"SL2.50ch11:13390239-13392190","17955","13390239","13392190","1951"
"SL2.50ch11:13394669-13399910","31132","13394669","13399910","5241"
"SL2.50ch11:13394681-13400108","31135","13394681","13400108","5427"
"SL2.50ch11:13401178-13402107","2111","13401178","13402107","929"
"SL2.50ch11:13401366-13402088","2086","13401366","13402088","722"
"SL2.50ch11:14275764-14276772","87","14275764","14276772","1008"
"SL2.50ch11:14383511-14384001","184","14383511","14384001","490"
"SL2.50ch11:14418958-14419333","53","14418958","14419333","375"
"SL2.50ch11:16103038-16104464","1383","16103038","16104464","1426"
"SL2.50ch11:1651130-1651532","249","1651130","1651532","402"
"SL2.50ch11:16916961-16917908","101","16916961","16917908","947"
"SL2.50ch11:17210284-17210907","717","17210284","17210907","623"
"SL2.50ch11:17210290-17210902","717","17210290","17210902","612"
"SL2.50ch11:17769198-17769859","3999","17769198","17769859","661"
"SL2.50ch11:17769254-17769867","3998","17769254","17769867","613"
"SL2.50ch11:17832274-17833728","151","17832274","17833728","1454"
"SL2.50ch11:17850965-17851723","292","17850965","17851723","758"
"SL2.50ch11:17861238-17861852","463","17861238","17861852","614"
"SL2.50ch11:17872768-17874068","1633","17872768","17874068","1300"
"SL2.50ch11:17898587-17899783","122","17898587","17899783","1196"
"SL2.50ch11:17940417-17941798","160","17940417","17941798","1381"
"SL2.50ch11:17948197-17948854","127","17948197","17948854","657"
"SL2.50ch11:17952477-17954993","385","17952477","17954993","2516"
"SL2.50ch11:17953886-17954979","207","17953886","17954979","1093"
"SL2.50ch11:17956473-17956952","88","17956473","17956952","479"
"SL2.50ch11:17963181-17963661","54","17963181","17963661","480"
"SL2.50ch11:17984475-17985156","92","17984475","17985156","681"
"SL2.50ch11:17987922-17989520","275","17987922","17989520","1598"
"SL2.50ch11:17990662-17991369","158","17990662","17991369","707"
"SL2.50ch11:17998453-18002543","796","17998453","18002543","4090"
"SL2.50ch11:18006123-18007075","128","18006123","18007075","952"
"SL2.50ch11:18015281-18019377","585","18015281","18019377","4096"
"SL2.50ch11:18020853-18026759","1043","18020853","18026759","5906"
"SL2.50ch11:18024258-18026221","435","18024258","18026221","1963"
"SL2.50ch11:18031842-18034551","414","18031842","18034551","2709"
"SL2.50ch11:18032417-18033472","198","18032417","18033472","1055"
"SL2.50ch11:18034153-18034555","73","18034153","18034555","402"
"SL2.50ch11:18035054-18037120","536","18035054","18037120","2066"
"SL2.50ch11:18035360-18037075","496","18035360","18037075","1715"
"SL2.50ch11:18573851-18574412","98","18573851","18574412","561"
"SL2.50ch11:18584754-18585129","46","18584754","18585129","375"
"SL2.50ch11:18595359-18595971","736","18595359","18595971","612"
"SL2.50ch11:18627136-18627797","152","18627136","18627797","661"
"SL2.50ch11:18627183-18627859","159","18627183","18627859","676"
"SL2.50ch11:18644711-18645835","171","18644711","18645835","1124"
"SL2.50ch11:18645231-18645633","103","18645231","18645633","402"
"SL2.50ch11:18652070-18652572","32","18652070","18652572","502"
"SL2.50ch11:18669090-18669465","157","18669090","18669465","375"
"SL2.50ch11:18669137-18669539","157","18669137","18669539","402"
"SL2.50ch11:18682077-18682479","105","18682077","18682479","402"
"SL2.50ch11:18737416-18738053","252","18737416","18738053","637"
"SL2.50ch11:18832189-18832905","80","18832189","18832905","716"
"SL2.50ch11:19502071-19502648","57","19502071","19502648","577"
"SL2.50ch11:19929961-19930336","42","19929961","19930336","375"
"SL2.50ch11:2007312-2007887","377","2007312","2007887","575"
"SL2.50ch11:2007316-2007852","377","2007316","2007852","536"
"SL2.50ch11:20225229-20225817","71","20225229","20225817","588"
"SL2.50ch11:20288855-20289934","120","20288855","20289934","1079"
"SL2.50ch11:20415748-20416757","231","20415748","20416757","1009"
"SL2.50ch11:20415783-20416678","228","20415783","20416678","895"
"SL2.50ch11:20418887-20423089","2123","20418887","20423089","4202"
"SL2.50ch11:20419051-20420293","476","20419051","20420293","1242"
"SL2.50ch11:20421557-20423119","1498","20421557","20423119","1562"
"SL2.50ch11:20424366-20425295","261","20424366","20425295","929"
"SL2.50ch11:20424477-20425114","248","20424477","20425114","637"
"SL2.50ch11:20739247-20741244","178","20739247","20741244","1997"
"SL2.50ch11:20748465-20751023","238","20748465","20751023","2558"
"SL2.50ch11:20757194-20758479","155","20757194","20758479","1285"
"SL2.50ch11:20780226-20780694","47","20780226","20780694","468"
"SL2.50ch11:20785382-20786849","119","20785382","20786849","1467"
"SL2.50ch11:20798932-20803403","506","20798932","20803403","4471"
"SL2.50ch11:20806121-20808163","221","20806121","20808163","2042"
"SL2.50ch11:20813461-20813929","55","20813461","20813929","468"
"SL2.50ch11:20815127-20817429","222","20815127","20817429","2302"
"SL2.50ch11:20827370-20828506","153","20827370","20828506","1136"
"SL2.50ch11:20832239-20833742","169","20832239","20833742","1503"
"SL2.50ch11:20837860-20838896","130","20837860","20838896","1036"
"SL2.50ch11:20852200-20854359","196","20852200","20854359","2159"
"SL2.50ch11:21922290-21923240","231","21922290","21923240","950"
"SL2.50ch11:21922554-21923164","221","21922554","21923164","610"
"SL2.50ch11:22100621-22101537","83","22100621","22101537","916"
"SL2.50ch11:22560259-22560775","46","22560259","22560775","516"
"SL2.50ch11:23444510-23445113","63","23444510","23445113","603"
"SL2.50ch11:23447891-23448359","100","23447891","23448359","468"
"SL2.50ch11:23568763-23569351","65","23568763","23569351","588"
"SL2.50ch11:23839039-23840321","120","23839039","23840321","1282"
"SL2.50ch11:24012739-24014300","184","24012739","24014300","1561"
"SL2.50ch11:25050976-25051804","71","25050976","25051804","828"
"SL2.50ch11:25598236-25599066","77","25598236","25599066","830"
"SL2.50ch11:27896435-27896908","59","27896435","27896908","473"
"SL2.50ch11:28162925-28163513","59","28162925","28163513","588"
"SL2.50ch11:28248242-28248617","59","28248242","28248617","375"
"SL2.50ch11:28532238-28532809","63","28532238","28532809","571"
"SL2.50ch11:28734035-28734410","46","28734035","28734410","375"
"SL2.50ch11:30178500-30179077","94","30178500","30179077","577"
"SL2.50ch11:30180392-30180860","59","30180392","30180860","468"
"SL2.50ch11:30598125-30598615","419","30598125","30598615","490"
"SL2.50ch11:30742549-30743611","163","30742549","30743611","1062"
"SL2.50ch11:30742846-30743467","112","30742846","30743467","621"
"SL2.50ch11:30981366-30982622","119","30981366","30982622","1256"
"SL2.50ch11:31073478-31074322","64","31073478","31074322","844"
"SL2.50ch11:31298298-31298916","1513","31298298","31298916","618"
"SL2.50ch11:31298333-31298901","1509","31298333","31298901","568"
"SL2.50ch11:31585927-31587699","2059","31585927","31587699","1772"
"SL2.50ch11:31585967-31587668","2058","31585967","31587668","1701"
"SL2.50ch11:32406457-32407315","321","32406457","32407315","858"
"SL2.50ch11:32409607-32410111","401","32409607","32410111","504"
"SL2.50ch11:32416170-32416840","90","32416170","32416840","670"
"SL2.50ch11:32423926-32426840","9142","32423926","32426840","2914"
"SL2.50ch11:32424004-32426786","9141","32424004","32426786","2782"
"SL2.50ch11:33038626-33039160","166","33038626","33039160","534"
"SL2.50ch11:33038657-33039160","166","33038657","33039160","503"
"SL2.50ch11:34486737-34487207","55","34486737","34487207","470"
"SL2.50ch11:35491059-35491540","51","35491059","35491540","481"
"SL2.50ch11:36180587-36180962","49","36180587","36180962","375"
"SL2.50ch11:36311075-36311560","53","36311075","36311560","485"
"SL2.50ch11:37254852-37255227","44","37254852","37255227","375"
"SL2.50ch11:37661451-37661826","53","37661451","37661826","375"
"SL2.50ch11:37707177-37707552","52","37707177","37707552","375"
"SL2.50ch11:37761667-37762042","42","37761667","37762042","375"
"SL2.50ch11:38194523-38196143","288","38194523","38196143","1620"
"SL2.50ch11:38768420-38769019","57","38768420","38769019","599"
"SL2.50ch11:38960517-38961881","152","38960517","38961881","1364"
"SL2.50ch11:39472431-39472806","35","39472431","39472806","375"
"SL2.50ch11:40317148-40320530","4309","40317148","40320530","3382"
"SL2.50ch11:40317234-40320467","4305","40317234","40320467","3233"
"SL2.50ch11:40957143-40957785","74","40957143","40957785","642"
"SL2.50ch11:41400250-41400963","51","41400250","41400963","713"
"SL2.50ch11:42695683-42696164","65","42695683","42696164","481"
"SL2.50ch11:42792157-42792858","65","42792157","42792858","701"
"SL2.50ch11:42918205-42918703","198","42918205","42918703","498"
"SL2.50ch11:42918270-42918772","198","42918270","42918772","502"
"SL2.50ch11:43122296-43122671","78","43122296","43122671","375"
"SL2.50ch11:43658586-43659072","52","43658586","43659072","486"
"SL2.50ch11:44956600-44957298","87","44956600","44957298","698"
"SL2.50ch11:44961553-44962410","91","44961553","44962410","857"
"SL2.50ch11:45009815-45010925","106","45009815","45010925","1110"
"SL2.50ch11:45022509-45022978","44","45022509","45022978","469"
"SL2.50ch11:45027784-45028326","61","45027784","45028326","542"
"SL2.50ch11:45233322-45239721","9910","45233322","45239721","6399"
"SL2.50ch11:45233611-45239698","9888","45233611","45239698","6087"
"SL2.50ch11:45246230-45248244","2850","45246230","45248244","2014"
"SL2.50ch11:45246271-45248409","2853","45246271","45248409","2138"
"SL2.50ch11:45250531-45251283","2716","45250531","45251283","752"
"SL2.50ch11:45250610-45251298","2700","45250610","45251298","688"
"SL2.50ch11:45252807-45254478","2279","45252807","45254478","1671"
"SL2.50ch11:45252841-45254425","2243","45252841","45254425","1584"
"SL2.50ch11:45255681-45260487","7755","45255681","45260487","4806"
"SL2.50ch11:45255682-45260461","7755","45255682","45260461","4779"
"SL2.50ch11:45336898-45338922","2716","45336898","45338922","2024"
"SL2.50ch11:45336998-45338797","2696","45336998","45338797","1799"
"SL2.50ch11:45339523-45342194","2873","45339523","45342194","2671"
"SL2.50ch11:45339954-45342124","2852","45339954","45342124","2170"
"SL2.50ch11:45343872-45345788","2859","45343872","45345788","1916"
"SL2.50ch11:45343920-45345749","2837","45343920","45345749","1829"
"SL2.50ch11:45350079-45351514","1792","45350079","45351514","1435"
"SL2.50ch11:45350094-45351490","1792","45350094","45351490","1396"
"SL2.50ch11:45354466-45356001","1990","45354466","45356001","1535"
"SL2.50ch11:45354488-45356004","1990","45354488","45356004","1516"
"SL2.50ch11:45357881-45358722","627","45357881","45358722","841"
"SL2.50ch11:45357909-45358712","627","45357909","45358712","803"
"SL2.50ch11:45363862-45368020","8134","45363862","45368020","4158"
"SL2.50ch11:45363948-45368134","8124","45363948","45368134","4186"
"SL2.50ch11:45371051-45372719","1325","45371051","45372719","1668"
"SL2.50ch11:45371067-45372307","1276","45371067","45372307","1240"
"SL2.50ch11:45374326-45377827","4691","45374326","45377827","3501"
"SL2.50ch11:45374344-45377693","4684","45374344","45377693","3349"
"SL2.50ch11:45386703-45388297","2906","45386703","45388297","1594"
"SL2.50ch11:45386738-45388227","2877","45386738","45388227","1489"
"SL2.50ch11:45390128-45391152","1610","45390128","45391152","1024"
"SL2.50ch11:45390135-45391197","1603","45390135","45391197","1062"
"SL2.50ch11:45392566-45394336","1690","45392566","45394336","1770"
"SL2.50ch11:45392780-45394226","1627","45392780","45394226","1446"
"SL2.50ch11:45396292-45396782","129","45396292","45396782","490"
"SL2.50ch11:45397271-45397986","756","45397271","45397986","715"
"SL2.50ch11:45400835-45401237","72","45400835","45401237","402"
"SL2.50ch11:45400835-45401304","72","45400835","45401304","469"
"SL2.50ch11:45403889-45404808","257","45403889","45404808","919"
"SL2.50ch11:45403903-45404547","248","45403903","45404547","644"
"SL2.50ch11:45406044-45406720","97","45406044","45406720","676"
"SL2.50ch11:45406107-45406635","85","45406107","45406635","528"
"SL2.50ch11:45411470-45413031","2007","45411470","45413031","1561"
"SL2.50ch11:45411477-45413071","2007","45411477","45413071","1594"
"SL2.50ch11:45417254-45418460","750","45417254","45418460","1206"
"SL2.50ch11:45417317-45418319","726","45417317","45418319","1002"
"SL2.50ch11:45422580-45423774","1601","45422580","45423774","1194"
"SL2.50ch11:45422586-45423618","1598","45422586","45423618","1032"
"SL2.50ch11:45440165-45440879","658","45440165","45440879","714"
"SL2.50ch11:45440169-45441052","664","45440169","45441052","883"
"SL2.50ch11:45444323-45444945","359","45444323","45444945","622"
"SL2.50ch11:45444356-45444858","359","45444356","45444858","502"
"SL2.50ch11:45446552-45449056","3168","45446552","45449056","2504"
"SL2.50ch11:45446644-45449027","3129","45446644","45449027","2383"
"SL2.50ch11:45450191-45451961","1482","45450191","45451961","1770"
"SL2.50ch11:45450196-45452029","1481","45450196","45452029","1833"
"SL2.50ch11:45459797-45460432","1205","45459797","45460432","635"
"SL2.50ch11:45459803-45460439","1205","45459803","45460439","636"
"SL2.50ch11:45461227-45462145","816","45461227","45462145","918"
"SL2.50ch11:45461260-45462081","815","45461260","45462081","821"
"SL2.50ch11:45463519-45465554","1961","45463519","45465554","2035"
"SL2.50ch11:45463548-45465554","1961","45463548","45465554","2006"
"SL2.50ch11:45475461-45476498","278","45475461","45476498","1037"
"SL2.50ch11:45475497-45476105","261","45475497","45476105","608"
"SL2.50ch11:45556112-45556600","47","45556112","45556600","488"
"SL2.50ch11:45560372-45561169","90","45560372","45561169","797"
"SL2.50ch11:45581334-45581709","45","45581334","45581709","375"
"SL2.50ch11:45626619-45626994","46","45626619","45626994","375"
"SL2.50ch11:45864853-45865441","68","45864853","45865441","588"
"SL2.50ch11:48465837-48466212","44","48465837","48466212","375"
"SL2.50ch11:48691951-48692326","106","48691951","48692326","375"
"SL2.50ch11:48717882-48719513","2361","48717882","48719513","1631"
"SL2.50ch11:48717894-48719621","2364","48717894","48719621","1727"
"SL2.50ch11:48869778-48870955","6659","48869778","48870955","1177"
"SL2.50ch11:48869826-48871305","6676","48869826","48871305","1479"
"SL2.50ch11:48874032-48874407","48","48874032","48874407","375"
"SL2.50ch11:48951925-48952408","63","48951925","48952408","483"
"SL2.50ch11:49617710-49620670","3218","49617710","49620670","2960"
"SL2.50ch11:49617835-49625590","9218","49617835","49625590","7755"
"SL2.50ch11:49621245-49625665","5988","49621245","49625665","4420"
"SL2.50ch11:49629321-49636174","5591","49629321","49636174","6853"
"SL2.50ch11:49629371-49631187","1737","49629371","49631187","1816"
"SL2.50ch11:49632467-49633328","880","49632467","49633328","861"
"SL2.50ch11:49633983-49636026","2496","49633983","49636026","2043"
"SL2.50ch11:49638648-49644092","2477","49638648","49644092","5444"
"SL2.50ch11:49638816-49640638","1269","49638816","49640638","1822"
"SL2.50ch11:49641566-49642532","708","49641566","49642532","966"
"SL2.50ch11:49643051-49643844","326","49643051","49643844","793"
"SL2.50ch11:49647978-49649592","1797","49647978","49649592","1614"
"SL2.50ch11:49648420-49649437","1733","49648420","49649437","1017"
"SL2.50ch11:50256207-50256968","1962","50256207","50256968","761"
"SL2.50ch11:50256234-50256904","1958","50256234","50256904","670"
"SL2.50ch11:50269930-50270332","149","50269930","50270332","402"
"SL2.50ch11:50794388-50795063","194","50794388","50795063","675"
"SL2.50ch11:50794510-50795000","190","50794510","50795000","490"
"SL2.50ch11:51013007-51013677","58","51013007","51013677","670"
"SL2.50ch11:51640950-51641426","71","51640950","51641426","476"
"SL2.50ch11:51640969-51641482","73","51640969","51641482","513"
"SL2.50ch11:53074910-53075381","71","53074910","53075381","471"
"SL2.50ch11:53587494-53587869","67","53587494","53587869","375"
"SL2.50ch11:55434577-55435600","228","55434577","55435600","1023"
"SL2.50ch11:55434683-55435658","225","55434683","55435658","975"
"SL2.50ch11:5768911-5769313","179","5768911","5769313","402"
"SL2.50ch11:7156086-7156752","128","7156086","7156752","666"
"SL2.50ch11:7156309-7156711","121","7156309","7156711","402"
"SL2.50ch11:7159693-7160095","125","7159693","7160095","402"
"SL2.50ch11:7159713-7160182","129","7159713","7160182","469"
"SL2.50ch11:8237824-8238485","68","8237824","8238485","661"
"SL2.50ch11:8470492-8472596","428","8470492","8472596","2104"
"SL2.50ch11:8470516-8472378","424","8470516","8472378","1862"
"SL2.50ch11:8479927-8480850","87","8479927","8480850","923"
"SL2.50ch11:8488520-8488993","55","8488520","8488993","473"
"SL2.50ch11:8509929-8510717","122","8509929","8510717","788"
"SL2.50ch11:8509954-8510688","121","8509954","8510688","734"
"SL2.50ch11:8517008-8517476","66","8517008","8517476","468"
"SL2.50ch11:9484220-9484969","153","9484220","9484969","749"
"SL2.50ch12:11125600-11126165","599","11125600","11126165","565"
"SL2.50ch12:11702022-11702636","63","11702022","11702636","614"
"SL2.50ch12:12049577-12050049","51","12049577","12050049","472"
"SL2.50ch12:12502481-12502856","46","12502481","12502856","375"
"SL2.50ch12:1281241-1282093","3800","1281241","1282093","852"
"SL2.50ch12:1281255-1282012","3800","1281255","1282012","757"
"SL2.50ch12:13093684-13094156","57","13093684","13094156","472"
"SL2.50ch12:13250747-13251330","181","13250747","13251330","583"
"SL2.50ch12:13409476-13410083","73","13409476","13410083","607"
"SL2.50ch12:15633989-15634957","132","15633989","15634957","968"
"SL2.50ch12:16497032-16498359","125","16497032","16498359","1327"
"SL2.50ch12:16584261-16584887","54","16584261","16584887","626"
"SL2.50ch12:16612583-16613064","60","16612583","16613064","481"
"SL2.50ch12:17016267-17017171","73","17016267","17017171","904"
"SL2.50ch12:17284165-17285287","109","17284165","17285287","1122"
"SL2.50ch12:17316112-17316705","64","17316112","17316705","593"
"SL2.50ch12:17330786-17334032","342","17330786","17334032","3246"
"SL2.50ch12:17335049-17335912","71","17335049","17335912","863"
"SL2.50ch12:17336362-17340703","491","17336362","17340703","4341"
"SL2.50ch12:17343133-17343956","112","17343133","17343956","823"
"SL2.50ch12:17344734-17347336","286","17344734","17347336","2602"
"SL2.50ch12:17369690-17375684","715","17369690","17375684","5994"
"SL2.50ch12:17454017-17455033","127","17454017","17455033","1016"
"SL2.50ch12:17462286-17463613","279","17462286","17463613","1327"
"SL2.50ch12:17462782-17463618","253","17462782","17463618","836"
"SL2.50ch12:17468858-17470321","629","17468858","17470321","1463"
"SL2.50ch12:17469011-17470277","613","17469011","17470277","1266"
"SL2.50ch12:17570240-17573194","311","17570240","17573194","2954"
"SL2.50ch12:17570388-17571221","141","17570388","17571221","833"
"SL2.50ch12:17582615-17583813","348","17582615","17583813","1198"
"SL2.50ch12:17582628-17583817","348","17582628","17583817","1189"
"SL2.50ch12:17584490-17586478","658","17584490","17586478","1988"
"SL2.50ch12:17584580-17586620","660","17584580","17586620","2040"
"SL2.50ch12:17593329-17593704","51","17593329","17593704","375"
"SL2.50ch12:17598661-17599862","134","17598661","17599862","1201"
"SL2.50ch12:17598690-17599092","91","17598690","17599092","402"
"SL2.50ch12:17600360-17602099","150","17600360","17602099","1739"
"SL2.50ch12:17605325-17606548","125","17605325","17606548","1223"
"SL2.50ch12:17770873-17771640","83","17770873","17771640","767"
"SL2.50ch12:19410326-19411466","103","19410326","19411466","1140"
"SL2.50ch12:20029637-20030318","65","20029637","20030318","681"
"SL2.50ch12:20970666-20971159","46","20970666","20971159","493"
"SL2.50ch12:21136812-21137445","58","21136812","21137445","633"
"SL2.50ch12:21139397-21144310","461","21139397","21144310","4913"
"SL2.50ch12:21395345-21396276","84","21395345","21396276","931"
"SL2.50ch12:22083326-22083847","53","22083326","22083847","521"
"SL2.50ch12:22466405-22470000","813","22466405","22470000","3595"
"SL2.50ch12:22467023-22469411","743","22467023","22469411","2388"
"SL2.50ch12:22471365-22472124","135","22471365","22472124","759"
"SL2.50ch12:22471532-22472141","120","22471532","22472141","609"
"SL2.50ch12:22476830-22479067","557","22476830","22479067","2237"
"SL2.50ch12:22476972-22477998","482","22476972","22477998","1026"
"SL2.50ch12:22568860-22569567","84","22568860","22569567","707"
"SL2.50ch12:22571503-22572833","336","22571503","22572833","1330"
"SL2.50ch12:22571716-22572716","320","22571716","22572716","1000"
"SL2.50ch12:22575892-22577134","303","22575892","22577134","1242"
"SL2.50ch12:22575916-22577049","290","22575916","22577049","1133"
"SL2.50ch12:22587644-22589017","206","22587644","22589017","1373"
"SL2.50ch12:22587685-22588533","180","22587685","22588533","848"
"SL2.50ch12:22599424-22600377","246","22599424","22600377","953"
"SL2.50ch12:22607887-22609038","120","22607887","22609038","1151"
"SL2.50ch12:22609875-22611919","211","22609875","22611919","2044"
"SL2.50ch12:22619667-22621067","469","22619667","22621067","1400"
"SL2.50ch12:22619712-22621059","469","22619712","22621059","1347"
"SL2.50ch12:22622896-22624203","464","22622896","22624203","1307"
"SL2.50ch12:22622931-22624229","464","22622931","22624229","1298"
"SL2.50ch12:22626450-22627721","204","22626450","22627721","1271"
"SL2.50ch12:22626749-22627746","189","22626749","22627746","997"
"SL2.50ch12:22636213-22637123","234","22636213","22637123","910"
"SL2.50ch12:22636416-22637156","221","22636416","22637156","740"
"SL2.50ch12:22638777-22640115","547","22638777","22640115","1338"
"SL2.50ch12:22638777-22640151","551","22638777","22640151","1374"
"SL2.50ch12:22640807-22641801","222","22640807","22641801","994"
"SL2.50ch12:22640877-22641692","215","22640877","22641692","815"
"SL2.50ch12:22642968-22644320","352","22642968","22644320","1352"
"SL2.50ch12:22642977-22644344","352","22642977","22644344","1367"
"SL2.50ch12:22647671-22649157","374","22647671","22649157","1486"
"SL2.50ch12:22647686-22649146","374","22647686","22649146","1460"
"SL2.50ch12:22653598-22653973","41","22653598","22653973","375"
"SL2.50ch12:22661664-22664212","352","22661664","22664212","2548"
"SL2.50ch12:22663015-22663628","99","22663015","22663628","613"
"SL2.50ch12:22698656-22699443","133","22698656","22699443","787"
"SL2.50ch12:22698712-22699544","141","22698712","22699544","832"
"SL2.50ch12:22729497-22736133","721","22729497","22736133","6636"
"SL2.50ch12:22756163-22757148","95","22756163","22757148","985"
"SL2.50ch12:22765306-22770404","734","22765306","22770404","5098"
"SL2.50ch12:22770993-22773736","395","22770993","22773736","2743"
"SL2.50ch12:22791466-22791841","49","22791466","22791841","375"
"SL2.50ch12:23358906-23359281","44","23358906","23359281","375"
"SL2.50ch12:24078701-24079560","3369","24078701","24079560","859"
"SL2.50ch12:24169458-24169930","56","24169458","24169930","472"
"SL2.50ch12:26175653-26176028","50","26175653","26176028","375"
"SL2.50ch12:26321657-26322032","44","26321657","26322032","375"
"SL2.50ch12:26463352-26463727","42","26463352","26463727","375"
"SL2.50ch12:26867044-26867419","45","26867044","26867419","375"
"SL2.50ch12:27365076-27365798","79","27365076","27365798","722"
"SL2.50ch12:29229996-29231202","119","29229996","29231202","1206"
"SL2.50ch12:29494451-29494826","39","29494451","29494826","375"
"SL2.50ch12:30017705-30018208","933","30017705","30018208","503"
"SL2.50ch12:31058653-31059028","46","31058653","31059028","375"
"SL2.50ch12:3209901-3210407","121","3209901","3210407","506"
"SL2.50ch12:32393559-32395295","157","32393559","32395295","1736"
"SL2.50ch12:32491718-32492238","56","32491718","32492238","520"
"SL2.50ch12:32676301-32676676","49","32676301","32676676","375"
"SL2.50ch12:33401409-33401784","63","33401409","33401784","375"
"SL2.50ch12:33815406-33815808","353","33815406","33815808","402"
"SL2.50ch12:33827523-33828515","204","33827523","33828515","992"
"SL2.50ch12:33961197-33961572","48","33961197","33961572","375"
"SL2.50ch12:34179760-34180304","53","34179760","34180304","544"
"SL2.50ch12:34295103-34305798","2220","34295103","34305798","10695"
"SL2.50ch12:34306193-34319398","2241","34306193","34319398","13205"
"SL2.50ch12:35956067-35956540","53","35956067","35956540","473"
"SL2.50ch12:36092612-36136248","7454","36092612","36136248","43636"
"SL2.50ch12:36147721-36149541","179","36147721","36149541","1820"
"SL2.50ch12:36168713-36169186","55","36168713","36169186","473"
"SL2.50ch12:36172679-36176703","376","36172679","36176703","4024"
"SL2.50ch12:36178209-36178584","51","36178209","36178584","375"
"SL2.50ch12:36179078-36182664","362","36179078","36182664","3586"
"SL2.50ch12:36192610-36197008","379","36192610","36197008","4398"
"SL2.50ch12:36197435-36198793","141","36197435","36198793","1358"
"SL2.50ch12:36213291-36218331","553","36213291","36218331","5040"
"SL2.50ch12:36218739-36219696","116","36218739","36219696","957"
"SL2.50ch12:36223379-36226257","252","36223379","36226257","2878"
"SL2.50ch12:36240623-36241559","85","36240623","36241559","936"
"SL2.50ch12:36242452-36243295","81","36242452","36243295","843"
"SL2.50ch12:36243674-36246207","237","36243674","36246207","2533"
"SL2.50ch12:36247013-36250322","335","36247013","36250322","3309"
"SL2.50ch12:37504894-37505472","103","37504894","37505472","578"
"SL2.50ch12:37679988-37680515","267","37679988","37680515","527"
"SL2.50ch12:37680016-37680506","267","37680016","37680506","490"
"SL2.50ch12:38096537-38098487","179","38096537","38098487","1950"
"SL2.50ch12:39449893-39450478","57","39449893","39450478","585"
"SL2.50ch12:42006160-42006629","83","42006160","42006629","469"
"SL2.50ch12:42325906-42326396","63","42325906","42326396","490"
"SL2.50ch12:42620046-42620621","60","42620046","42620621","575"
"SL2.50ch12:4279797-4283741","1905","4279797","4283741","3944"
"SL2.50ch12:4279848-4283783","1899","4279848","4283783","3935"
"SL2.50ch12:4296541-4297125","59","4296541","4297125","584"
"SL2.50ch12:4297709-4298629","141","4297709","4298629","920"
"SL2.50ch12:4300147-4301817","196","4300147","4301817","1670"
"SL2.50ch12:4302871-4303457","68","4302871","4303457","586"
"SL2.50ch12:4308732-4310108","143","4308732","4310108","1376"
"SL2.50ch12:4311879-4312254","47","4311879","4312254","375"
"SL2.50ch12:4328906-4330117","181","4328906","4330117","1211"
"SL2.50ch12:4335353-4336360","163","4335353","4336360","1007"
"SL2.50ch12:4350346-4351076","163","4350346","4351076","730"
"SL2.50ch12:4350355-4351379","180","4350355","4351379","1024"
"SL2.50ch12:45737991-45738393","266","45737991","45738393","402"
"SL2.50ch12:46125872-46126868","145","46125872","46126868","996"
"SL2.50ch12:48944674-48945049","50","48944674","48945049","375"
"SL2.50ch12:49282718-49283274","937","49282718","49283274","556"
"SL2.50ch12:49661847-49662603","2470","49661847","49662603","756"
"SL2.50ch12:49661919-49662621","2470","49661919","49662621","702"
"SL2.50ch12:49894365-49895056","74","49894365","49895056","691"
"SL2.50ch12:50172170-50173835","312","50172170","50173835","1665"
"SL2.50ch12:50172603-50173705","295","50172603","50173705","1102"
"SL2.50ch12:5094055-5094457","428","5094055","5094457","402"
"SL2.50ch12:51036441-51037152","94","51036441","51037152","711"
"SL2.50ch12:51038594-51038996","121","51038594","51038996","402"
"SL2.50ch12:51040250-51042235","795","51040250","51042235","1985"
"SL2.50ch12:51040466-51041177","536","51040466","51041177","711"
"SL2.50ch12:51041623-51042025","234","51041623","51042025","402"
"SL2.50ch12:51073475-51073965","205","51073475","51073965","490"
"SL2.50ch12:51073582-51074050","203","51073582","51074050","468"
"SL2.50ch12:51538054-51538685","222","51538054","51538685","631"
"SL2.50ch12:51538141-51538905","241","51538141","51538905","764"
"SL2.50ch12:51544216-51545827","328","51544216","51545827","1611"
"SL2.50ch12:51544315-51545030","278","51544315","51545030","715"
"SL2.50ch12:51597168-51597798","1802","51597168","51597798","630"
"SL2.50ch12:51597234-51597796","1799","51597234","51597796","562"
"SL2.50ch12:5192094-5192691","109","5192094","5192691","597"
"SL2.50ch12:5194273-5194840","65","5194273","5194840","567"
"SL2.50ch12:52831357-52831732","40","52831357","52831732","375"
"SL2.50ch12:52832186-52833138","80","52832186","52833138","952"
"SL2.50ch12:53994766-53995245","48","53994766","53995245","479"
"SL2.50ch12:54088521-54089007","51","54088521","54089007","486"
"SL2.50ch12:54256028-54257444","376","54256028","54257444","1416"
"SL2.50ch12:54273685-54274175","1855","54273685","54274175","490"
"SL2.50ch12:54273746-54274315","1914","54273746","54274315","569"
"SL2.50ch12:54304479-54305831","397","54304479","54305831","1352"
"SL2.50ch12:54315136-54316473","210","54315136","54316473","1337"
"SL2.50ch12:54318549-54319669","139","54318549","54319669","1120"
"SL2.50ch12:54672271-54672742","56","54672271","54672742","471"
"SL2.50ch12:55224550-55225126","106","55224550","55225126","576"
"SL2.50ch12:55224649-55225051","100","55224649","55225051","402"
"SL2.50ch12:55407597-55408072","50","55407597","55408072","475"
"SL2.50ch12:56908861-56910045","4927","56908861","56910045","1184"
"SL2.50ch12:56909105-56910099","4922","56909105","56910099","994"
"SL2.50ch12:57042969-57043783","110","57042969","57043783","814"
"SL2.50ch12:57552167-57553571","202","57552167","57553571","1404"
"SL2.50ch12:57600573-57601099","60","57600573","57601099","526"
"SL2.50ch12:57621664-57622367","201","57621664","57622367","703"
"SL2.50ch12:57621722-57622278","197","57621722","57622278","556"
"SL2.50ch12:58258318-58258901","64","58258318","58258901","583"
"SL2.50ch12:5831512-5832564","134","5831512","5832564","1052"
"SL2.50ch12:58814694-58815220","62","58814694","58815220","526"
"SL2.50ch12:59137510-59138124","1230","59137510","59138124","614"
"SL2.50ch12:59550555-59551646","104","59550555","59551646","1091"
"SL2.50ch12:60389381-60390063","77","60389381","60390063","682"
"SL2.50ch12:60463834-60464740","86","60463834","60464740","906"
"SL2.50ch12:60486630-60488203","141","60486630","60488203","1573"
"SL2.50ch12:60490968-60492417","150","60490968","60492417","1449"
"SL2.50ch12:60515989-60519415","363","60515989","60519415","3426"
"SL2.50ch12:60519967-60520916","109","60519967","60520916","949"
"SL2.50ch12:60523099-60526344","306","60523099","60526344","3245"
"SL2.50ch12:60531411-60533781","286","60531411","60533781","2370"
"SL2.50ch12:60539242-60543562","465","60539242","60543562","4320"
"SL2.50ch12:60544224-60545183","114","60544224","60545183","959"
"SL2.50ch12:60545801-60574312","4653","60545801","60574312","28511"
"SL2.50ch12:60626176-60631414","766","60626176","60631414","5238"
"SL2.50ch12:60697245-60717814","3358","60697245","60717814","20569"
"SL2.50ch12:60709767-60717648","1551","60709767","60717648","7881"
"SL2.50ch12:60718776-60737505","3789","60718776","60737505","18729"
"SL2.50ch12:60736444-60737079","159","60736444","60737079","635"
"SL2.50ch12:60945362-60945951","68","60945362","60945951","589"
"SL2.50ch12:60947730-60949734","4038","60947730","60949734","2004"
"SL2.50ch12:60947758-60951646","4446","60947758","60951646","3888"
"SL2.50ch12:61002478-61005865","1937","61002478","61005865","3387"
"SL2.50ch12:61003004-61005586","1896","61003004","61005586","2582"
"SL2.50ch12:61476812-61480913","372","61476812","61480913","4101"
"SL2.50ch12:61617077-61618674","156","61617077","61618674","1597"
"SL2.50ch12:61625619-61633960","942","61625619","61633960","8341"
"SL2.50ch12:61636552-61659148","3003","61636552","61659148","22596"
"SL2.50ch12:61650844-61651914","249","61650844","61651914","1070"
"SL2.50ch12:6204133-6204665","88","6204133","6204665","532"
"SL2.50ch12:6208324-6208892","69","6208324","6208892","568"
"SL2.50ch12:62260216-62260714","175","62260216","62260714","498"
"SL2.50ch12:62260226-62260716","175","62260226","62260716","490"
"SL2.50ch12:62670986-62673764","264","62670986","62673764","2778"
"SL2.50ch12:63804493-63805112","394","63804493","63805112","619"
"SL2.50ch12:63804577-63805144","392","63804577","63805144","567"
"SL2.50ch12:63885211-63885989","366","63885211","63885989","778"
"SL2.50ch12:63885246-63885736","356","63885246","63885736","490"
"SL2.50ch12:65405426-65406020","1439","65405426","65406020","594"
"SL2.50ch12:65405486-65406101","1439","65405486","65406101","615"
"SL2.50ch12:65636064-65636966","5667","65636064","65636966","902"
"SL2.50ch12:65636113-65636817","5661","65636113","65636817","704"
"SL2.50ch12:65736494-65739214","335","65736494","65739214","2720"
"SL2.50ch12:65737654-65738267","107","65737654","65738267","613"
"SL2.50ch12:65744928-65745598","254","65744928","65745598","670"
"SL2.50ch12:65745102-65745592","250","65745102","65745592","490"
"SL2.50ch12:7262949-7263680","74","7262949","7263680","731"
"SL2.50ch12:7358547-7359341","4222","7358547","7359341","794"
"SL2.50ch12:7358570-7359322","4219","7358570","7359322","752"
"SL2.50ch12:8135988-8136573","58","8135988","8136573","585"
"SL2.50ch12:870448-871151","821","870448","871151","703"
"SL2.50ch12:870453-871063","821","870453","871063","610"
"SL2.50ch12:8743223-8743799","57","8743223","8743799","576"
"SL2.50ch12:8853115-8853588","143","8853115","8853588","473"
"SL2.50ch12:9622181-9623979","188","9622181","9623979","1798"
"SL2.50ch12:9687502-9687877","51","9687502","9687877","375"
"__no_feature","23895554","__no_feature","__no_feature","Bad Read Size"
"__ambiguous","3284993","__ambiguous","__ambiguous","Bad Read Size"
"__too_low_aQual","4700586","__too_low_aQual","__too_low_aQual","Bad Read Size"
"__not_aligned","0","__not_aligned","__not_aligned","Bad Read Size"
"__alignment_not_unique","0","__alignment_not_unique","__alignment_not_unique","Bad Read Size"
