"SL2.50ch00:10005141-10011112","2667","10005141","10011112","5971"
"SL2.50ch00:10065487-10066763","389","10065487","10066763","1276"
"SL2.50ch00:10068907-10069554","213","10068907","10069554","647"
"SL2.50ch00:10077002-10077940","333","10077002","10077940","938"
"SL2.50ch00:10083677-10084008","95","10083677","10084008","331"
"SL2.50ch00:10083717-10084121","109","10083717","10084121","404"
"SL2.50ch00:10087141-10087522","92","10087141","10087522","381"
"SL2.50ch00:10091503-10092106","160","10091503","10092106","603"
"SL2.50ch00:10093140-10093724","194","10093140","10093724","584"
"SL2.50ch00:10103496-10104116","264","10103496","10104116","620"
"SL2.50ch00:10105984-10106392","120","10105984","10106392","408"
"SL2.50ch00:10108110-10108526","175","10108110","10108526","416"
"SL2.50ch00:10111024-10111355","81","10111024","10111355","331"
"SL2.50ch00:10117335-10118295","338","10117335","10118295","960"
"SL2.50ch00:10120087-10122222","624","10120087","10122222","2135"
"SL2.50ch00:10120718-10122214","492","10120718","10122214","1496"
"SL2.50ch00:10152460-10155800","970","10152460","10155800","3340"
"SL2.50ch00:10152754-10155689","894","10152754","10155689","2935"
"SL2.50ch00:10157628-10158609","376","10157628","10158609","981"
"SL2.50ch00:10157650-10158569","358","10157650","10158569","919"
"SL2.50ch00:10272221-10272832","280","10272221","10272832","611"
"SL2.50ch00:10279819-10280479","189","10279819","10280479","660"
"SL2.50ch00:10289422-10289901","170","10289422","10289901","479"
"SL2.50ch00:10290736-10291286","140","10290736","10291286","550"
"SL2.50ch00:10291703-10292158","203","10291703","10292158","455"
"SL2.50ch00:10297595-10298546","510","10297595","10298546","951"
"SL2.50ch00:10297703-10298485","489","10297703","10298485","782"
"SL2.50ch00:10299741-10300252","158","10299741","10300252","511"
"SL2.50ch00:10302592-10303453","204","10302592","10303453","861"
"SL2.50ch00:10307193-10307574","101","10307193","10307574","381"
"SL2.50ch00:10312875-10313412","235","10312875","10313412","537"
"SL2.50ch00:10399107-10400823","917","10399107","10400823","1716"
"SL2.50ch00:10399126-10400773","915","10399126","10400773","1647"
"SL2.50ch00:10401962-10403570","1413","10401962","10403570","1608"
"SL2.50ch00:10402022-10403589","1408","10402022","10403589","1567"
"SL2.50ch00:10405120-10406139","399","10405120","10406139","1019"
"SL2.50ch00:10410732-10412157","822","10410732","10412157","1425"
"SL2.50ch00:10413931-10414420","193","10413931","10414420","489"
"SL2.50ch00:10421271-10422036","318","10421271","10422036","765"
"SL2.50ch00:10421325-10421900","296","10421325","10421900","575"
"SL2.50ch00:10423992-10424622","204","10423992","10424622","630"
"SL2.50ch00:10428518-10429766","789","10428518","10429766","1248"
"SL2.50ch00:10428560-10429877","783","10428560","10429877","1317"
"SL2.50ch00:10431331-10432014","194","10431331","10432014","683"
"SL2.50ch00:10438317-10439161","376","10438317","10439161","844"
"SL2.50ch00:10476481-10481250","1338","10476481","10481250","4769"
"SL2.50ch00:10482665-10483675","301","10482665","10483675","1010"
"SL2.50ch00:10485707-10487511","870","10485707","10487511","1804"
"SL2.50ch00:10502513-10503036","94","10502513","10503036","523"
"SL2.50ch00:10508200-10508581","142","10508200","10508581","381"
"SL2.50ch00:10512279-10513587","276","10512279","10513587","1308"
"SL2.50ch00:10574814-10576035","712","10574814","10576035","1221"
"SL2.50ch00:10574843-10576103","712","10574843","10576103","1260"
"SL2.50ch00:10577314-10578590","344","10577314","10578590","1276"
"SL2.50ch00:10581664-10582341","132","10581664","10582341","677"
"SL2.50ch00:10588136-10588834","217","10588136","10588834","698"
"SL2.50ch00:10600590-10600921","128","10600590","10600921","331"
"SL2.50ch00:10601253-10602032","280","10601253","10602032","779"
"SL2.50ch00:10603667-10606248","1735","10603667","10606248","2581"
"SL2.50ch00:10604061-10606228","1695","10604061","10606228","2167"
"SL2.50ch00:10607822-10610054","2092","10607822","10610054","2232"
"SL2.50ch00:10607854-10610082","2092","10607854","10610082","2228"
"SL2.50ch00:10617025-10618102","1748","10617025","10618102","1077"
"SL2.50ch00:10617045-10618174","1748","10617045","10618174","1129"
"SL2.50ch00:10627392-10628351","1491","10627392","10628351","959"
"SL2.50ch00:10627420-10628331","1491","10627420","10628331","911"
"SL2.50ch00:10630303-10630941","525","10630303","10630941","638"
"SL2.50ch00:10630322-10630895","525","10630322","10630895","573"
"SL2.50ch00:10632640-10636737","3577","10632640","10636737","4097"
"SL2.50ch00:10632707-10636726","3567","10632707","10636726","4019"
"SL2.50ch00:10638493-10640185","3177","10638493","10640185","1692"
"SL2.50ch00:10638591-10640187","3172","10638591","10640187","1596"
"SL2.50ch00:10642033-10643902","2483","10642033","10643902","1869"
"SL2.50ch00:10642037-10643846","2483","10642037","10643846","1809"
"SL2.50ch00:10644515-10646026","1181","10644515","10646026","1511"
"SL2.50ch00:10644516-10645874","1169","10644516","10645874","1358"
"SL2.50ch00:10651555-10652266","498","10651555","10652266","711"
"SL2.50ch00:10651628-10652252","490","10651628","10652252","624"
"SL2.50ch00:10653584-10655204","919","10653584","10655204","1620"
"SL2.50ch00:10656082-10657809","726","10656082","10657809","1727"
"SL2.50ch00:10659682-10660159","226","10659682","10660159","477"
"SL2.50ch00:10660575-10661051","118","10660575","10661051","476"
"SL2.50ch00:10664093-10664879","1596","10664093","10664879","786"
"SL2.50ch00:10665512-10666210","2640","10665512","10666210","698"
"SL2.50ch00:10665535-10666163","2640","10665535","10666163","628"
"SL2.50ch00:10667197-10669630","10603","10667197","10669630","2433"
"SL2.50ch00:10667249-10669624","10564","10667249","10669624","2375"
"SL2.50ch00:10672327-10672995","2302","10672327","10672995","668"
"SL2.50ch00:10672331-10673001","2302","10672331","10673001","670"
"SL2.50ch00:10675576-10676676","2772","10675576","10676676","1100"
"SL2.50ch00:10675601-10676553","2765","10675601","10676553","952"
"SL2.50ch00:10680500-10686366","31252","10680500","10686366","5866"
"SL2.50ch00:10680507-10686395","31252","10680507","10686395","5888"
"SL2.50ch00:10687183-10692743","26178","10687183","10692743","5560"
"SL2.50ch00:10687194-10692736","26178","10687194","10692736","5542"
"SL2.50ch00:10721202-10722706","443","10721202","10722706","1504"
"SL2.50ch00:10729266-10730646","1161","10729266","10730646","1380"
"SL2.50ch00:10729366-10730692","1146","10729366","10730692","1326"
"SL2.50ch00:10731640-10733467","1446","10731640","10733467","1827"
"SL2.50ch00:10735708-10737046","335","10735708","10737046","1338"
"SL2.50ch00:10739930-10740261","114","10739930","10740261","331"
"SL2.50ch00:10743581-10745195","704","10743581","10745195","1614"
"SL2.50ch00:10746713-10748833","778","10746713","10748833","2120"
"SL2.50ch00:10749908-10750239","55","10749908","10750239","331"
"SL2.50ch00:10751930-10752550","132","10751930","10752550","620"
"SL2.50ch00:10776616-10777858","483","10776616","10777858","1242"
"SL2.50ch00:10778540-10781054","754","10778540","10781054","2514"
"SL2.50ch00:10783354-10784036","339","10783354","10784036","682"
"SL2.50ch00:10783509-10783913","295","10783509","10783913","404"
"SL2.50ch00:10788509-10789242","415","10788509","10789242","733"
"SL2.50ch00:10788760-10789164","351","10788760","10789164","404"
"SL2.50ch00:10793463-10794063","228","10793463","10794063","600"
"SL2.50ch00:10793486-10794207","226","10793486","10794207","721"
"SL2.50ch00:10798448-10803540","1706","10798448","10803540","5092"
"SL2.50ch00:10830646-10832242","1734","10830646","10832242","1596"
"SL2.50ch00:10830818-10832276","1733","10830818","10832276","1458"
"SL2.50ch00:10834896-10835805","848","10834896","10835805","909"
"SL2.50ch00:10834936-10835789","832","10834936","10835789","853"
"SL2.50ch00:10842071-10842585","255","10842071","10842585","514"
"SL2.50ch00:10842074-10842575","255","10842074","10842575","501"
"SL2.50ch00:10843896-10845227","522","10843896","10845227","1331"
"SL2.50ch00:10846170-10847034","811","10846170","10847034","864"
"SL2.50ch00:10846224-10847047","811","10846224","10847047","823"
"SL2.50ch00:10848807-10849976","715","10848807","10849976","1169"
"SL2.50ch00:10854621-10857569","1232","10854621","10857569","2948"
"SL2.50ch00:10868809-10869190","85","10868809","10869190","381"
"SL2.50ch00:10910268-10911385","901","10910268","10911385","1117"
"SL2.50ch00:10910370-10911449","902","10910370","10911449","1079"
"SL2.50ch00:10914174-10914910","469","10914174","10914910","736"
"SL2.50ch00:10914338-10914844","437","10914338","10914844","506"
"SL2.50ch00:10917250-10919722","2778","10917250","10919722","2472"
"SL2.50ch00:10917261-10919734","2777","10917261","10919734","2473"
"SL2.50ch00:10926623-10928866","1416","10926623","10928866","2243"
"SL2.50ch00:10926626-10929287","1486","10926626","10929287","2661"
"SL2.50ch00:10930953-10933110","1050","10930953","10933110","2157"
"SL2.50ch00:10931866-10933008","829","10931866","10933008","1142"
"SL2.50ch00:10936035-10937735","467","10936035","10937735","1700"
"SL2.50ch00:10940054-10943891","1340","10940054","10943891","3837"
"SL2.50ch00:10945399-10946478","333","10945399","10946478","1079"
"SL2.50ch00:10947725-10954068","1836","10947725","10954068","6343"
"SL2.50ch00:10956482-10960667","1279","10956482","10960667","4185"
"SL2.50ch00:10963552-10964142","207","10963552","10964142","590"
"SL2.50ch00:10971004-10972145","410","10971004","10972145","1141"
"SL2.50ch00:10971048-10972223","411","10971048","10972223","1175"
"SL2.50ch00:10985064-10986782","814","10985064","10986782","1718"
"SL2.50ch00:10985073-10986834","814","10985073","10986834","1761"
"SL2.50ch00:10990687-10995808","2034","10990687","10995808","5121"
"SL2.50ch00:10998618-11000310","858","10998618","11000310","1692"
"SL2.50ch00:11005052-11006987","1044","11005052","11006987","1935"
"SL2.50ch00:11007680-11008269","194","11007680","11008269","589"
"SL2.50ch00:11012514-11012895","102","11012514","11012895","381"
"SL2.50ch00:11031644-11031975","120","11031644","11031975","331"
"SL2.50ch00:11055079-11077480","87642","11055079","11077480","22401"
"SL2.50ch00:11055103-11077486","87642","11055103","11077486","22383"
"SL2.50ch00:11141761-11146375","1371","11141761","11146375","4614"
"SL2.50ch00:11147031-11148450","474","11147031","11148450","1419"
"SL2.50ch00:11147056-11148474","474","11147056","11148474","1418"
"SL2.50ch00:11156005-11156811","162","11156005","11156811","806"
"SL2.50ch00:11182413-11182990","216","11182413","11182990","577"
"SL2.50ch00:11182455-11182963","210","11182455","11182963","508"
"SL2.50ch00:11184554-11185987","473","11184554","11185987","1433"
"SL2.50ch00:11184559-11185963","473","11184559","11185963","1404"
"SL2.50ch00:11239943-11240920","417","11239943","11240920","977"
"SL2.50ch00:11242538-11243692","453","11242538","11243692","1154"
"SL2.50ch00:11244917-11246524","749","11244917","11246524","1607"
"SL2.50ch00:11251418-11254505","1132","11251418","11254505","3087"
"SL2.50ch00:11251473-11254521","1128","11251473","11254521","3048"
"SL2.50ch00:11256077-11257931","642","11256077","11257931","1854"
"SL2.50ch00:11293074-11293554","138","11293074","11293554","480"
"SL2.50ch00:11295501-11296038","135","11295501","11296038","537"
"SL2.50ch00:11297430-11297761","137","11297430","11297761","331"
"SL2.50ch00:11301434-11301838","153","11301434","11301838","404"
"SL2.50ch00:11301523-11301854","125","11301523","11301854","331"
"SL2.50ch00:11308046-11308427","116","11308046","11308427","381"
"SL2.50ch00:11310727-11313687","2567","11310727","11313687","2960"
"SL2.50ch00:11310886-11313674","2555","11310886","11313674","2788"
"SL2.50ch00:11314410-11315883","1378","11314410","11315883","1473"
"SL2.50ch00:11314447-11315959","1374","11314447","11315959","1512"
"SL2.50ch00:11317036-11318741","781","11317036","11318741","1705"
"SL2.50ch00:11321826-11325870","1293","11321826","11325870","4044"
"SL2.50ch00:11326911-11336372","2441","11326911","11336372","9461"
"SL2.50ch00:11337261-11343309","1741","11337261","11343309","6048"
"SL2.50ch00:11344369-11345115","199","11344369","11345115","746"
"SL2.50ch00:11362846-11363749","439","11362846","11363749","903"
"SL2.50ch00:11362909-11363764","426","11362909","11363764","855"
"SL2.50ch00:11369358-11374033","1486","11369358","11374033","4675"
"SL2.50ch00:11377464-11379406","837","11377464","11379406","1942"
"SL2.50ch00:11377992-11379414","741","11377992","11379414","1422"
"SL2.50ch00:11396268-11398033","1226","11396268","11398033","1765"
"SL2.50ch00:11396281-11398063","1222","11396281","11398063","1782"
"SL2.50ch00:11398844-11404525","3072","11398844","11404525","5681"
"SL2.50ch00:11411131-11412638","1079","11411131","11412638","1507"
"SL2.50ch00:11411210-11412550","1071","11411210","11412550","1340"
"SL2.50ch00:11435021-11435402","100","11435021","11435402","381"
"SL2.50ch00:11443840-11444538","242","11443840","11444538","698"
"SL2.50ch00:11479280-11479661","51","11479280","11479661","381"
"SL2.50ch00:11490693-11491596","387","11490693","11491596","903"
"SL2.50ch00:11492825-11494397","499","11492825","11494397","1572"
"SL2.50ch00:11495640-11497102","566","11495640","11497102","1462"
"SL2.50ch00:11499381-11501263","838","11499381","11501263","1882"
"SL2.50ch00:11501876-11503245","815","11501876","11503245","1369"
"SL2.50ch00:11501908-11503138","810","11501908","11503138","1230"
"SL2.50ch00:11504375-11505179","553","11504375","11505179","804"
"SL2.50ch00:11504386-11505193","549","11504386","11505193","807"
"SL2.50ch00:11510384-11512323","574","11510384","11512323","1939"
"SL2.50ch00:11516613-11517616","244","11516613","11517616","1003"
"SL2.50ch00:11516614-11517613","244","11516614","11517613","999"
"SL2.50ch00:11520028-11520796","123","11520028","11520796","768"
"SL2.50ch00:11531048-11531810","228","11531048","11531810","762"
"SL2.50ch00:11534129-11548181","8279","11534129","11548181","14052"
"SL2.50ch00:11565499-11566054","159","11565499","11566054","555"
"SL2.50ch00:11576949-11583147","2713","11576949","11583147","6198"
"SL2.50ch00:11650849-11651285","151","11650849","11651285","436"
"SL2.50ch00:11655343-11656870","2103","11655343","11656870","1527"
"SL2.50ch00:11655363-11656901","2103","11655363","11656901","1538"
"SL2.50ch00:11658373-11659357","675","11658373","11659357","984"
"SL2.50ch00:11658413-11659410","675","11658413","11659410","997"
"SL2.50ch00:11685738-11686901","602","11685738","11686901","1163"
"SL2.50ch00:11687500-11689613","1145","11687500","11689613","2113"
"SL2.50ch00:11687565-11689537","1145","11687565","11689537","1972"
"SL2.50ch00:11690472-11694305","1140","11690472","11694305","3833"
"SL2.50ch00:11695255-11695660","226","11695255","11695660","405"
"SL2.50ch00:11697545-11698487","514","11697545","11698487","942"
"SL2.50ch00:11736257-11738084","2073","11736257","11738084","1827"
"SL2.50ch00:11736295-11738062","2072","11736295","11738062","1767"
"SL2.50ch00:11773888-11775696","5815","11773888","11775696","1808"
"SL2.50ch00:11773931-11775731","5765","11773931","11775731","1800"
"SL2.50ch00:11777402-11778481","4040","11777402","11778481","1079"
"SL2.50ch00:11777453-11778470","3909","11777453","11778470","1017"
"SL2.50ch00:11780895-11782018","3874","11780895","11782018","1123"
"SL2.50ch00:11780914-11782081","3849","11780914","11782081","1167"
"SL2.50ch00:11782576-11786164","11902","11782576","11786164","3588"
"SL2.50ch00:11782593-11786224","11909","11782593","11786224","3631"
"SL2.50ch00:11789600-11790182","220","11789600","11790182","582"
"SL2.50ch00:11789639-11790399","255","11789639","11790399","760"
"SL2.50ch00:11796752-11810419","55414","11796752","11810419","13667"
"SL2.50ch00:11798253-11810444","55117","11798253","11810444","12191"
"SL2.50ch00:11819282-11819771","115","11819282","11819771","489"
"SL2.50ch00:11851636-11852113","160","11851636","11852113","477"
"SL2.50ch00:11855496-11855877","91","11855496","11855877","381"
"SL2.50ch00:11857574-11857905","106","11857574","11857905","331"
"SL2.50ch00:11901425-11901973","158","11901425","11901973","548"
"SL2.50ch00:11913173-11913606","133","11913173","11913606","433"
"SL2.50ch00:11919657-11919988","64","11919657","11919988","331"
"SL2.50ch00:11922194-11922525","78","11922194","11922525","331"
"SL2.50ch00:11934769-11935958","480","11934769","11935958","1189"
"SL2.50ch00:11944473-11945832","538","11944473","11945832","1359"
"SL2.50ch00:11966724-11976904","36889","11966724","11976904","10180"
"SL2.50ch00:11966763-11976921","36881","11966763","11976921","10158"
"SL2.50ch00:11986901-11987970","856","11986901","11987970","1069"
"SL2.50ch00:11986947-11988035","856","11986947","11988035","1088"
"SL2.50ch00:11990826-11991727","556","11990826","11991727","901"
"SL2.50ch00:11993083-11994663","1890","11993083","11994663","1580"
"SL2.50ch00:11993108-11994595","1890","11993108","11994595","1487"
"SL2.50ch00:11996161-11996887","847","11996161","11996887","726"
"SL2.50ch00:11996165-11996956","854","11996165","11996956","791"
"SL2.50ch00:12005346-12016200","53730","12005346","12016200","10854"
"SL2.50ch00:12006247-12016261","53575","12006247","12016261","10014"
"SL2.50ch00:12039409-12041187","312","12039409","12041187","1778"
"SL2.50ch00:12088095-12089625","466","12088095","12089625","1530"
"SL2.50ch00:12090869-12091736","350","12090869","12091736","867"
"SL2.50ch00:12128069-12129195","376","12128069","12129195","1126"
"SL2.50ch00:12128080-12154019","68906","12128080","12154019","25939"
"SL2.50ch00:12129811-12133841","2434","12129811","12133841","4030"
"SL2.50ch00:12135070-12154020","65648","12135070","12154020","18950"
"SL2.50ch00:12211658-12219923","3508","12211658","12219923","8265"
"SL2.50ch00:12212183-12219705","3404","12212183","12219705","7522"
"SL2.50ch00:12266042-12266373","58","12266042","12266373","331"
"SL2.50ch00:12266855-12282012","61567","12266855","12282012","15157"
"SL2.50ch00:12266900-12282088","61565","12266900","12282088","15188"
"SL2.50ch00:12300631-12302445","535","12300631","12302445","1814"
"SL2.50ch00:12301258-12302308","360","12301258","12302308","1050"
"SL2.50ch00:12312511-12319827","2036","12312511","12319827","7316"
"SL2.50ch00:12322626-12323776","332","12322626","12323776","1150"
"SL2.50ch00:12327818-12328740","256","12327818","12328740","922"
"SL2.50ch00:12339756-12340219","95","12339756","12340219","463"
"SL2.50ch00:12348859-12349873","415","12348859","12349873","1014"
"SL2.50ch00:12348900-12349859","407","12348900","12349859","959"
"SL2.50ch00:12492800-12501089","3120","12492800","12501089","8289"
"SL2.50ch00:12492909-12499238","2663","12492909","12499238","6329"
"SL2.50ch00:12499680-12501104","394","12499680","12501104","1424"
"SL2.50ch00:12504572-12506066","350","12504572","12506066","1494"
"SL2.50ch00:12561321-12561702","72","12561321","12561702","381"
"SL2.50ch00:12570057-12572446","637","12570057","12572446","2389"
"SL2.50ch00:12643039-12645240","646","12643039","12645240","2201"
"SL2.50ch00:12646321-12647655","412","12646321","12647655","1334"
"SL2.50ch00:12648597-12648928","87","12648597","12648928","331"
"SL2.50ch00:12669261-12669592","50","12669261","12669592","331"
"SL2.50ch00:12704257-12704588","65","12704257","12704588","331"
"SL2.50ch00:12754371-12754752","164","12754371","12754752","381"
"SL2.50ch00:12756548-12757566","764","12756548","12757566","1018"
"SL2.50ch00:12756562-12757520","764","12756562","12757520","958"
"SL2.50ch00:12758317-12760221","2110","12758317","12760221","1904"
"SL2.50ch00:12758322-12760244","2110","12758322","12760244","1922"
"SL2.50ch00:12772555-12778363","2215","12772555","12778363","5808"
"SL2.50ch00:12783643-12784259","178","12783643","12784259","616"
"SL2.50ch00:12885083-12890446","1465","12885083","12890446","5363"
"SL2.50ch00:12935953-12936381","88","12935953","12936381","428"
"SL2.50ch00:12942422-12943337","435","12942422","12943337","915"
"SL2.50ch00:12944934-12947743","1040","12944934","12947743","2809"
"SL2.50ch00:12953378-12958577","13700","12953378","12958577","5199"
"SL2.50ch00:12953577-12958707","13688","12953577","12958707","5130"
"SL2.50ch00:13043047-13043844","270","13043047","13043844","797"
"SL2.50ch00:13052241-13053765","653","13052241","13053765","1524"
"SL2.50ch00:13173913-13179168","2359","13173913","13179168","5255"
"SL2.50ch00:13173921-13179092","2359","13173921","13179092","5171"
"SL2.50ch00:13301729-13302241","678","13301729","13302241","512"
"SL2.50ch00:13301742-13302823","758","13301742","13302823","1081"
"SL2.50ch00:13305980-13306972","315","13305980","13306972","992"
"SL2.50ch00:13361691-13362228","81","13361691","13362228","537"
"SL2.50ch00:13374943-13375813","2203","13374943","13375813","870"
"SL2.50ch00:13374976-13375803","2202","13374976","13375803","827"
"SL2.50ch00:13379479-13380282","3503","13379479","13380282","803"
"SL2.50ch00:13379519-13380293","3503","13379519","13380293","774"
"SL2.50ch00:13386663-13388093","468","13386663","13388093","1430"
"SL2.50ch00:13386717-13388034","450","13386717","13388034","1317"
"SL2.50ch00:13458176-13459472","276","13458176","13459472","1296"
"SL2.50ch00:13460498-13460879","141","13460498","13460879","381"
"SL2.50ch00:13493342-13494542","482","13493342","13494542","1200"
"SL2.50ch00:13493457-13494539","476","13493457","13494539","1082"
"SL2.50ch00:13496769-13498228","501","13496769","13498228","1459"
"SL2.50ch00:13496785-13498305","501","13496785","13498305","1520"
"SL2.50ch00:13503356-13507621","8188","13503356","13507621","4265"
"SL2.50ch00:13503403-13508200","8263","13503403","13508200","4797"
"SL2.50ch00:13568829-13570343","471","13568829","13570343","1514"
"SL2.50ch00:13572199-13572797","184","13572199","13572797","598"
"SL2.50ch00:13602752-13608403","15000","13602752","13608403","5651"
"SL2.50ch00:13603461-13608253","14898","13603461","13608253","4792"
"SL2.50ch00:13633641-13634122","109","13633641","13634122","481"
"SL2.50ch00:13689157-13689857","393","13689157","13689857","700"
"SL2.50ch00:13689180-13689957","401","13689180","13689957","777"
"SL2.50ch00:13690408-13691287","353","13690408","13691287","879"
"SL2.50ch00:13690425-13691314","352","13690425","13691314","889"
"SL2.50ch00:13764589-13769479","14527","13764589","13769479","4890"
"SL2.50ch00:13764737-13769414","14527","13764737","13769414","4677"
"SL2.50ch00:13854221-13854967","152","13854221","13854967","746"
"SL2.50ch00:14017873-14019202","524","14017873","14019202","1329"
"SL2.50ch00:14038179-14039142","209","14038179","14039142","963"
"SL2.50ch00:14041264-14041595","101","14041264","14041595","331"
"SL2.50ch00:14094954-14095722","237","14094954","14095722","768"
"SL2.50ch00:14120430-14121460","609","14120430","14121460","1030"
"SL2.50ch00:14123191-14124822","614","14123191","14124822","1631"
"SL2.50ch00:14257985-14258578","143","14257985","14258578","593"
"SL2.50ch00:14287172-14287849","383","14287172","14287849","677"
"SL2.50ch00:14287293-14287697","349","14287293","14287697","404"
"SL2.50ch00:14290585-14291568","1149","14290585","14291568","983"
"SL2.50ch00:14290663-14291631","1147","14290663","14291631","968"
"SL2.50ch00:14296307-14297182","231","14296307","14297182","875"
"SL2.50ch00:14297986-14300488","738","14297986","14300488","2502"
"SL2.50ch00:14314049-14314915","209","14314049","14314915","866"
"SL2.50ch00:14317136-14318077","336","14317136","14318077","941"
"SL2.50ch00:14349829-14350343","173","14349829","14350343","514"
"SL2.50ch00:14351727-14353626","469","14351727","14353626","1899"
"SL2.50ch00:14409749-14411023","370","14409749","14411023","1274"
"SL2.50ch00:14437478-14441688","2990","14437478","14441688","4210"
"SL2.50ch00:14437498-14441691","2990","14437498","14441691","4193"
"SL2.50ch00:14505476-14506375","333","14505476","14506375","899"
"SL2.50ch00:14507677-14509080","859","14507677","14509080","1403"
"SL2.50ch00:14510949-14511428","282","14510949","14511428","479"
"SL2.50ch00:14514523-14515709","439","14514523","14515709","1186"
"SL2.50ch00:14520219-14524162","1242","14520219","14524162","3943"
"SL2.50ch00:14545972-14550325","23815","14545972","14550325","4353"
"SL2.50ch00:14545992-14550404","23817","14545992","14550404","4412"
"SL2.50ch00:14561598-14562390","205","14561598","14562390","792"
"SL2.50ch00:14572010-14572963","282","14572010","14572963","953"
"SL2.50ch00:14575166-14576019","331","14575166","14576019","853"
"SL2.50ch00:14645339-14645670","94","14645339","14645670","331"
"SL2.50ch00:14653788-14654316","107","14653788","14654316","528"
"SL2.50ch00:14665275-14665864","165","14665275","14665864","589"
"SL2.50ch00:14670395-14675844","10410","14670395","14675844","5449"
"SL2.50ch00:14670525-14675767","10410","14670525","14675767","5242"
"SL2.50ch00:14677135-14679038","2379","14677135","14679038","1903"
"SL2.50ch00:14677163-14679046","2379","14677163","14679046","1883"
"SL2.50ch00:14696340-14697784","426","14696340","14697784","1444"
"SL2.50ch00:14696486-14697741","410","14696486","14697741","1255"
"SL2.50ch00:14734757-14735547","200","14734757","14735547","790"
"SL2.50ch00:14735013-14735427","175","14735013","14735427","414"
"SL2.50ch00:14736771-14737175","123","14736771","14737175","404"
"SL2.50ch00:14764000-14767741","987","14764000","14767741","3741"
"SL2.50ch00:14793282-14793762","208","14793282","14793762","480"
"SL2.50ch00:14793283-14793806","218","14793283","14793806","523"
"SL2.50ch00:14796368-14797271","338","14796368","14797271","903"
"SL2.50ch00:14796377-14797277","344","14796377","14797277","900"
"SL2.50ch00:14801714-14802210","209","14801714","14802210","496"
"SL2.50ch00:14801773-14802270","205","14801773","14802270","497"
"SL2.50ch00:14804058-14805706","1931","14804058","14805706","1648"
"SL2.50ch00:14804095-14805725","1931","14804095","14805725","1630"
"SL2.50ch00:14888134-14888815","223","14888134","14888815","681"
"SL2.50ch00:14959726-14961346","483","14959726","14961346","1620"
"SL2.50ch00:14962661-14963710","596","14962661","14963710","1049"
"SL2.50ch00:14962671-14963673","596","14962671","14963673","1002"
"SL2.50ch00:14992539-14993226","239","14992539","14993226","687"
"SL2.50ch00:14994776-14995888","311","14994776","14995888","1112"
"SL2.50ch00:14999669-15000581","447","14999669","15000581","912"
"SL2.50ch00:14999676-15000635","445","14999676","15000635","959"
"SL2.50ch00:15070998-15071624","205","15070998","15071624","626"
"SL2.50ch00:15134732-15135537","153","15134732","15135537","805"
"SL2.50ch00:15138691-15139738","424","15138691","15139738","1047"
"SL2.50ch00:15138813-15139728","409","15138813","15139728","915"
"SL2.50ch00:15142980-15144082","427","15142980","15144082","1102"
"SL2.50ch00:15145088-15146391","827","15145088","15146391","1303"
"SL2.50ch00:15154016-15154525","278","15154016","15154525","509"
"SL2.50ch00:15154030-15154559","278","15154030","15154559","529"
"SL2.50ch00:15290029-15291592","528","15290029","15291592","1563"
"SL2.50ch00:15292792-15293760","283","15292792","15293760","968"
"SL2.50ch00:15313888-15314555","149","15313888","15314555","667"
"SL2.50ch00:15321388-15322417","843","15321388","15322417","1029"
"SL2.50ch00:15321397-15322420","843","15321397","15322420","1023"
"SL2.50ch00:15324297-15325292","933","15324297","15325292","995"
"SL2.50ch00:15324335-15325255","933","15324335","15325255","920"
"SL2.50ch00:15345063-15346309","408","15345063","15346309","1246"
"SL2.50ch00:15348034-15348911","790","15348034","15348911","877"
"SL2.50ch00:15348056-15348874","790","15348056","15348874","818"
"SL2.50ch00:15360713-15361740","483","15360713","15361740","1027"
"SL2.50ch00:15363024-15364385","425","15363024","15364385","1361"
"SL2.50ch00:15385981-15387196","341","15385981","15387196","1215"
"SL2.50ch00:15450246-15451248","209","15450246","15451248","1002"
"SL2.50ch00:15452864-15453865","381","15452864","15453865","1001"
"SL2.50ch00:15473445-15477143","2352","15473445","15477143","3698"
"SL2.50ch00:15473462-15477114","2344","15473462","15477114","3652"
"SL2.50ch00:15534748-15536183","3683","15534748","15536183","1435"
"SL2.50ch00:15534758-15536224","3682","15534758","15536224","1466"
"SL2.50ch00:15538081-15542520","16651","15538081","15542520","4439"
"SL2.50ch00:15538103-15542548","16651","15538103","15542548","4445"
"SL2.50ch00:15578074-15578388","58","15578074","15578388","314"
"SL2.50ch00:15813952-15814601","414","15813952","15814601","649"
"SL2.50ch00:15813970-15814627","414","15813970","15814627","657"
"SL2.50ch00:15816234-15816914","152","15816234","15816914","680"
"SL2.50ch00:15864653-15865067","113","15864653","15865067","414"
"SL2.50ch00:15877075-15880575","1764","15877075","15880575","3500"
"SL2.50ch00:15885500-15887828","635","15885500","15887828","2328"
"SL2.50ch00:15902875-15903796","280","15902875","15903796","921"
"SL2.50ch00:15903091-15903778","236","15903091","15903778","687"
"SL2.50ch00:15905698-15906355","286","15905698","15906355","657"
"SL2.50ch00:15905708-15906356","286","15905708","15906356","648"
"SL2.50ch00:15918006-15920903","714","15918006","15920903","2897"
"SL2.50ch00:15961412-15961891","175","15961412","15961891","479"
"SL2.50ch00:15964571-15964902","203","15964571","15964902","331"
"SL2.50ch00:15997706-16001208","1488","15997706","16001208","3502"
"SL2.50ch00:15997711-16001117","1488","15997711","16001117","3406"
"SL2.50ch00:16026769-16030121","1594","16026769","16030121","3352"
"SL2.50ch00:16026779-16030092","1590","16026779","16030092","3313"
"SL2.50ch00:16051830-16055470","16175","16051830","16055470","3640"
"SL2.50ch00:16051969-16055507","16175","16051969","16055507","3538"
"SL2.50ch00:16145943-16146508","142","16145943","16146508","565"
"SL2.50ch00:16180734-16184190","12404","16180734","16184190","3456"
"SL2.50ch00:16180765-16184240","12405","16180765","16184240","3475"
"SL2.50ch00:16194906-16198191","887","16194906","16198191","3285"
"SL2.50ch00:16195205-16198127","831","16195205","16198127","2922"
"SL2.50ch00:16210756-16211485","169","16210756","16211485","729"
"SL2.50ch00:16246756-16247263","140","16246756","16247263","507"
"SL2.50ch00:16246838-16247326","151","16246838","16247326","488"
"SL2.50ch00:16278313-16278791","183","16278313","16278791","478"
"SL2.50ch00:16310917-16312270","993","16310917","16312270","1353"
"SL2.50ch00:16310949-16312354","993","16310949","16312354","1405"
"SL2.50ch00:16313964-16314440","240","16313964","16314440","476"
"SL2.50ch00:16384298-16387525","1369","16384298","16387525","3227"
"SL2.50ch00:16388450-16388781","93","16388450","16388781","331"
"SL2.50ch00:16397955-16401517","12155","16397955","16401517","3562"
"SL2.50ch00:16397999-16401447","12155","16397999","16401447","3448"
"SL2.50ch00:16430804-16431135","65","16430804","16431135","331"
"SL2.50ch00:16531969-16535132","828","16531969","16535132","3163"
"SL2.50ch00:16532007-16533836","494","16532007","16533836","1829"
"SL2.50ch00:16548945-16549634","220","16548945","16549634","689"
"SL2.50ch00:16548956-16549611","213","16548956","16549611","655"
"SL2.50ch00:16562494-16565702","1489","16562494","16565702","3208"
"SL2.50ch00:16562500-16565709","1489","16562500","16565709","3209"
"SL2.50ch00:16636841-16639820","5141","16636841","16639820","2979"
"SL2.50ch00:16636881-16639873","5141","16636881","16639873","2992"
"SL2.50ch00:16661165-16666646","1826","16661165","16666646","5481"
"SL2.50ch00:16663475-16666668","1398","16663475","16666668","3193"
"SL2.50ch00:16797253-16797657","79","16797253","16797657","404"
"SL2.50ch00:16878589-16880003","425","16878589","16880003","1414"
"SL2.50ch00:16879504-16880165","310","16879504","16880165","661"
"SL2.50ch00:16901279-16904607","3192","16901279","16904607","3328"
"SL2.50ch00:16950216-16951189","561","16950216","16951189","973"
"SL2.50ch00:16950256-16951168","561","16950256","16951168","912"
"SL2.50ch00:16952569-16953405","522","16952569","16953405","836"
"SL2.50ch00:16952609-16953413","522","16952609","16953413","804"
"SL2.50ch00:16963074-16963968","1031","16963074","16963968","894"
"SL2.50ch00:16963082-16963996","1031","16963082","16963996","914"
"SL2.50ch00:16965766-16966448","638","16965766","16966448","682"
"SL2.50ch00:16965791-16966390","630","16965791","16966390","599"
"SL2.50ch00:17011668-17014680","1369","17011668","17014680","3012"
"SL2.50ch00:17108480-17109201","213","17108480","17109201","721"
"SL2.50ch00:17155544-17158777","10857","17155544","17158777","3233"
"SL2.50ch00:17155546-17158805","10857","17155546","17158805","3259"
"SL2.50ch00:17182659-17183378","116","17182659","17183378","719"
"SL2.50ch00:17231558-17234427","972","17231558","17234427","2869"
"SL2.50ch00:17297364-17300415","1109","17297364","17300415","3051"
"SL2.50ch00:17347283-17350087","1439","17347283","17350087","2804"
"SL2.50ch00:17347292-17350171","1439","17347292","17350171","2879"
"SL2.50ch00:17458434-17461318","1424","17458434","17461318","2884"
"SL2.50ch00:17458495-17461319","1420","17458495","17461319","2824"
"SL2.50ch00:17522874-17525226","3892","17522874","17525226","2352"
"SL2.50ch00:17522889-17525278","3887","17522889","17525278","2389"
"SL2.50ch00:17606813-17607227","110","17606813","17607227","414"
"SL2.50ch00:17634547-17637649","3910","17634547","17637649","3102"
"SL2.50ch00:17634761-17637622","3895","17634761","17637622","2861"
"SL2.50ch00:17652875-17654256","431","17652875","17654256","1381"
"SL2.50ch00:17662605-17663003","73","17662605","17663003","398"
"SL2.50ch00:17769432-17772007","848","17769432","17772007","2575"
"SL2.50ch00:17836018-17836532","113","17836018","17836532","514"
"SL2.50ch00:17840077-17843083","10001","17840077","17843083","3006"
"SL2.50ch00:17840196-17843104","10001","17840196","17843104","2908"
"SL2.50ch00:17892171-17892552","59","17892171","17892552","381"
"SL2.50ch00:18009672-18010223","174","18009672","18010223","551"
"SL2.50ch00:18038938-18041196","706","18038938","18041196","2258"
"SL2.50ch00:18049283-18053552","2623","18049283","18053552","4269"
"SL2.50ch00:18049355-18052967","2521","18049355","18052967","3612"
"SL2.50ch00:18116598-18122150","2630","18116598","18122150","5552"
"SL2.50ch00:18116660-18121783","2568","18116660","18121783","5123"
"SL2.50ch00:18137599-18137930","79","18137599","18137930","331"
"SL2.50ch00:18176835-18178099","681","18176835","18178099","1264"
"SL2.50ch00:18176848-18178416","736","18176848","18178416","1568"
"SL2.50ch00:18179054-18179487","113","18179054","18179487","433"
"SL2.50ch00:18179162-18179493","101","18179162","18179493","331"
"SL2.50ch00:18194215-18194596","69","18194215","18194596","381"
"SL2.50ch00:18228174-18230796","1179","18228174","18230796","2622"
"SL2.50ch00:18228184-18230875","1179","18228184","18230875","2691"
"SL2.50ch00:18254279-18256460","803","18254279","18256460","2181"
"SL2.50ch00:18315775-18318681","5017","18315775","18318681","2906"
"SL2.50ch00:18315870-18318744","5023","18315870","18318744","2874"
"SL2.50ch00:18352333-18355283","11909","18352333","18355283","2950"
"SL2.50ch00:18352416-18355347","11906","18352416","18355347","2931"
"SL2.50ch00:18428537-18429641","254","18428537","18429641","1104"
"SL2.50ch00:18432632-18433517","297","18432632","18433517","885"
"SL2.50ch00:18432804-18433385","261","18432804","18433385","581"
"SL2.50ch00:18490010-18491237","815","18490010","18491237","1227"
"SL2.50ch00:18490245-18490886","682","18490245","18490886","641"
"SL2.50ch00:18581649-18582348","170","18581649","18582348","699"
"SL2.50ch00:18649134-18651349","873","18649134","18651349","2215"
"SL2.50ch00:18649169-18651636","931","18649169","18651636","2467"
"SL2.50ch00:18776737-18779461","2203","18776737","18779461","2724"
"SL2.50ch00:18776875-18779471","2203","18776875","18779471","2596"
"SL2.50ch00:1885338-1885820","73","1885338","1885820","482"
"SL2.50ch00:18865856-18866709","233","18865856","18866709","853"
"SL2.50ch00:18867677-18868170","76","18867677","18868170","493"
"SL2.50ch00:18909157-18910829","410","18909157","18910829","1672"
"SL2.50ch00:18980667-18983048","754","18980667","18983048","2381"
"SL2.50ch00:19091691-19094230","1998","19091691","19094230","2539"
"SL2.50ch00:19091698-19094232","1998","19091698","19094232","2534"
"SL2.50ch00:19120501-19123287","8243","19120501","19123287","2786"
"SL2.50ch00:19120525-19123230","8242","19120525","19123230","2705"
"SL2.50ch00:19131608-19132209","145","19131608","19132209","601"
"SL2.50ch00:19131950-19132504","126","19131950","19132504","554"
"SL2.50ch00:19180932-19181473","125","19180932","19181473","541"
"SL2.50ch00:19308067-19310382","1254","19308067","19310382","2315"
"SL2.50ch00:19308098-19310458","1251","19308098","19310458","2360"
"SL2.50ch00:19322220-19323243","308","19322220","19323243","1023"
"SL2.50ch00:19374874-19377192","817","19374874","19377192","2318"
"SL2.50ch00:19408079-19410522","1594","19408079","19410522","2443"
"SL2.50ch00:19408101-19410482","1594","19408101","19410482","2381"
"SL2.50ch00:19415713-19418074","613","19415713","19418074","2361"
"SL2.50ch00:19429051-19429382","95","19429051","19429382","331"
"SL2.50ch00:19514497-19514901","88","19514497","19514901","404"
"SL2.50ch00:19613113-19615861","23912","19613113","19615861","2748"
"SL2.50ch00:19613115-19615800","23910","19613115","19615800","2685"
"SL2.50ch00:19656469-19656850","652","19656469","19656850","381"
"SL2.50ch00:19703281-19705830","3449","19703281","19705830","2549"
"SL2.50ch00:19703414-19705826","3449","19703414","19705826","2412"
"SL2.50ch00:19810183-19812494","1904","19810183","19812494","2311"
"SL2.50ch00:19810216-19812455","1904","19810216","19812455","2239"
"SL2.50ch00:19862417-19862961","90","19862417","19862961","544"
"SL2.50ch00:19863641-19864151","94","19863641","19864151","510"
"SL2.50ch00:19880094-19880475","62","19880094","19880475","381"
"SL2.50ch00:19915935-19918331","6817","19915935","19918331","2396"
"SL2.50ch00:19916106-19918382","6817","19916106","19918382","2276"
"SL2.50ch00:19964863-19967219","3666","19964863","19967219","2356"
"SL2.50ch00:19964870-19967190","3666","19964870","19967190","2320"
"SL2.50ch00:19980221-19981086","184","19980221","19981086","865"
"SL2.50ch00:19987617-19988611","524","19987617","19988611","994"
"SL2.50ch00:19987645-19989080","630","19987645","19989080","1435"
"SL2.50ch00:20025783-20028020","897","20025783","20028020","2237"
"SL2.50ch00:20087225-20087703","138","20087225","20087703","478"
"SL2.50ch00:20105564-20107750","756","20105564","20107750","2186"
"SL2.50ch00:20105628-20107558","700","20105628","20107558","1930"
"SL2.50ch00:20160648-20163226","5028","20160648","20163226","2578"
"SL2.50ch00:20160692-20163201","5023","20160692","20163201","2509"
"SL2.50ch00:20173631-20174283","124","20173631","20174283","652"
"SL2.50ch00:20292068-20292865","574","20292068","20292865","797"
"SL2.50ch00:20292093-20292795","559","20292093","20292795","702"
"SL2.50ch00:20365240-20366583","584","20365240","20366583","1343"
"SL2.50ch00:20415234-20416037","118","20415234","20416037","803"
"SL2.50ch00:20417264-20417769","97","20417264","20417769","505"
"SL2.50ch00:20426195-20428426","555","20426195","20428426","2231"
"SL2.50ch00:20470636-20471139","141","20470636","20471139","503"
"SL2.50ch00:20491758-20492380","376","20491758","20492380","622"
"SL2.50ch00:20492857-20493771","707","20492857","20493771","914"
"SL2.50ch00:20530312-20530643","98","20530312","20530643","331"
"SL2.50ch00:20605664-20606045","76","20605664","20606045","381"
"SL2.50ch00:20710222-20711351","200","20710222","20711351","1129"
"SL2.50ch00:20749078-20749459","998","20749078","20749459","381"
"SL2.50ch00:20749085-20749595","998","20749085","20749595","510"
"SL2.50ch00:20777915-20780000","700","20777915","20780000","2085"
"SL2.50ch00:20784793-20785193","71","20784793","20785193","400"
"SL2.50ch00:20830070-20830987","610","20830070","20830987","917"
"SL2.50ch00:20830166-20830861","591","20830166","20830861","695"
"SL2.50ch00:20831358-20832314","852","20831358","20832314","956"
"SL2.50ch00:20831457-20832301","835","20831457","20832301","844"
"SL2.50ch00:20864257-20866167","344","20864257","20866167","1910"
"SL2.50ch00:20878069-20879473","332","20878069","20879473","1404"
"SL2.50ch00:20882006-20884381","4307","20882006","20884381","2375"
"SL2.50ch00:20882048-20884353","4306","20882048","20884353","2305"
"SL2.50ch00:20907004-20907534","205","20907004","20907534","530"
"SL2.50ch00:20907083-20907697","209","20907083","20907697","614"
"SL2.50ch00:21044568-21045013","138","21044568","21045013","445"
"SL2.50ch00:21068476-21068953","98","21068476","21068953","477"
"SL2.50ch00:21113313-21114882","437","21113313","21114882","1569"
"SL2.50ch00:21116064-21116378","67","21116064","21116378","314"
"SL2.50ch00:21116185-21116516","62","21116185","21116516","331"
"SL2.50ch00:21135846-21136930","265","21135846","21136930","1084"
"SL2.50ch00:21146210-21148266","3187","21146210","21148266","2056"
"SL2.50ch00:21146244-21148246","3163","21146244","21148246","2002"
"SL2.50ch00:2114752-2115336","170","2114752","2115336","584"
"SL2.50ch00:21174982-21176828","592","21174982","21176828","1846"
"SL2.50ch00:21188120-21188524","66","21188120","21188524","404"
"SL2.50ch00:21199080-21203445","1992","21199080","21203445","4365"
"SL2.50ch00:21199212-21203412","1992","21199212","21203412","4200"
"SL2.50ch00:21261347-21262919","473","21261347","21262919","1572"
"SL2.50ch00:21271917-21273901","556","21271917","21273901","1984"
"SL2.50ch00:21287693-21289149","397","21287693","21289149","1456"
"SL2.50ch00:2128936-2129666","179","2128936","2129666","730"
"SL2.50ch00:21301637-21302041","110","21301637","21302041","404"
"SL2.50ch00:21320571-21320984","111","21320571","21320984","413"
"SL2.50ch00:21346162-21348020","448","21346162","21348020","1858"
"SL2.50ch00:21458967-21459934","851","21458967","21459934","967"
"SL2.50ch00:21458976-21460861","1103","21458976","21460861","1885"
"SL2.50ch00:21460278-21460885","242","21460278","21460885","607"
"SL2.50ch00:21472624-21473911","447","21472624","21473911","1287"
"SL2.50ch00:2151051-2151649","281","2151051","2151649","598"
"SL2.50ch00:2152502-2153479","302","2152502","2153479","977"
"SL2.50ch00:21534232-21536466","6268","21534232","21536466","2234"
"SL2.50ch00:21534374-21536490","6270","21534374","21536490","2116"
"SL2.50ch00:21544960-21546933","1129","21544960","21546933","1973"
"SL2.50ch00:21545013-21546964","1130","21545013","21546964","1951"
"SL2.50ch00:21609090-21609930","1560","21609090","21609930","840"
"SL2.50ch00:21609101-21610027","1563","21609101","21610027","926"
"SL2.50ch00:21610769-21611150","186","21610769","21611150","381"
"SL2.50ch00:21610784-21611216","186","21610784","21611216","432"
"SL2.50ch00:2165685-2166066","194","2165685","2166066","381"
"SL2.50ch00:21691996-21694217","7743","21691996","21694217","2221"
"SL2.50ch00:21692076-21694771","7810","21692076","21694771","2695"
"SL2.50ch00:21702960-21704560","453","21702960","21704560","1600"
"SL2.50ch00:21723887-21725208","356","21723887","21725208","1321"
"SL2.50ch00:21747062-21748950","554","21747062","21748950","1888"
"SL2.50ch00:21751304-21752003","151","21751304","21752003","699"
"SL2.50ch00:21763937-21765897","777","21763937","21765897","1960"
"SL2.50ch00:21763942-21765934","777","21763942","21765934","1992"
"SL2.50ch00:21774466-21776406","563","21774466","21776406","1940"
"SL2.50ch00:2348479-2348971","158","2348479","2348971","492"
"SL2.50ch00:3299013-3299394","99","3299013","3299394","381"
"SL2.50ch00:4061651-4061982","54","4061651","4061982","331"
"SL2.50ch00:4157750-4160909","7864","4157750","4160909","3159"
"SL2.50ch00:4157756-4160945","7864","4157756","4160945","3189"
"SL2.50ch00:4161615-4164606","2904","4161615","4164606","2991"
"SL2.50ch00:4161618-4164579","2904","4161618","4164579","2961"
"SL2.50ch00:4167859-4177035","7262","4167859","4177035","9176"
"SL2.50ch00:4167874-4177035","7262","4167874","4177035","9161"
"SL2.50ch00:4276842-4277455","845","4276842","4277455","613"
"SL2.50ch00:4276842-4277479","847","4276842","4277479","637"
"SL2.50ch00:5616640-5620363","1089","5616640","5620363","3723"
"SL2.50ch00:5633474-5633958","107","5633474","5633958","484"
"SL2.50ch00:5640469-5640850","83","5640469","5640850","381"
"SL2.50ch00:5642602-5643172","187","5642602","5643172","570"
"SL2.50ch00:5650451-5651372","285","5650451","5651372","921"
"SL2.50ch00:5663075-5664604","357","5663075","5664604","1529"
"SL2.50ch00:5670366-5671502","432","5670366","5671502","1136"
"SL2.50ch00:5678648-5680437","537","5678648","5680437","1789"
"SL2.50ch00:6997912-6998316","91","6997912","6998316","404"
"SL2.50ch00:7045751-7046155","90","7045751","7046155","404"
"SL2.50ch00:7101268-7101772","161","7101268","7101772","504"
"SL2.50ch00:7103674-7104919","344","7103674","7104919","1245"
"SL2.50ch00:7117855-7118835","278","7117855","7118835","980"
"SL2.50ch00:7128074-7128405","118","7128074","7128405","331"
"SL2.50ch00:7357050-7357431","97","7357050","7357431","381"
"SL2.50ch00:7367846-7369725","1280","7367846","7369725","1879"
"SL2.50ch00:7367871-7369670","1280","7367871","7369670","1799"
"SL2.50ch00:7371642-7372531","693","7371642","7372531","889"
"SL2.50ch00:7371688-7372642","694","7371688","7372642","954"
"SL2.50ch00:7383910-7384751","289","7383910","7384751","841"
"SL2.50ch00:7385175-7385556","79","7385175","7385556","381"
"SL2.50ch00:7398004-7398335","120","7398004","7398335","331"
"SL2.50ch00:7409757-7410235","120","7409757","7410235","478"
"SL2.50ch00:7411313-7411841","139","7411313","7411841","528"
"SL2.50ch00:7416677-7433620","10107","7416677","7433620","16943"
"SL2.50ch00:7439180-7440063","517","7439180","7440063","883"
"SL2.50ch00:7444731-7446486","356","7444731","7446486","1755"
"SL2.50ch00:7447128-7447722","140","7447128","7447722","594"
"SL2.50ch00:7450990-7452233","507","7450990","7452233","1243"
"SL2.50ch00:7471662-7472874","350","7471662","7472874","1212"
"SL2.50ch00:7473607-7476274","779","7473607","7476274","2667"
"SL2.50ch00:7480796-7482370","442","7480796","7482370","1574"
"SL2.50ch00:7483299-7486491","896","7483299","7486491","3192"
"SL2.50ch00:7489225-7489606","58","7489225","7489606","381"
"SL2.50ch00:7493647-7496794","799","7493647","7496794","3147"
"SL2.50ch00:7497691-7505701","2065","7497691","7505701","8010"
"SL2.50ch00:7548540-7549016","111","7548540","7549016","476"
"SL2.50ch00:7579535-7579916","224","7579535","7579916","381"
"SL2.50ch00:7579537-7579941","224","7579537","7579941","404"
"SL2.50ch00:7656812-7660521","987","7656812","7660521","3709"
"SL2.50ch00:7661257-7666762","1421","7661257","7666762","5505"
"SL2.50ch00:7671945-7672276","41","7671945","7672276","331"
"SL2.50ch00:7691363-7691814","88","7691363","7691814","451"
"SL2.50ch00:7721224-7722043","288","7721224","7722043","819"
"SL2.50ch00:7753861-7754192","75","7753861","7754192","331"
"SL2.50ch00:7759814-7760675","181","7759814","7760675","861"
"SL2.50ch00:7782569-7782900","79","7782569","7782900","331"
"SL2.50ch00:7785175-7785556","116","7785175","7785556","381"
"SL2.50ch00:7791369-7791750","57","7791369","7791750","381"
"SL2.50ch00:7799427-7805883","2801","7799427","7805883","6456"
"SL2.50ch00:7806307-7806912","329","7806307","7806912","605"
"SL2.50ch00:7806334-7806780","329","7806334","7806780","446"
"SL2.50ch00:7809352-7810164","280","7809352","7810164","812"
"SL2.50ch00:7814409-7815341","244","7814409","7815341","932"
"SL2.50ch00:7818026-7820661","1248","7818026","7820661","2635"
"SL2.50ch00:7828659-7840838","3782","7828659","7840838","12179"
"SL2.50ch00:7844700-7847495","822","7844700","7847495","2795"
"SL2.50ch00:7851343-7857107","1636","7851343","7857107","5764"
"SL2.50ch00:7861042-7865109","1232","7861042","7865109","4067"
"SL2.50ch00:7865595-7869991","1411","7865595","7869991","4396"
"SL2.50ch00:7874473-7875566","200","7874473","7875566","1093"
"SL2.50ch00:7894339-7894918","182","7894339","7894918","579"
"SL2.50ch00:7908152-7909933","571","7908152","7909933","1781"
"SL2.50ch00:7920594-7921036","124","7920594","7921036","442"
"SL2.50ch00:7929686-7930805","401","7929686","7930805","1119"
"SL2.50ch00:7932993-7933496","141","7932993","7933496","503"
"SL2.50ch00:7955702-7956245","165","7955702","7956245","543"
"SL2.50ch00:7981894-7984640","867","7981894","7984640","2746"
"SL2.50ch00:7992280-7995772","1682","7992280","7995772","3492"
"SL2.50ch00:7997050-7999590","1051","7997050","7999590","2540"
"SL2.50ch00:8003805-8008288","1476","8003805","8008288","4483"
"SL2.50ch00:8211969-8213519","471","8211969","8213519","1550"
"SL2.50ch00:8215981-8216312","175","8215981","8216312","331"
"SL2.50ch00:8220236-8221108","237","8220236","8221108","872"
"SL2.50ch00:8226836-8227347","188","8226836","8227347","511"
"SL2.50ch00:8239260-8240239","444","8239260","8240239","979"
"SL2.50ch00:8239286-8240213","439","8239286","8240213","927"
"SL2.50ch00:8248127-8248821","180","8248127","8248821","694"
"SL2.50ch00:8261022-8261479","186","8261022","8261479","457"
"SL2.50ch00:8272962-8273984","380","8272962","8273984","1022"
"SL2.50ch00:8274420-8274933","248","8274420","8274933","513"
"SL2.50ch00:8278002-8278581","192","8278002","8278581","579"
"SL2.50ch00:8289099-8290072","275","8289099","8290072","973"
"SL2.50ch00:8290565-8291088","93","8290565","8291088","523"
"SL2.50ch00:8308289-8309515","505","8308289","8309515","1226"
"SL2.50ch00:8316667-8317356","193","8316667","8317356","689"
"SL2.50ch00:8317943-8318944","343","8317943","8318944","1001"
"SL2.50ch00:8337579-8338281","187","8337579","8338281","702"
"SL2.50ch00:8352245-8353277","2952","8352245","8353277","1032"
"SL2.50ch00:8364154-8364535","105","8364154","8364535","381"
"SL2.50ch00:8365619-8366000","108","8365619","8366000","381"
"SL2.50ch00:8373129-8374954","522","8373129","8374954","1825"
"SL2.50ch00:8390588-8391066","144","8390588","8391066","478"
"SL2.50ch00:8394886-8395764","291","8394886","8395764","878"
"SL2.50ch00:8397257-8398381","307","8397257","8398381","1124"
"SL2.50ch00:8404870-8407969","739","8404870","8407969","3099"
"SL2.50ch00:8408883-8412450","1078","8408883","8412450","3567"
"SL2.50ch00:8594461-8594943","177","8594461","8594943","482"
"SL2.50ch00:8609823-8611996","912","8609823","8611996","2173"
"SL2.50ch00:8613794-8619779","2367","8613794","8619779","5985"
"SL2.50ch00:8620573-8625297","1832","8620573","8625297","4724"
"SL2.50ch00:8634190-8643955","3847","8634190","8643955","9765"
"SL2.50ch00:8665372-8665998","179","8665372","8665998","626"
"SL2.50ch00:8693413-8694710","277","8693413","8694710","1297"
"SL2.50ch00:8718576-8718907","71","8718576","8718907","331"
"SL2.50ch00:8733703-8734280","324","8733703","8734280","577"
"SL2.50ch00:8733739-8734376","332","8733739","8734376","637"
"SL2.50ch00:8949323-8950643","515","8949323","8950643","1320"
"SL2.50ch00:8951629-8952554","305","8951629","8952554","925"
"SL2.50ch00:8956889-8957937","318","8956889","8957937","1048"
"SL2.50ch00:8959158-8961918","952","8959158","8961918","2760"
"SL2.50ch00:8964673-8967254","821","8964673","8967254","2581"
"SL2.50ch00:8968434-8969133","265","8968434","8969133","699"
"SL2.50ch00:8976463-8979122","1536","8976463","8979122","2659"
"SL2.50ch00:8976500-8979074","1536","8976500","8979074","2574"
"SL2.50ch00:8985607-8990373","1616","8985607","8990373","4766"
"SL2.50ch00:8991170-8996945","1703","8991170","8996945","5775"
"SL2.50ch00:9002719-9008080","1587","9002719","9008080","5361"
"SL2.50ch00:9015043-9015861","419","9015043","9015861","818"
"SL2.50ch00:9017163-9020271","1129","9017163","9020271","3108"
"SL2.50ch00:9030190-9032107","1063","9030190","9032107","1917"
"SL2.50ch00:9032873-9033452","202","9032873","9033452","579"
"SL2.50ch00:9039135-9039732","131","9039135","9039732","597"
"SL2.50ch00:9046200-9047902","1086","9046200","9047902","1702"
"SL2.50ch00:9046202-9047927","1086","9046202","9047927","1725"
"SL2.50ch00:9049667-9051611","1607","9049667","9051611","1944"
"SL2.50ch00:9049687-9051617","1607","9049687","9051617","1930"
"SL2.50ch00:9055419-9056439","422","9055419","9056439","1020"
"SL2.50ch00:9058057-9062380","2998","9058057","9062380","4323"
"SL2.50ch00:9058130-9062366","2994","9058130","9062366","4236"
"SL2.50ch00:9068652-9071643","1954","9068652","9071643","2991"
"SL2.50ch00:9068669-9071580","1954","9068669","9071580","2911"
"SL2.50ch00:9078238-9081468","1229","9078238","9081468","3230"
"SL2.50ch00:9090020-9091344","640","9090020","9091344","1324"
"SL2.50ch00:9090129-9091328","613","9090129","9091328","1199"
"SL2.50ch00:9096399-9098580","626","9096399","9098580","2181"
"SL2.50ch00:9098778-9101782","805","9098778","9101782","3004"
"SL2.50ch00:9123049-9123430","100","9123049","9123430","381"
"SL2.50ch00:9149049-9149380","102","9149049","9149380","331"
"SL2.50ch00:9239301-9242365","943","9239301","9242365","3064"
"SL2.50ch00:9254842-9256563","689","9254842","9256563","1721"
"SL2.50ch00:9255016-9256573","675","9255016","9256573","1557"
"SL2.50ch00:9258981-9260290","400","9258981","9260290","1309"
"SL2.50ch00:9261209-9262659","397","9261209","9262659","1450"
"SL2.50ch00:9271913-9272294","102","9271913","9272294","381"
"SL2.50ch00:9337679-9338502","184","9337679","9338502","823"
"SL2.50ch00:9342636-9343189","132","9342636","9343189","553"
"SL2.50ch00:9366793-9367269","208","9366793","9367269","476"
"SL2.50ch00:9368011-9368406","88","9368011","9368406","395"
"SL2.50ch00:9369290-9370561","339","9369290","9370561","1271"
"SL2.50ch00:9395581-9395962","82","9395581","9395962","381"
"SL2.50ch00:9405622-9406110","129","9405622","9406110","488"
"SL2.50ch00:9407427-9409207","487","9407427","9409207","1780"
"SL2.50ch00:9411353-9417249","1912","9411353","9417249","5896"
"SL2.50ch00:9418329-9422868","1401","9418329","9422868","4539"
"SL2.50ch00:9423650-9427773","1561","9423650","9427773","4123"
"SL2.50ch00:9432373-9435895","1082","9432373","9435895","3522"
"SL2.50ch00:9438461-9438842","49","9438461","9438842","381"
"SL2.50ch00:9450109-9458110","2837","9450109","9458110","8001"
"SL2.50ch00:9459722-9461061","420","9459722","9461061","1339"
"SL2.50ch00:9469117-9469704","318","9469117","9469704","587"
"SL2.50ch00:9469184-9469660","292","9469184","9469660","476"
"SL2.50ch00:9472299-9474303","639","9472299","9474303","2004"
"SL2.50ch00:9478102-9485702","2857","9478102","9485702","7600"
"SL2.50ch00:9499085-9500608","385","9499085","9500608","1523"
"SL2.50ch00:9526293-9526787","88","9526293","9526787","494"
"SL2.50ch00:9563167-9565730","670","9563167","9565730","2563"
"SL2.50ch00:9570000-9571436","474","9570000","9571436","1436"
"SL2.50ch00:9571925-9573357","457","9571925","9573357","1432"
"SL2.50ch00:9574017-9574759","242","9574017","9574759","742"
"SL2.50ch00:9588332-9589715","486","9588332","9589715","1383"
"SL2.50ch00:9599366-9599921","124","9599366","9599921","555"
"SL2.50ch00:9601085-9601527","140","9601085","9601527","442"
"SL2.50ch00:9610173-9610782","203","9610173","9610782","609"
"SL2.50ch00:9619051-9619527","198","9619051","9619527","476"
"SL2.50ch00:9621309-9625027","1425","9621309","9625027","3718"
"SL2.50ch00:9626034-9626852","328","9626034","9626852","818"
"SL2.50ch00:9627319-9628335","491","9627319","9628335","1016"
"SL2.50ch00:9629895-9630299","206","9629895","9630299","404"
"SL2.50ch00:9629917-9630298","205","9629917","9630298","381"
"SL2.50ch00:9722309-9729289","3134","9722309","9729289","6980"
"SL2.50ch00:9753122-9755092","525","9753122","9755092","1970"
"SL2.50ch00:9757260-9760710","1060","9757260","9760710","3450"
"SL2.50ch00:9771534-9776201","2291","9771534","9776201","4667"
"SL2.50ch00:9781941-9782556","255","9781941","9782556","615"
"SL2.50ch00:9784250-9784845","192","9784250","9784845","595"
"SL2.50ch00:9788325-9788922","309","9788325","9788922","597"
"SL2.50ch00:9790477-9791122","195","9790477","9791122","645"
"SL2.50ch00:9794415-9796017","2954","9794415","9796017","1602"
"SL2.50ch00:9802137-9804804","1002","9802137","9804804","2667"
"SL2.50ch00:9814132-9815563","352","9814132","9815563","1431"
"SL2.50ch00:9819957-9820446","121","9819957","9820446","489"
"SL2.50ch00:9834856-9836719","917","9834856","9836719","1863"
"SL2.50ch00:9834870-9836717","911","9834870","9836717","1847"
"SL2.50ch00:9837981-9839049","513","9837981","9839049","1068"
"SL2.50ch00:9855831-9856465","115","9855831","9856465","634"
"SL2.50ch00:9858531-9858862","48","9858531","9858862","331"
"SL2.50ch00:9862095-9862680","438","9862095","9862680","585"
"SL2.50ch00:9864934-9865951","267","9864934","9865951","1017"
"SL2.50ch00:9880761-9881168","100","9880761","9881168","407"
"SL2.50ch00:9954134-9960010","1736","9954134","9960010","5876"
"SL2.50ch00:9963927-9971391","2158","9963927","9971391","7464"
"SL2.50ch00:9972941-9982190","2884","9972941","9982190","9249"
"SL2.50ch00:9983433-9987686","1306","9983433","9987686","4253"
"SL2.50ch00:9990143-9993954","1232","9990143","9993954","3811"
"SL2.50ch00:9998705-10002129","1123","9998705","10002129","3424"
"SL2.50ch01:11458478-11458882","69","11458478","11458882","404"
"SL2.50ch01:1333605-1333936","80","1333605","1333936","331"
"SL2.50ch01:14955668-14956176","102","14955668","14956176","508"
"SL2.50ch01:15605509-15606315","255","15605509","15606315","806"
"SL2.50ch01:15605583-15606193","240","15605583","15606193","610"
"SL2.50ch01:1627796-1628204","208","1627796","1628204","408"
"SL2.50ch01:1627802-1628244","212","1627802","1628244","442"
"SL2.50ch01:18123312-18123806","97","18123312","18123806","494"
"SL2.50ch01:1839633-1903351","2850334","1839633","1903351","63718"
"SL2.50ch01:1839799-1903298","2850317","1839799","1903298","63499"
"SL2.50ch01:18654278-18654759","120","18654278","18654759","481"
"SL2.50ch01:20263642-20264023","62","20263642","20264023","381"
"SL2.50ch01:22522140-22522710","84","22522140","22522710","570"
"SL2.50ch01:22596207-22597081","335","22596207","22597081","874"
"SL2.50ch01:22596263-22597008","322","22596263","22597008","745"
"SL2.50ch01:23874904-23875672","271","23874904","23875672","768"
"SL2.50ch01:23874966-23875520","218","23874966","23875520","554"
"SL2.50ch01:23892238-23892823","145","23892238","23892823","585"
"SL2.50ch01:23934743-23935506","787","23934743","23935506","763"
"SL2.50ch01:23934748-23939734","3825","23934748","23939734","4986"
"SL2.50ch01:23935933-23937367","1964","23935933","23937367","1434"
"SL2.50ch01:23937759-23938302","592","23937759","23938302","543"
"SL2.50ch01:23939235-23939566","146","23939235","23939566","331"
"SL2.50ch01:23941132-23943641","8566","23941132","23943641","2509"
"SL2.50ch01:23941250-23943069","8469","23941250","23943069","1819"
"SL2.50ch01:23952360-23953431","420","23952360","23953431","1071"
"SL2.50ch01:23964499-23964830","117","23964499","23964830","331"
"SL2.50ch01:23965493-23966287","1941","23965493","23966287","794"
"SL2.50ch01:23965531-23966303","1944","23965531","23966303","772"
"SL2.50ch01:24228623-24229100","140","24228623","24229100","477"
"SL2.50ch01:24233748-24236055","795","24233748","24236055","2307"
"SL2.50ch01:24233801-24235923","777","24233801","24235923","2122"
"SL2.50ch01:25453551-25453932","83","25453551","25453932","381"
"SL2.50ch01:26706804-26707135","53","26706804","26707135","331"
"SL2.50ch01:27417571-27417952","396","27417571","27417952","381"
"SL2.50ch01:27884780-27885588","1006","27884780","27885588","808"
"SL2.50ch01:27884839-27885443","983","27884839","27885443","604"
"SL2.50ch01:28719574-28719905","27","28719574","28719905","331"
"SL2.50ch01:31877343-31877674","59","31877343","31877674","331"
"SL2.50ch01:32158559-32158989","44","32158559","32158989","430"
"SL2.50ch01:35397387-35397768","101","35397387","35397768","381"
"SL2.50ch01:36875461-36876083","90","36875461","36876083","622"
"SL2.50ch01:36888496-36896597","4143","36888496","36896597","8101"
"SL2.50ch01:36888528-36896680","4153","36888528","36896680","8152"
"SL2.50ch01:36950541-36950872","121","36950541","36950872","331"
"SL2.50ch01:36985947-36988070","1666","36985947","36988070","2123"
"SL2.50ch01:39121305-39123184","751","39121305","39123184","1879"
"SL2.50ch01:39123633-39124598","275","39123633","39124598","965"
"SL2.50ch01:39132531-39133845","1280","39132531","39133845","1314"
"SL2.50ch01:39132587-39133511","1158","39132587","39133511","924"
"SL2.50ch01:39135383-39136962","776","39135383","39136962","1579"
"SL2.50ch01:39137335-39138333","440","39137335","39138333","998"
"SL2.50ch01:39769240-39770437","426","39769240","39770437","1197"
"SL2.50ch01:39769398-39770139","364","39769398","39770139","741"
"SL2.50ch01:40523723-40524199","94","40523723","40524199","476"
"SL2.50ch01:40903454-40903835","51","40903454","40903835","381"
"SL2.50ch01:41729423-41731299","710","41729423","41731299","1876"
"SL2.50ch01:41729508-41731215","707","41729508","41731215","1707"
"SL2.50ch01:41733234-41733827","173","41733234","41733827","593"
"SL2.50ch01:41734282-41734663","127","41734282","41734663","381"
"SL2.50ch01:41753105-41753553","143","41753105","41753553","448"
"SL2.50ch01:42362393-42362883","105","42362393","42362883","490"
"SL2.50ch01:43039497-43039883","546","43039497","43039883","386"
"SL2.50ch01:43647892-43648464","352","43647892","43648464","572"
"SL2.50ch01:43647919-43648405","347","43647919","43648405","486"
"SL2.50ch01:43779509-43779840","88","43779509","43779840","331"
"SL2.50ch01:44088990-44089371","72","44088990","44089371","381"
"SL2.50ch01:44093384-44094080","122","44093384","44094080","696"
"SL2.50ch01:44467103-44467591","135","44467103","44467591","488"
"SL2.50ch01:44528790-44530874","648","44528790","44530874","2084"
"SL2.50ch01:44531920-44532301","121","44531920","44532301","381"
"SL2.50ch01:44610177-44610661","96","44610177","44610661","484"
"SL2.50ch01:44654861-44657190","387","44654861","44657190","2329"
"SL2.50ch01:44706862-44707193","49","44706862","44707193","331"
"SL2.50ch01:44757077-44758026","239","44757077","44758026","949"
"SL2.50ch01:44757085-44758009","232","44757085","44758009","924"
"SL2.50ch01:44787696-44789005","358","44787696","44789005","1309"
"SL2.50ch01:44790727-44791309","184","44790727","44791309","582"
"SL2.50ch01:44799367-44801189","498","44799367","44801189","1822"
"SL2.50ch01:44815432-44816107","155","44815432","44816107","675"
"SL2.50ch01:44821828-44822517","179","44821828","44822517","689"
"SL2.50ch01:44830447-44831700","369","44830447","44831700","1253"
"SL2.50ch01:44835583-44836248","181","44835583","44836248","665"
"SL2.50ch01:44835607-44836280","188","44835607","44836280","673"
"SL2.50ch01:44843039-44843522","104","44843039","44843522","483"
"SL2.50ch01:44860997-44861575","135","44860997","44861575","578"
"SL2.50ch01:44881671-44882093","101","44881671","44882093","422"
"SL2.50ch01:44914556-44915097","95","44914556","44915097","541"
"SL2.50ch01:44921668-44922273","154","44921668","44922273","605"
"SL2.50ch01:44946354-44946735","69","44946354","44946735","381"
"SL2.50ch01:44981212-44982326","242","44981212","44982326","1114"
"SL2.50ch01:44981256-44982262","238","44981256","44982262","1006"
"SL2.50ch01:44982919-44986729","1060","44982919","44986729","3810"
"SL2.50ch01:44994737-44995068","82","44994737","44995068","331"
"SL2.50ch01:45009206-45009799","3139","45009206","45009799","593"
"SL2.50ch01:45009246-45009813","3137","45009246","45009813","567"
"SL2.50ch01:45271272-45271996","217","45271272","45271996","724"
"SL2.50ch01:45276944-45277463","154","45276944","45277463","519"
"SL2.50ch01:45786008-45786339","59","45786008","45786339","331"
"SL2.50ch01:48286870-48287201","48","48286870","48287201","331"
"SL2.50ch01:51091098-51091429","51","51091098","51091429","331"
"SL2.50ch01:5240590-5240921","120","5240590","5240921","331"
"SL2.50ch01:53020786-53021273","118","53020786","53021273","487"
"SL2.50ch01:5319851-5322326","714","5319851","5322326","2475"
"SL2.50ch01:53294157-53294555","47","53294157","53294555","398"
"SL2.50ch01:53321430-53321927","120","53321430","53321927","497"
"SL2.50ch01:53328203-53328584","85","53328203","53328584","381"
"SL2.50ch01:53392195-53392852","3518","53392195","53392852","657"
"SL2.50ch01:53392227-53392832","3514","53392227","53392832","605"
"SL2.50ch01:53476716-53477201","95","53476716","53477201","485"
"SL2.50ch01:53507603-53507984","43","53507603","53507984","381"
"SL2.50ch01:54529003-54529517","152","54529003","54529517","514"
"SL2.50ch01:54964667-54965302","122","54964667","54965302","635"
"SL2.50ch01:55578885-55580294","1068","55578885","55580294","1409"
"SL2.50ch01:55579459-55580281","997","55579459","55580281","822"
"SL2.50ch01:56092195-56092526","89","56092195","56092526","331"
"SL2.50ch01:56249140-56249692","917","56249140","56249692","552"
"SL2.50ch01:56249191-56249695","916","56249191","56249695","504"
"SL2.50ch01:56268229-56268560","73","56268229","56268560","331"
"SL2.50ch01:57183190-57183893","283","57183190","57183893","703"
"SL2.50ch01:57183302-57183748","262","57183302","57183748","446"
"SL2.50ch01:59207046-59207706","269","59207046","59207706","660"
"SL2.50ch01:59207067-59207653","257","59207067","59207653","586"
"SL2.50ch01:5969794-5970125","128","5969794","5970125","331"
"SL2.50ch01:59811765-59812268","53","59811765","59812268","503"
"SL2.50ch01:59925016-59925397","94","59925016","59925397","381"
"SL2.50ch01:60203089-60203470","111","60203089","60203470","381"
"SL2.50ch01:60368301-60368894","120","60368301","60368894","593"
"SL2.50ch01:60369273-60370381","472","60369273","60370381","1108"
"SL2.50ch01:60369363-60370299","466","60369363","60370299","936"
"SL2.50ch01:60876741-60878784","952","60876741","60878784","2043"
"SL2.50ch01:60876808-60878696","936","60876808","60878696","1888"
"SL2.50ch01:61418930-61419311","151","61418930","61419311","381"
"SL2.50ch01:61861812-61862416","323","61861812","61862416","604"
"SL2.50ch01:61862024-61862416","299","61862024","61862416","392"
"SL2.50ch01:61983838-61984471","151","61983838","61984471","633"
"SL2.50ch01:62189554-62191710","494","62189554","62191710","2156"
"SL2.50ch01:62189644-62190491","244","62189644","62190491","847"
"SL2.50ch01:63514700-63515104","98","63514700","63515104","404"
"SL2.50ch01:63631337-63631718","62","63631337","63631718","381"
"SL2.50ch01:63798121-63798929","362","63798121","63798929","808"
"SL2.50ch01:63800218-63800840","178","63800218","63800840","622"
"SL2.50ch01:63800335-63800716","166","63800335","63800716","381"
"SL2.50ch01:63802373-63803524","360","63802373","63803524","1151"
"SL2.50ch01:63802467-63803487","345","63802467","63803487","1020"
"SL2.50ch01:64585497-64585988","92","64585497","64585988","491"
"SL2.50ch01:64585607-64585938","79","64585607","64585938","331"
"SL2.50ch01:64640123-64640584","884","64640123","64640584","461"
"SL2.50ch01:64824499-64824830","48","64824499","64824830","331"
"SL2.50ch01:65150074-65150455","72","65150074","65150455","381"
"SL2.50ch01:65151039-65151567","143","65151039","65151567","528"
"SL2.50ch01:65152349-65153034","147","65152349","65153034","685"
"SL2.50ch01:65152378-65152953","136","65152378","65152953","575"
"SL2.50ch01:65651771-65652420","3153","65651771","65652420","649"
"SL2.50ch01:65651851-65652388","3145","65651851","65652388","537"
"SL2.50ch01:65923152-65923483","48","65923152","65923483","331"
"SL2.50ch01:66008980-66011338","869","66008980","66011338","2358"
"SL2.50ch01:66013156-66014283","471","66013156","66014283","1127"
"SL2.50ch01:66013167-66014271","468","66013167","66014271","1104"
"SL2.50ch01:66014871-66016094","510","66014871","66016094","1223"
"SL2.50ch01:66014873-66016068","508","66014873","66016068","1195"
"SL2.50ch01:66433502-66434215","307","66433502","66434215","713"
"SL2.50ch01:66433506-66434095","292","66433506","66434095","589"
"SL2.50ch01:67724905-67725308","158","67724905","67725308","403"
"SL2.50ch01:69689806-69690539","184","69689806","69690539","733"
"SL2.50ch01:69749012-69749393","75","69749012","69749393","381"
"SL2.50ch01:7029754-7030489","658","7029754","7030489","735"
"SL2.50ch01:7029756-7030764","683","7029756","7030764","1008"
"SL2.50ch01:7080465-7081931","618","7080465","7081931","1466"
"SL2.50ch01:7080467-7082059","630","7080467","7082059","1592"
"SL2.50ch01:72633577-72634315","573","72633577","72634315","738"
"SL2.50ch01:72633594-72634284","570","72633594","72634284","690"
"SL2.50ch01:73893700-73894081","100","73893700","73894081","381"
"SL2.50ch01:76143227-76143705","264","76143227","76143705","478"
"SL2.50ch01:76143301-76143794","266","76143301","76143794","493"
"SL2.50ch01:76743963-76744344","209","76743963","76744344","381"
"SL2.50ch01:77179128-77179727","160","77179128","77179727","599"
"SL2.50ch01:77501278-77502364","325","77501278","77502364","1086"
"SL2.50ch01:77501328-77502394","325","77501328","77502394","1066"
"SL2.50ch01:77505676-77506654","445","77505676","77506654","978"
"SL2.50ch01:77533691-77534343","169","77533691","77534343","652"
"SL2.50ch01:77533811-77534373","155","77533811","77534373","562"
"SL2.50ch01:78119763-78120315","210","78119763","78120315","552"
"SL2.50ch01:78119806-78120283","209","78119806","78120283","477"
"SL2.50ch01:80499781-80500543","173","80499781","80500543","762"
"SL2.50ch01:81744183-81744564","86","81744183","81744564","381"
"SL2.50ch01:82435930-82436624","344","82435930","82436624","694"
"SL2.50ch01:82436081-82436557","334","82436081","82436557","476"
"SL2.50ch01:82806773-82807407","347","82806773","82807407","634"
"SL2.50ch01:82806852-82807233","312","82806852","82807233","381"
"SL2.50ch01:84251043-84251523","137","84251043","84251523","480"
"SL2.50ch01:84251073-84251675","155","84251073","84251675","602"
"SL2.50ch01:84679602-84679985","494","84679602","84679985","383"
"SL2.50ch01:84679623-84680027","494","84679623","84680027","404"
"SL2.50ch01:84936641-84937409","319","84936641","84937409","768"
"SL2.50ch01:84936740-84937321","306","84936740","84937321","581"
"SL2.50ch01:85496822-85497632","154","85496822","85497632","810"
"SL2.50ch01:85505495-85506453","179","85505495","85506453","958"
"SL2.50ch01:86035460-86035841","400","86035460","86035841","381"
"SL2.50ch01:86035470-86035891","403","86035470","86035891","421"
"SL2.50ch01:87072429-87072760","860","87072429","87072760","331"
"SL2.50ch01:8745060-8745391","43","8745060","8745391","331"
"SL2.50ch01:88104737-88105141","467","88104737","88105141","404"
"SL2.50ch01:88104760-88105141","467","88104760","88105141","381"
"SL2.50ch01:9006265-9006884","1993","9006265","9006884","619"
"SL2.50ch01:90133369-90133970","1303","90133369","90133970","601"
"SL2.50ch01:90133382-90134008","1298","90133382","90134008","626"
"SL2.50ch01:91495632-91496119","2580","91495632","91496119","487"
"SL2.50ch01:91495700-91496155","2572","91495700","91496155","455"
"SL2.50ch01:92021042-92021481","268","92021042","92021481","439"
"SL2.50ch01:92021077-92021560","268","92021077","92021560","483"
"SL2.50ch01:93670610-93671740","795","93670610","93671740","1130"
"SL2.50ch01:93670622-93671737","794","93670622","93671737","1115"
"SL2.50ch01:95967789-95968120","79","95967789","95968120","331"
"SL2.50ch01:96868512-96870416","1910","96868512","96870416","1904"
"SL2.50ch01:96868535-96870495","1905","96868535","96870495","1960"
"SL2.50ch01:96871050-96871716","443","96871050","96871716","666"
"SL2.50ch01:96871112-96871662","417","96871112","96871662","550"
"SL2.50ch01:98472724-98473480","256","98472724","98473480","756"
"SL2.50ch01:98472911-98473612","262","98472911","98473612","701"
"SL2.50ch01:98477499-98477880","129","98477499","98477880","381"
"SL2.50ch01:98480524-98480981","180","98480524","98480981","457"
"SL2.50ch01:98481412-98482215","230","98481412","98482215","803"
"SL2.50ch01:98483865-98484651","194","98483865","98484651","786"
"SL2.50ch01:98484076-98484616","164","98484076","98484616","540"
"SL2.50ch01:98485517-98485911","99","98485517","98485911","394"
"SL2.50ch01:98486289-98487292","382","98486289","98487292","1003"
"SL2.50ch01:98488591-98489679","174","98488591","98489679","1088"
"SL2.50ch01:98492353-98492828","152","98492353","98492828","475"
"SL2.50ch01:98497780-98499222","352","98497780","98499222","1442"
"SL2.50ch01:98497809-98499117","333","98497809","98499117","1308"
"SL2.50ch01:98501332-98501762","126","98501332","98501762","430"
"SL2.50ch01:98502853-98505157","775","98502853","98505157","2304"
"SL2.50ch01:98502942-98504832","691","98502942","98504832","1890"
"SL2.50ch01:98506801-98507467","172","98506801","98507467","666"
"SL2.50ch01:98510382-98510893","90","98510382","98510893","511"
"SL2.50ch01:98530565-98530946","127","98530565","98530946","381"
"SL2.50ch01:98534666-98535190","153","98534666","98535190","524"
"SL2.50ch01:98534700-98535176","153","98534700","98535176","476"
"SL2.50ch02:12829609-12830132","92","12829609","12830132","523"
"SL2.50ch02:12836089-12838255","701","12836089","12838255","2166"
"SL2.50ch02:12839260-12844314","1425","12839260","12844314","5054"
"SL2.50ch02:12845287-12847581","528","12845287","12847581","2294"
"SL2.50ch02:12850240-12857594","2088","12850240","12857594","7354"
"SL2.50ch02:12859332-12864932","1894","12859332","12864932","5600"
"SL2.50ch02:12866874-12868146","353","12866874","12868146","1272"
"SL2.50ch02:12867016-12868053","337","12867016","12868053","1037"
"SL2.50ch02:12883728-12884393","178","12883728","12884393","665"
"SL2.50ch02:12887543-12888578","427","12887543","12888578","1035"
"SL2.50ch02:12918392-12919241","153","12918392","12919241","849"
"SL2.50ch02:12971061-12972855","469","12971061","12972855","1794"
"SL2.50ch02:12993663-12995536","540","12993663","12995536","1873"
"SL2.50ch02:13002579-13003837","357","13002579","13003837","1258"
"SL2.50ch02:13773265-13773884","189","13773265","13773884","619"
"SL2.50ch02:13775574-13775995","157","13775574","13775995","421"
"SL2.50ch02:13775666-13775997","144","13775666","13775997","331"
"SL2.50ch02:13779183-13780814","2815","13779183","13780814","1631"
"SL2.50ch02:13784653-13786368","1969","13784653","13786368","1715"
"SL2.50ch02:13787338-13787905","1041","13787338","13787905","567"
"SL2.50ch02:13787398-13787830","1035","13787398","13787830","432"
"SL2.50ch02:13788336-13788667","100","13788336","13788667","331"
"SL2.50ch02:13823623-13824558","599","13823623","13824558","935"
"SL2.50ch02:13823686-13824265","554","13823686","13824265","579"
"SL2.50ch02:13827287-13830147","2467","13827287","13830147","2860"
"SL2.50ch02:13830918-13833224","4127","13830918","13833224","2306"
"SL2.50ch02:13831037-13833217","4117","13831037","13833217","2180"
"SL2.50ch02:13874890-13879485","1450","13874890","13879485","4595"
"SL2.50ch02:15331721-15332318","284","15331721","15332318","597"
"SL2.50ch02:15331783-15332301","275","15331783","15332301","518"
"SL2.50ch02:17880687-17881091","235","17880687","17881091","404"
"SL2.50ch02:17880688-17881069","235","17880688","17881069","381"
"SL2.50ch02:17882138-17882864","1151","17882138","17882864","726"
"SL2.50ch02:17882156-17882923","1154","17882156","17882923","767"
"SL2.50ch02:19051081-19051687","312","19051081","19051687","606"
"SL2.50ch02:19051097-19051615","298","19051097","19051615","518"
"SL2.50ch02:19066183-19066514","57","19066183","19066514","331"
"SL2.50ch02:19905211-19906846","460","19905211","19906846","1635"
"SL2.50ch02:19909800-19910323","101","19909800","19910323","523"
"SL2.50ch02:20737373-20738019","426","20737373","20738019","646"
"SL2.50ch02:20737437-20737936","405","20737437","20737936","499"
"SL2.50ch02:2190847-2191262","181","2190847","2191262","415"
"SL2.50ch02:22601433-22602119","144","22601433","22602119","686"
"SL2.50ch02:23287429-23287833","253","23287429","23287833","404"
"SL2.50ch02:23287478-23287870","250","23287478","23287870","392"
"SL2.50ch02:23767720-23768631","533","23767720","23768631","911"
"SL2.50ch02:23768011-23768606","493","23768011","23768606","595"
"SL2.50ch02:24414076-24414457","62","24414076","24414457","381"
"SL2.50ch02:24490793-24495381","12911","24490793","24495381","4588"
"SL2.50ch02:24490875-24495357","12905","24490875","24495357","4482"
"SL2.50ch02:24495822-24496616","2290","24495822","24496616","794"
"SL2.50ch02:24495838-24496627","2281","24495838","24496627","789"
"SL2.50ch02:24497847-24498453","762","24497847","24498453","606"
"SL2.50ch02:24497872-24498348","755","24497872","24498348","476"
"SL2.50ch02:24507100-24507673","526","24507100","24507673","573"
"SL2.50ch02:24507156-24507711","522","24507156","24507711","555"
"SL2.50ch02:24512859-24514476","5341","24512859","24514476","1617"
"SL2.50ch02:24512867-24514509","5341","24512867","24514509","1642"
"SL2.50ch02:24531766-24533080","2565","24531766","24533080","1314"
"SL2.50ch02:24531811-24533117","2565","24531811","24533117","1306"
"SL2.50ch02:24850228-24850639","82","24850228","24850639","411"
"SL2.50ch02:24948053-24951171","659","24948053","24951171","3118"
"SL2.50ch02:24978476-24978986","127","24978476","24978986","510"
"SL2.50ch02:24987144-24988110","265","24987144","24988110","966"
"SL2.50ch02:24999075-24999406","83","24999075","24999406","331"
"SL2.50ch02:25003025-25006388","729","25003025","25006388","3363"
"SL2.50ch02:25015526-25016734","224","25015526","25016734","1208"
"SL2.50ch02:25022033-25022414","93","25022033","25022414","381"
"SL2.50ch02:26874689-26875105","154","26874689","26875105","416"
"SL2.50ch02:2908928-2909609","918","2908928","2909609","681"
"SL2.50ch02:2908986-2909736","923","2908986","2909736","750"
"SL2.50ch02:30278226-30278703","123","30278226","30278703","477"
"SL2.50ch02:30278278-30278682","120","30278278","30278682","404"
"SL2.50ch02:30497802-30498183","774","30497802","30498183","381"
"SL2.50ch02:31141816-31142341","55","31141816","31142341","525"
"SL2.50ch02:31406371-31406949","85","31406371","31406949","578"
"SL2.50ch02:32942115-32942594","121","32942115","32942594","479"
"SL2.50ch02:32942122-32942503","110","32942122","32942503","381"
"SL2.50ch02:32963117-32963498","160","32963117","32963498","381"
"SL2.50ch02:32973574-32973905","80","32973574","32973905","331"
"SL2.50ch02:32973617-32974123","101","32973617","32974123","506"
"SL2.50ch02:32976656-32977061","158","32976656","32977061","405"
"SL2.50ch02:32984562-32984978","96","32984562","32984978","416"
"SL2.50ch02:33077633-33077947","47","33077633","33077947","314"
"SL2.50ch02:36472031-36472412","112","36472031","36472412","381"
"SL2.50ch02:36474435-36479246","2002","36474435","36479246","4811"
"SL2.50ch02:36474509-36478841","1890","36474509","36478841","4332"
"SL2.50ch02:36945306-36945687","57","36945306","36945687","381"
"SL2.50ch02:37743077-37743458","669","37743077","37743458","381"
"SL2.50ch02:37743115-37743429","669","37743115","37743429","314"
"SL2.50ch02:38735776-38736107","48","38735776","38736107","331"
"SL2.50ch02:39031505-39031909","114","39031505","39031909","404"
"SL2.50ch02:39033808-39034637","259","39033808","39034637","829"
"SL2.50ch02:39033861-39034488","222","39033861","39034488","627"
"SL2.50ch02:41500703-41501189","217","41500703","41501189","486"
"SL2.50ch02:41500770-41501174","214","41500770","41501174","404"
"SL2.50ch02:41740526-41746005","1869","41740526","41746005","5479"
"SL2.50ch02:41742793-41747605","1651","41742793","41747605","4812"
"SL2.50ch02:41747630-41749102","368","41747630","41749102","1472"
"SL2.50ch02:41958508-41958839","416","41958508","41958839","331"
"SL2.50ch02:44549133-44549754","6798","44549133","44549754","621"
"SL2.50ch02:44549141-44549732","6796","44549141","44549732","591"
"SL2.50ch02:44818399-44819146","10570","44818399","44819146","747"
"SL2.50ch02:44818552-44819123","10562","44818552","44819123","571"
"SL2.50ch02:45016484-45016815","117","45016484","45016815","331"
"SL2.50ch02:45768024-45768355","53","45768024","45768355","331"
"SL2.50ch02:47573514-47573845","69","47573514","47573845","331"
"SL2.50ch02:47588308-47588712","86","47588308","47588712","404"
"SL2.50ch02:47694739-47695070","140","47694739","47695070","331"
"SL2.50ch02:48371660-48372144","219","48371660","48372144","484"
"SL2.50ch02:48371716-48372177","218","48371716","48372177","461"
"SL2.50ch02:48732997-48733856","252","48732997","48733856","859"
"SL2.50ch02:48733190-48733850","218","48733190","48733850","660"
"SL2.50ch02:49313147-49313478","58","49313147","49313478","331"
"SL2.50ch02:49904154-49904808","206","49904154","49904808","654"
"SL2.50ch02:49904278-49904659","168","49904278","49904659","381"
"SL2.50ch02:51682010-51682391","238","51682010","51682391","381"
"SL2.50ch02:51682021-51682425","238","51682021","51682425","404"
"SL2.50ch02:5181503-5181884","62","5181503","5181884","381"
"SL2.50ch02:52487696-52488109","140","52487696","52488109","413"
"SL2.50ch02:52487726-52488168","135","52487726","52488168","442"
"SL2.50ch02:53630270-53630674","207","53630270","53630674","404"
"SL2.50ch02:53630278-53630659","207","53630278","53630659","381"
"SL2.50ch02:61080-61962","176","61080","61962","882"
"SL2.50ch02:6346252-6346737","138","6346252","6346737","485"
"SL2.50ch02:6346354-6346685","125","6346354","6346685","331"
"SL2.50ch02:6347850-6348384","274","6347850","6348384","534"
"SL2.50ch02:8193589-8193920","240","8193589","8193920","331"
"SL2.50ch02:8462188-8462569","106","8462188","8462569","381"
"SL2.50ch02:8892026-8893262","213","8892026","8893262","1236"
"SL2.50ch02:9251199-9251834","873","9251199","9251834","635"
"SL2.50ch02:9324555-9324936","43","9324555","9324936","381"
"SL2.50ch02:9407238-9419280","4699","9407238","9419280","12042"
"SL2.50ch02:9423880-9427239","1239","9423880","9427239","3359"
"SL2.50ch02:9522461-9523269","123","9522461","9523269","808"
"SL2.50ch03:1058317-1058710","151","1058317","1058710","393"
"SL2.50ch03:1058318-1058722","151","1058318","1058722","404"
"SL2.50ch03:11745710-11748231","665","11745710","11748231","2521"
"SL2.50ch03:12705966-12706508","73","12705966","12706508","542"
"SL2.50ch03:13311547-13311928","68","13311547","13311928","381"
"SL2.50ch03:13318242-13320196","722","13318242","13320196","1954"
"SL2.50ch03:13345110-13345650","250","13345110","13345650","540"
"SL2.50ch03:13346186-13346662","95","13346186","13346662","476"
"SL2.50ch03:13361771-13363248","607","13361771","13363248","1477"
"SL2.50ch03:13361894-13363260","586","13361894","13363260","1366"
"SL2.50ch03:13366641-13367356","227","13366641","13367356","715"
"SL2.50ch03:13366659-13367442","232","13366659","13367442","783"
"SL2.50ch03:13368063-13372304","1360","13368063","13372304","4241"
"SL2.50ch03:15952973-15954262","695","15952973","15954262","1289"
"SL2.50ch03:15955771-15957606","870","15955771","15957606","1835"
"SL2.50ch03:15955780-15957531","870","15955780","15957531","1751"
"SL2.50ch03:15958712-15960873","857","15958712","15960873","2161"
"SL2.50ch03:15958762-15960717","827","15958762","15960717","1955"
"SL2.50ch03:1596313-1596727","95","1596313","1596727","414"
"SL2.50ch03:15969035-15969863","1566","15969035","15969863","828"
"SL2.50ch03:15969117-15970109","1558","15969117","15970109","992"
"SL2.50ch03:15971446-15973065","1089","15971446","15973065","1619"
"SL2.50ch03:15971661-15973115","1055","15971661","15973115","1454"
"SL2.50ch03:15974113-15977441","3411","15974113","15977441","3328"
"SL2.50ch03:15974260-15974674","186","15974260","15974674","414"
"SL2.50ch03:15975126-15977534","3152","15975126","15977534","2408"
"SL2.50ch03:16158911-16159242","45","16158911","16159242","331"
"SL2.50ch03:16290483-16291380","239","16290483","16291380","897"
"SL2.50ch03:16781741-16782486","171","16781741","16782486","745"
"SL2.50ch03:16813615-16814156","394","16813615","16814156","541"
"SL2.50ch03:16813701-16814086","382","16813701","16814086","385"
"SL2.50ch03:16988842-16989467","244","16988842","16989467","625"
"SL2.50ch03:16988892-16989402","235","16988892","16989402","510"
"SL2.50ch03:18337424-18337805","61","18337424","18337805","381"
"SL2.50ch03:19264433-19265103","187","19264433","19265103","670"
"SL2.50ch03:19264699-19265080","141","19264699","19265080","381"
"SL2.50ch03:19394226-19394607","79","19394226","19394607","381"
"SL2.50ch03:1949080-1949567","124","1949080","1949567","487"
"SL2.50ch03:19647429-19647810","68","19647429","19647810","381"
"SL2.50ch03:19922927-19923406","74","19922927","19923406","479"
"SL2.50ch03:20510356-20510926","248","20510356","20510926","570"
"SL2.50ch03:20510518-20510906","231","20510518","20510906","388"
"SL2.50ch03:21396540-21396921","78","21396540","21396921","381"
"SL2.50ch03:21452593-21452974","79","21452593","21452974","381"
"SL2.50ch03:22923133-22923817","255","22923133","22923817","684"
"SL2.50ch03:22923320-22923701","212","22923320","22923701","381"
"SL2.50ch03:23694487-23695402","1862","23694487","23695402","915"
"SL2.50ch03:23694570-23695391","1860","23694570","23695391","821"
"SL2.50ch03:23696853-23697416","614","23696853","23697416","563"
"SL2.50ch03:23696863-23697427","611","23696863","23697427","564"
"SL2.50ch03:24533819-24534239","123","24533819","24534239","420"
"SL2.50ch03:25795003-25795664","3030","25795003","25795664","661"
"SL2.50ch03:25795086-25795500","3009","25795086","25795500","414"
"SL2.50ch03:29000823-29001154","36","29000823","29001154","331"
"SL2.50ch03:29749990-29750798","156","29749990","29750798","808"
"SL2.50ch03:30365258-30370045","6897","30365258","30370045","4787"
"SL2.50ch03:30365362-30369911","6869","30365362","30369911","4549"
"SL2.50ch03:30882310-30882641","49","30882310","30882641","331"
"SL2.50ch03:31622139-31623807","513","31622139","31623807","1668"
"SL2.50ch03:3174764-3175236","235","3174764","3175236","472"
"SL2.50ch03:3174801-3175182","233","3174801","3175182","381"
"SL2.50ch03:32171053-32172261","4206","32171053","32172261","1208"
"SL2.50ch03:32171158-32172318","4211","32171158","32172318","1160"
"SL2.50ch03:3264920-3265251","217","3264920","3265251","331"
"SL2.50ch03:33136406-33137028","19732","33136406","33137028","622"
"SL2.50ch03:33136430-33137011","19729","33136430","33137011","581"
"SL2.50ch03:33645135-33645516","75","33645135","33645516","381"
"SL2.50ch03:33785250-33785654","103","33785250","33785654","404"
"SL2.50ch03:34590888-34592949","1378","34590888","34592949","2061"
"SL2.50ch03:34595118-34596134","1357","34595118","34596134","1016"
"SL2.50ch03:34595177-34596062","1348","34595177","34596062","885"
"SL2.50ch03:34597537-34598912","1159","34597537","34598912","1375"
"SL2.50ch03:34597548-34598952","1164","34597548","34598952","1404"
"SL2.50ch03:34599575-34601701","4563","34599575","34601701","2126"
"SL2.50ch03:34599897-34601556","4511","34599897","34601556","1659"
"SL2.50ch03:34605836-34608910","5872","34605836","34608910","3074"
"SL2.50ch03:34606158-34608868","5848","34606158","34608868","2710"
"SL2.50ch03:36362070-36362451","45","36362070","36362451","381"
"SL2.50ch03:37388170-37388998","1085","37388170","37388998","828"
"SL2.50ch03:37388317-37389021","1065","37388317","37389021","704"
"SL2.50ch03:37793068-37793615","93","37793068","37793615","547"
"SL2.50ch03:3963188-3963579","89","3963188","3963579","391"
"SL2.50ch03:39746106-39747541","375","39746106","39747541","1435"
"SL2.50ch03:39746229-39747518","354","39746229","39747518","1289"
"SL2.50ch03:40339033-40339364","39","40339033","40339364","331"
"SL2.50ch03:407189-407972","203","407189","407972","783"
"SL2.50ch03:407380-407915","170","407380","407915","535"
"SL2.50ch03:41347342-41347919","564","41347342","41347919","577"
"SL2.50ch03:41347361-41347842","553","41347361","41347842","481"
"SL2.50ch03:41525374-41525958","153","41525374","41525958","584"
"SL2.50ch03:41526620-41528858","576","41526620","41528858","2238"
"SL2.50ch03:44111860-44114474","16570","44111860","44114474","2614"
"SL2.50ch03:44112081-44114465","16548","44112081","44114465","2384"
"SL2.50ch03:44115847-44117045","18427","44115847","44117045","1198"
"SL2.50ch03:44115883-44116989","18260","44115883","44116989","1106"
"SL2.50ch03:44391801-44392283","294","44391801","44392283","482"
"SL2.50ch03:44452817-44453309","150","44452817","44453309","492"
"SL2.50ch03:44457183-44457618","116","44457183","44457618","435"
"SL2.50ch03:44459272-44459690","126","44459272","44459690","418"
"SL2.50ch03:45183694-45184302","87","45183694","45184302","608"
"SL2.50ch03:45379864-45380535","181","45379864","45380535","671"
"SL2.50ch03:45802648-45803172","62","45802648","45803172","524"
"SL2.50ch03:46424746-46425077","90","46424746","46425077","331"
"SL2.50ch03:46578184-46580068","441","46578184","46580068","1884"
"SL2.50ch03:48907463-48909035","1092","48907463","48909035","1572"
"SL2.50ch03:48907468-48908450","914","48907468","48908450","982"
"SL2.50ch03:50332867-50333433","122","50332867","50333433","566"
"SL2.50ch03:51702380-51703024","1546","51702380","51703024","644"
"SL2.50ch03:51702397-51702993","1543","51702397","51702993","596"
"SL2.50ch03:52270746-52271863","291","52270746","52271863","1117"
"SL2.50ch03:52597412-52597793","166","52597412","52597793","381"
"SL2.50ch03:52597428-52597871","174","52597428","52597871","443"
"SL2.50ch03:53569737-53570118","106","53569737","53570118","381"
"SL2.50ch03:53623586-53624166","281","53623586","53624166","580"
"SL2.50ch03:53623660-53624115","263","53623660","53624115","455"
"SL2.50ch03:53627847-53628538","1657","53627847","53628538","691"
"SL2.50ch03:53627897-53628562","1655","53627897","53628562","665"
"SL2.50ch03:53931251-53932697","574","53931251","53932697","1446"
"SL2.50ch03:53931260-53932687","573","53931260","53932687","1427"
"SL2.50ch03:54169521-54172079","989","54169521","54172079","2558"
"SL2.50ch03:54169545-54173017","1180","54169545","54173017","3472"
"SL2.50ch03:54176311-54177270","447","54176311","54177270","959"
"SL2.50ch03:54176482-54177200","427","54176482","54177200","718"
"SL2.50ch03:54178552-54178933","98","54178552","54178933","381"
"SL2.50ch03:54181376-54181794","279","54181376","54181794","418"
"SL2.50ch03:54184133-54185223","282","54184133","54185223","1090"
"SL2.50ch03:56488712-56490419","5867","56488712","56490419","1707"
"SL2.50ch03:56488743-56490393","5864","56488743","56490393","1650"
"SL2.50ch03:59443405-59443736","86","59443405","59443736","331"
"SL2.50ch03:5997176-5997655","98","5997176","5997655","479"
"SL2.50ch03:60238707-60239292","88","60238707","60239292","585"
"SL2.50ch03:60259367-60259698","63","60259367","60259698","331"
"SL2.50ch03:60833776-60835353","346","60833776","60835353","1577"
"SL2.50ch03:60837758-60838548","167","60837758","60838548","790"
"SL2.50ch03:60877408-60877838","143","60877408","60877838","430"
"SL2.50ch03:60887023-60887890","227","60887023","60887890","867"
"SL2.50ch03:62569572-62569953","295","62569572","62569953","381"
"SL2.50ch03:6433412-6434088","186","6433412","6434088","676"
"SL2.50ch03:6433585-6433966","124","6433585","6433966","381"
"SL2.50ch03:6454508-6455101","207","6454508","6455101","593"
"SL2.50ch03:64820415-64821556","302","64820415","64821556","1141"
"SL2.50ch03:64827514-64828534","253","64827514","64828534","1020"
"SL2.50ch03:64829794-64830331","108","64829794","64830331","537"
"SL2.50ch03:64835372-64835703","104","64835372","64835703","331"
"SL2.50ch03:64925645-64929544","1144","64925645","64929544","3899"
"SL2.50ch03:65655543-65655992","167","65655543","65655992","449"
"SL2.50ch03:65655611-65656015","166","65655611","65656015","404"
"SL2.50ch03:65838805-65839386","391","65838805","65839386","581"
"SL2.50ch03:65838875-65839279","373","65838875","65839279","404"
"SL2.50ch03:6838333-6838947","149","6838333","6838947","614"
"SL2.50ch03:6838427-6839096","164","6838427","6839096","669"
"SL2.50ch03:6842160-6843334","252","6842160","6843334","1174"
"SL2.50ch03:6846720-6847146","162","6846720","6847146","426"
"SL2.50ch03:6857162-6858973","515","6857162","6858973","1811"
"SL2.50ch03:6857252-6859124","534","6857252","6859124","1872"
"SL2.50ch03:6868406-6870317","535","6868406","6870317","1911"
"SL2.50ch03:6871197-6872353","306","6871197","6872353","1156"
"SL2.50ch03:6883183-6884180","227","6883183","6884180","997"
"SL2.50ch03:6883219-6884161","225","6883219","6884161","942"
"SL2.50ch03:6921438-6922525","274","6921438","6922525","1087"
"SL2.50ch03:6921908-6922783","220","6921908","6922783","875"
"SL2.50ch03:6938417-6939798","308","6938417","6939798","1381"
"SL2.50ch03:6947107-6948856","510","6947107","6948856","1749"
"SL2.50ch03:6947149-6948532","447","6947149","6948532","1383"
"SL2.50ch03:6951415-6952931","426","6951415","6952931","1516"
"SL2.50ch03:6951458-6953280","505","6951458","6953280","1822"
"SL2.50ch03:6965402-6966234","261","6965402","6966234","832"
"SL2.50ch03:70528901-70529381","532","70528901","70529381","480"
"SL2.50ch03:70528934-70529411","531","70528934","70529411","477"
"SL2.50ch03:7105740-7106154","160","7105740","7106154","414"
"SL2.50ch03:7109711-7110042","98","7109711","7110042","331"
"SL2.50ch03:9711046-9711377","44","9711046","9711377","331"
"SL2.50ch04:11167926-11168307","492","11167926","11168307","381"
"SL2.50ch04:11568557-11568938","103","11568557","11568938","381"
"SL2.50ch04:11568580-11568984","102","11568580","11568984","404"
"SL2.50ch04:12098243-12099159","250","12098243","12099159","916"
"SL2.50ch04:12101156-12101792","243","12101156","12101792","636"
"SL2.50ch04:12101275-12101773","227","12101275","12101773","498"
"SL2.50ch04:13811358-13811739","60","13811358","13811739","381"
"SL2.50ch04:14616245-14616921","268","14616245","14616921","676"
"SL2.50ch04:14616362-14616870","254","14616362","14616870","508"
"SL2.50ch04:14685495-14686456","237","14685495","14686456","961"
"SL2.50ch04:14731562-14732266","162","14731562","14732266","704"
"SL2.50ch04:14738437-14739052","175","14738437","14739052","615"
"SL2.50ch04:14738906-14739287","108","14738906","14739287","381"
"SL2.50ch04:14742378-14743652","343","14742378","14743652","1274"
"SL2.50ch04:14768522-14769939","365","14768522","14769939","1417"
"SL2.50ch04:14768650-14769717","310","14768650","14769717","1067"
"SL2.50ch04:14808043-14809946","542","14808043","14809946","1903"
"SL2.50ch04:14814113-14814610","165","14814113","14814610","497"
"SL2.50ch04:14834318-14836915","722","14834318","14836915","2597"
"SL2.50ch04:14841425-14842026","152","14841425","14842026","601"
"SL2.50ch04:15038357-15041426","889","15038357","15041426","3069"
"SL2.50ch04:15038450-15041435","879","15038450","15041435","2985"
"SL2.50ch04:16897815-16898196","43","16897815","16898196","381"
"SL2.50ch04:17160905-17161286","106","17160905","17161286","381"
"SL2.50ch04:17450904-17451334","101","17450904","17451334","430"
"SL2.50ch04:17950940-17951321","51","17950940","17951321","381"
"SL2.50ch04:18560486-18561108","1432","18560486","18561108","622"
"SL2.50ch04:18560509-18561081","1431","18560509","18561081","572"
"SL2.50ch04:19321854-19322395","110","19321854","19322395","541"
"SL2.50ch04:19324757-19325964","296","19324757","19325964","1207"
"SL2.50ch04:19336793-19337124","69","19336793","19337124","331"
"SL2.50ch04:21631398-21631886","62","21631398","21631886","488"
"SL2.50ch04:22738936-22739317","41","22738936","22739317","381"
"SL2.50ch04:248035-248441","204","248035","248441","406"
"SL2.50ch04:248047-248451","199","248047","248451","404"
"SL2.50ch04:2506311-2506692","62","2506311","2506692","381"
"SL2.50ch04:26603102-26603834","119","26603102","26603834","732"
"SL2.50ch04:26611415-26614562","749","26611415","26614562","3147"
"SL2.50ch04:26623139-26623792","107","26623139","26623792","653"
"SL2.50ch04:26631151-26631482","88","26631151","26631482","331"
"SL2.50ch04:26662602-26662933","89","26662602","26662933","331"
"SL2.50ch04:26679587-26679968","56","26679587","26679968","381"
"SL2.50ch04:26681867-26683221","322","26681867","26683221","1354"
"SL2.50ch04:26718296-26720437","452","26718296","26720437","2141"
"SL2.50ch04:26721036-26722679","418","26721036","26722679","1643"
"SL2.50ch04:26724649-26725030","109","26724649","26725030","381"
"SL2.50ch04:26730814-26731195","72","26730814","26731195","381"
"SL2.50ch04:26736129-26736533","76","26736129","26736533","404"
"SL2.50ch04:26738374-26738948","136","26738374","26738948","574"
"SL2.50ch04:26745585-26745916","153","26745585","26745916","331"
"SL2.50ch04:26747946-26748260","59","26747946","26748260","314"
"SL2.50ch04:26759022-26759516","93","26759022","26759516","494"
"SL2.50ch04:26812505-26813601","236","26812505","26813601","1096"
"SL2.50ch04:26827281-26827696","110","26827281","26827696","415"
"SL2.50ch04:26830969-26831458","73","26830969","26831458","489"
"SL2.50ch04:30142735-30143508","430","30142735","30143508","773"
"SL2.50ch04:30142793-30143207","292","30142793","30143207","414"
"SL2.50ch04:30599050-30599381","70","30599050","30599381","331"
"SL2.50ch04:31286884-31287606","2959","31286884","31287606","722"
"SL2.50ch04:31286913-31287498","2952","31286913","31287498","585"
"SL2.50ch04:32065961-32066292","43","32065961","32066292","331"
"SL2.50ch04:3316578-3317091","1186","3316578","3317091","513"
"SL2.50ch04:33411833-33412514","530","33411833","33412514","681"
"SL2.50ch04:33411924-33412528","526","33411924","33412528","604"
"SL2.50ch04:33600222-33600774","478","33600222","33600774","552"
"SL2.50ch04:33600272-33600716","474","33600272","33600716","444"
"SL2.50ch04:33964686-33965817","1220","33964686","33965817","1131"
"SL2.50ch04:33964729-33967848","2897","33964729","33967848","3119"
"SL2.50ch04:33966498-33967356","1326","33966498","33967356","858"
"SL2.50ch04:35026645-35027706","193","35026645","35027706","1061"
"SL2.50ch04:35026684-35027088","109","35026684","35027088","404"
"SL2.50ch04:36284887-36285330","44","36284887","36285330","443"
"SL2.50ch04:37281328-37281732","78","37281328","37281732","404"
"SL2.50ch04:39274784-39275165","50","39274784","39275165","381"
"SL2.50ch04:4062282-4062871","385","4062282","4062871","589"
"SL2.50ch04:4062370-4062848","376","4062370","4062848","478"
"SL2.50ch04:41198481-41199118","227","41198481","41199118","637"
"SL2.50ch04:41209999-41210708","262","41209999","41210708","709"
"SL2.50ch04:41212066-41213957","1035","41212066","41213957","1891"
"SL2.50ch04:42564925-42565329","261","42564925","42565329","404"
"SL2.50ch04:42564940-42565321","261","42564940","42565321","381"
"SL2.50ch04:42679549-42679880","31","42679549","42679880","331"
"SL2.50ch04:42863861-42864250","171","42863861","42864250","389"
"SL2.50ch04:43245826-43246241","244","43245826","43246241","415"
"SL2.50ch04:43245904-43246329","241","43245904","43246329","425"
"SL2.50ch04:4399766-4400170","112","4399766","4400170","404"
"SL2.50ch04:4482019-4482333","295","4482019","4482333","314"
"SL2.50ch04:4488477-4488858","77","4488477","4488858","381"
"SL2.50ch04:48279740-48280213","163","48279740","48280213","473"
"SL2.50ch04:48279793-48280124","161","48279793","48280124","331"
"SL2.50ch04:49644302-49644683","50","49644302","49644683","381"
"SL2.50ch04:50234376-50234780","134","50234376","50234780","404"
"SL2.50ch04:51272935-51273524","123","51272935","51273524","589"
"SL2.50ch04:51484281-51484595","78","51484281","51484595","314"
"SL2.50ch04:51485088-51485419","98","51485088","51485419","331"
"SL2.50ch04:51500439-51501036","117","51500439","51501036","597"
"SL2.50ch04:51505549-51506054","91","51505549","51506054","505"
"SL2.50ch04:52006935-52007508","121","52006935","52007508","573"
"SL2.50ch04:52330422-52330973","126","52330422","52330973","551"
"SL2.50ch04:52330550-52330881","118","52330550","52330881","331"
"SL2.50ch04:53900148-53901223","380","53900148","53901223","1075"
"SL2.50ch04:53903218-53903751","143","53903218","53903751","533"
"SL2.50ch04:54063060-54063441","196","54063060","54063441","381"
"SL2.50ch04:54063066-54063470","197","54063066","54063470","404"
"SL2.50ch04:55558117-55558552","109","55558117","55558552","435"
"SL2.50ch04:55561929-55563076","334","55561929","55563076","1147"
"SL2.50ch04:55565197-55566978","744","55565197","55566978","1781"
"SL2.50ch04:55565245-55566562","629","55565245","55566562","1317"
"SL2.50ch04:55572877-55573415","97","55572877","55573415","538"
"SL2.50ch04:55661207-55661538","24","55661207","55661538","331"
"SL2.50ch04:56149343-56149851","386","56149343","56149851","508"
"SL2.50ch04:56149445-56149922","346","56149445","56149922","477"
"SL2.50ch04:58235770-58236246","1015","58235770","58236246","476"
"SL2.50ch04:59105601-59105932","76","59105601","59105932","331"
"SL2.50ch04:59156129-59156636","105","59156129","59156636","507"
"SL2.50ch04:60977337-60977741","163","60977337","60977741","404"
"SL2.50ch04:60977351-60977682","162","60977351","60977682","331"
"SL2.50ch04:64832176-64832716","561","64832176","64832716","540"
"SL2.50ch04:66134287-66134764","176","66134287","66134764","477"
"SL2.50ch04:66134319-66134650","172","66134319","66134650","331"
"SL2.50ch04:6910535-6910916","561","6910535","6910916","381"
"SL2.50ch04:6910540-6910984","565","6910540","6910984","444"
"SL2.50ch04:7355584-7356830","300","7355584","7356830","1246"
"SL2.50ch04:7365607-7368298","526","7365607","7368298","2691"
"SL2.50ch04:7380510-7381292","177","7380510","7381292","782"
"SL2.50ch04:7455432-7455865","93","7455432","7455865","433"
"SL2.50ch04:7571576-7571907","107","7571576","7571907","331"
"SL2.50ch04:7573563-7574260","162","7573563","7574260","697"
"SL2.50ch05:10221772-10222261","144","10221772","10222261","489"
"SL2.50ch05:11785106-11785510","540","11785106","11785510","404"
"SL2.50ch05:11785125-11785601","543","11785125","11785601","476"
"SL2.50ch05:124689-125267","380","124689","125267","578"
"SL2.50ch05:124706-125207","367","124706","125207","501"
"SL2.50ch05:12490821-12491152","39","12490821","12491152","331"
"SL2.50ch05:12893036-12893417","110","12893036","12893417","381"
"SL2.50ch05:13793519-13794167","160","13793519","13794167","648"
"SL2.50ch05:13793604-13794217","159","13793604","13794217","613"
"SL2.50ch05:14606008-14607052","9539","14606008","14607052","1044"
"SL2.50ch05:14606055-14607014","9531","14606055","14607014","959"
"SL2.50ch05:16312811-16313192","79","16312811","16313192","381"
"SL2.50ch05:16783662-16784043","46","16783662","16784043","381"
"SL2.50ch05:17047934-17048591","141","17047934","17048591","657"
"SL2.50ch05:17049662-17050637","254","17049662","17050637","975"
"SL2.50ch05:17051721-17052102","85","17051721","17052102","381"
"SL2.50ch05:17063457-17063861","81","17063457","17063861","404"
"SL2.50ch05:18129069-18129572","216","18129069","18129572","503"
"SL2.50ch05:19524275-19525076","187","19524275","19525076","801"
"SL2.50ch05:19525770-19526777","207","19525770","19526777","1007"
"SL2.50ch05:19598004-19598318","60","19598004","19598318","314"
"SL2.50ch05:19599523-19600251","190","19599523","19600251","728"
"SL2.50ch05:19600643-19601146","94","19600643","19601146","503"
"SL2.50ch05:19601659-19603553","478","19601659","19603553","1894"
"SL2.50ch05:19671082-19671918","159","19671082","19671918","836"
"SL2.50ch05:19674403-19674734","75","19674403","19674734","331"
"SL2.50ch05:19678494-19678825","53","19678494","19678825","331"
"SL2.50ch05:19685741-19686330","162","19685741","19686330","589"
"SL2.50ch05:19708053-19708384","81","19708053","19708384","331"
"SL2.50ch05:19711216-19711706","101","19711216","19711706","490"
"SL2.50ch05:19759005-19759336","77","19759005","19759336","331"
"SL2.50ch05:19853440-19855026","367","19853440","19855026","1586"
"SL2.50ch05:19856632-19857957","295","19856632","19857957","1325"
"SL2.50ch05:19861412-19861816","111","19861412","19861816","404"
"SL2.50ch05:19862602-19863006","100","19862602","19863006","404"
"SL2.50ch05:20083995-20084376","73","20083995","20084376","381"
"SL2.50ch05:2203078-2203720","1411","2203078","2203720","642"
"SL2.50ch05:2203124-2203700","1410","2203124","2203700","576"
"SL2.50ch05:22229509-22229943","101","22229509","22229943","434"
"SL2.50ch05:24103037-24103418","68","24103037","24103418","381"
"SL2.50ch05:24201496-24201877","68","24201496","24201877","381"
"SL2.50ch05:24361731-24362416","935","24361731","24362416","685"
"SL2.50ch05:24361792-24362383","929","24361792","24362383","591"
"SL2.50ch05:25812462-25813223","3714","25812462","25813223","761"
"SL2.50ch05:25812555-25813179","3699","25812555","25813179","624"
"SL2.50ch05:26626513-26626894","872","26626513","26626894","381"
"SL2.50ch05:26633231-26633719","128","26633231","26633719","488"
"SL2.50ch05:27332331-27332808","185","27332331","27332808","477"
"SL2.50ch05:27332339-27332743","184","27332339","27332743","404"
"SL2.50ch05:28301302-28301954","4508","28301302","28301954","652"
"SL2.50ch05:28301333-28301965","4507","28301333","28301965","632"
"SL2.50ch05:28401561-28401892","67","28401561","28401892","331"
"SL2.50ch05:29349509-29349922","137","29349509","29349922","413"
"SL2.50ch05:30096129-30096547","151","30096129","30096547","418"
"SL2.50ch05:30114820-30115151","100","30114820","30115151","331"
"SL2.50ch05:30138122-30138697","400","30138122","30138697","575"
"SL2.50ch05:30147627-30148491","326","30147627","30148491","864"
"SL2.50ch05:30147746-30148650","341","30147746","30148650","904"
"SL2.50ch05:30152644-30154543","623","30152644","30154543","1899"
"SL2.50ch05:30152985-30154006","475","30152985","30154006","1021"
"SL2.50ch05:30156828-30157232","274","30156828","30157232","404"
"SL2.50ch05:30156852-30157233","272","30156852","30157233","381"
"SL2.50ch05:30363697-30364389","130","30363697","30364389","692"
"SL2.50ch05:34059094-34059674","1042","34059094","34059674","580"
"SL2.50ch05:34059144-34059617","1031","34059144","34059617","473"
"SL2.50ch05:34096226-34097364","19818","34096226","34097364","1138"
"SL2.50ch05:34096261-34097447","19828","34096261","34097447","1186"
"SL2.50ch05:34099408-34100806","101546","34099408","34100806","1398"
"SL2.50ch05:34099451-34100853","101546","34099451","34100853","1402"
"SL2.50ch05:34480723-34481104","55","34480723","34481104","381"
"SL2.50ch05:35110282-35110857","181","35110282","35110857","575"
"SL2.50ch05:35110320-35110651","140","35110320","35110651","331"
"SL2.50ch05:35698357-35699539","1263","35698357","35699539","1182"
"SL2.50ch05:35698543-35699463","1246","35698543","35699463","920"
"SL2.50ch05:36962640-36963113","867","36962640","36963113","473"
"SL2.50ch05:36962682-36963063","859","36962682","36963063","381"
"SL2.50ch05:3700932-3702233","423","3700932","3702233","1301"
"SL2.50ch05:3701791-3702230","173","3701791","3702230","439"
"SL2.50ch05:39240018-39240584","86","39240018","39240584","566"
"SL2.50ch05:39394971-39395579","149","39394971","39395579","608"
"SL2.50ch05:39395236-39395617","107","39395236","39395617","381"
"SL2.50ch05:39968353-39972493","1248","39968353","39972493","4140"
"SL2.50ch05:39973315-39974018","261","39973315","39974018","703"
"SL2.50ch05:40067756-40069087","716","40067756","40069087","1331"
"SL2.50ch05:40068143-40069037","682","40068143","40069037","894"
"SL2.50ch05:42981754-42982235","98","42981754","42982235","481"
"SL2.50ch05:42985502-42986002","176","42985502","42986002","500"
"SL2.50ch05:42985526-42986002","174","42985526","42986002","476"
"SL2.50ch05:45135281-45135914","2959","45135281","45135914","633"
"SL2.50ch05:45135327-45135881","2952","45135327","45135881","554"
"SL2.50ch05:47294856-47295187","110","47294856","47295187","331"
"SL2.50ch05:47671717-47672048","170","47671717","47672048","331"
"SL2.50ch05:47779945-47780427","56","47779945","47780427","482"
"SL2.50ch05:48771151-48771886","138","48771151","48771886","735"
"SL2.50ch05:49830528-49830994","100","49830528","49830994","466"
"SL2.50ch05:49929892-49930514","581","49929892","49930514","622"
"SL2.50ch05:49929931-49930553","583","49929931","49930553","622"
"SL2.50ch05:50407719-50408100","48","50407719","50408100","381"
"SL2.50ch05:51313841-51315982","13921","51313841","51315982","2141"
"SL2.50ch05:51314141-51315271","13802","51314141","51315271","1130"
"SL2.50ch05:51317108-51317439","145","51317108","51317439","331"
"SL2.50ch05:51467418-51467901","125","51467418","51467901","483"
"SL2.50ch05:51486830-51487211","106","51486830","51487211","381"
"SL2.50ch05:54806564-54806945","89","54806564","54806945","381"
"SL2.50ch05:56642259-56642640","56","56642259","56642640","381"
"SL2.50ch05:56674141-56674472","43","56674141","56674472","331"
"SL2.50ch05:56705782-56706417","241","56705782","56706417","635"
"SL2.50ch05:56705831-56706270","230","56705831","56706270","439"
"SL2.50ch05:57568879-57571321","1515","57568879","57571321","2442"
"SL2.50ch05:57571883-57572825","3127","57571883","57572825","942"
"SL2.50ch05:57574709-57576547","1822","57574709","57576547","1838"
"SL2.50ch05:57574805-57576091","1742","57574805","57576091","1286"
"SL2.50ch05:57583802-57584494","263","57583802","57584494","692"
"SL2.50ch05:57583997-57584401","218","57583997","57584401","404"
"SL2.50ch05:58886999-58887587","208","58886999","58887587","588"
"SL2.50ch05:58892119-58892799","7636","58892119","58892799","680"
"SL2.50ch05:58892194-58892774","7628","58892194","58892774","580"
"SL2.50ch05:60997418-60998297","710","60997418","60998297","879"
"SL2.50ch05:60997468-60998204","698","60997468","60998204","736"
"SL2.50ch05:61296040-61296421","134","61296040","61296421","381"
"SL2.50ch05:6201149-6201625","118","6201149","6201625","476"
"SL2.50ch05:62772319-62772973","2114","62772319","62772973","654"
"SL2.50ch05:62772347-62772953","2112","62772347","62772953","606"
"SL2.50ch05:62857645-62858218","210","62857645","62858218","573"
"SL2.50ch05:62857730-62858111","195","62857730","62858111","381"
"SL2.50ch05:64187011-64187408","85","64187011","64187408","397"
"SL2.50ch05:64808149-64808463","237","64808149","64808463","314"
"SL2.50ch05:64808156-64809141","432","64808156","64809141","985"
"SL2.50ch05:6498403-6499131","7947","6498403","6499131","728"
"SL2.50ch05:6498423-6499134","7946","6498423","6499134","711"
"SL2.50ch05:6728520-6728851","491","6728520","6728851","331"
"SL2.50ch05:6773458-6774010","859","6773458","6774010","552"
"SL2.50ch05:6773554-6773995","856","6773554","6773995","441"
"SL2.50ch05:8436040-8436421","78","8436040","8436421","381"
"SL2.50ch05:9087800-9088496","227","9087800","9088496","696"
"SL2.50ch06:10947409-10948377","204","10947409","10948377","968"
"SL2.50ch06:10950513-10951823","452","10950513","10951823","1310"
"SL2.50ch06:10957115-10958211","329","10957115","10958211","1096"
"SL2.50ch06:10961074-10962307","506","10961074","10962307","1233"
"SL2.50ch06:10963169-10964427","354","10963169","10964427","1258"
"SL2.50ch06:10965926-10966653","333","10965926","10966653","727"
"SL2.50ch06:10966185-10966589","258","10966185","10966589","404"
"SL2.50ch06:10968867-10970263","576","10968867","10970263","1396"
"SL2.50ch06:10971723-10972891","640","10971723","10972891","1168"
"SL2.50ch06:10971728-10972909","640","10971728","10972909","1181"
"SL2.50ch06:10979407-10980101","342","10979407","10980101","694"
"SL2.50ch06:10979446-10980177","341","10979446","10980177","731"
"SL2.50ch06:10982165-10983036","370","10982165","10983036","871"
"SL2.50ch06:10982174-10983088","370","10982174","10983088","914"
"SL2.50ch06:10986776-10990133","1339","10986776","10990133","3357"
"SL2.50ch06:10986793-10990146","1339","10986793","10990146","3353"
"SL2.50ch06:10996653-10998982","1064","10996653","10998982","2329"
"SL2.50ch06:11000018-11000938","735","11000018","11000938","920"
"SL2.50ch06:11000031-11001002","735","11000031","11001002","971"
"SL2.50ch06:11009017-11014358","1705","11009017","11014358","5341"
"SL2.50ch06:11019681-11027346","4665","11019681","11027346","7665"
"SL2.50ch06:11019690-11027373","4665","11019690","11027373","7683"
"SL2.50ch06:11032844-11037074","2218","11032844","11037074","4230"
"SL2.50ch06:11032910-11037102","2203","11032910","11037102","4192"
"SL2.50ch06:11037841-11040305","1156","11037841","11040305","2464"
"SL2.50ch06:11040940-11044030","1483","11040940","11044030","3090"
"SL2.50ch06:11050128-11054360","2691","11050128","11054360","4232"
"SL2.50ch06:11050137-11054383","2691","11050137","11054383","4246"
"SL2.50ch06:11067918-11068400","172","11067918","11068400","482"
"SL2.50ch06:11101554-11102380","241","11101554","11102380","826"
"SL2.50ch06:11121999-11124431","1188","11121999","11124431","2432"
"SL2.50ch06:11125470-11127116","570","11125470","11127116","1646"
"SL2.50ch06:11127577-11128833","385","11127577","11128833","1256"
"SL2.50ch06:11137608-11138028","144","11137608","11138028","420"
"SL2.50ch06:11142266-11148185","1860","11142266","11148185","5919"
"SL2.50ch06:11149965-11152499","1237","11149965","11152499","2534"
"SL2.50ch06:11150240-11152056","962","11150240","11152056","1816"
"SL2.50ch06:11154178-11155976","513","11154178","11155976","1798"
"SL2.50ch06:11182085-11183486","356","11182085","11183486","1401"
"SL2.50ch06:11189145-11189476","122","11189145","11189476","331"
"SL2.50ch06:11225806-11226137","66","11225806","11226137","331"
"SL2.50ch06:11227199-11227858","219","11227199","11227858","659"
"SL2.50ch06:11232258-11232639","127","11232258","11232639","381"
"SL2.50ch06:11249962-11250548","146","11249962","11250548","586"
"SL2.50ch06:11282449-11282780","72","11282449","11282780","331"
"SL2.50ch06:11373336-11373815","123","11373336","11373815","479"
"SL2.50ch06:11374132-11374823","235","11374132","11374823","691"
"SL2.50ch06:11374397-11374728","174","11374397","11374728","331"
"SL2.50ch06:11537565-11538079","222","11537565","11538079","514"
"SL2.50ch06:11541452-11541783","86","11541452","11541783","331"
"SL2.50ch06:11564987-11566222","452","11564987","11566222","1235"
"SL2.50ch06:11565009-11565513","377","11565009","11565513","504"
"SL2.50ch06:11578387-11578768","155","11578387","11578768","381"
"SL2.50ch06:11581506-11581837","169","11581506","11581837","331"
"SL2.50ch06:11592346-11593517","511","11592346","11593517","1171"
"SL2.50ch06:11600456-11601309","276","11600456","11601309","853"
"SL2.50ch06:11605185-11606283","365","11605185","11606283","1098"
"SL2.50ch06:11607730-11609234","880","11607730","11609234","1504"
"SL2.50ch06:11607751-11609192","877","11607751","11609192","1441"
"SL2.50ch06:11610339-11612353","597","11610339","11612353","2014"
"SL2.50ch06:11615867-11616398","172","11615867","11616398","531"
"SL2.50ch06:11622835-11624534","991","11622835","11624534","1699"
"SL2.50ch06:11622845-11624328","951","11622845","11624328","1483"
"SL2.50ch06:11632052-11632718","444","11632052","11632718","666"
"SL2.50ch06:11632082-11632652","444","11632082","11632652","570"
"SL2.50ch06:11634548-11636811","1486","11634548","11636811","2263"
"SL2.50ch06:11634549-11636814","1486","11634549","11636814","2265"
"SL2.50ch06:12253948-12255474","930","12253948","12255474","1526"
"SL2.50ch06:12260916-12261634","253","12260916","12261634","718"
"SL2.50ch06:12264007-12268154","3153","12264007","12268154","4147"
"SL2.50ch06:12268798-12269790","245","12268798","12269790","992"
"SL2.50ch06:12391176-12391618","97","12391176","12391618","442"
"SL2.50ch06:12412041-12412372","69","12412041","12412372","331"
"SL2.50ch06:12444950-12445993","292","12444950","12445993","1043"
"SL2.50ch06:12445028-12445966","289","12445028","12445966","938"
"SL2.50ch06:12447390-12448808","343","12447390","12448808","1418"
"SL2.50ch06:12513906-12514643","101","12513906","12514643","737"
"SL2.50ch06:12647474-12647855","80","12647474","12647855","381"
"SL2.50ch06:12661829-12662323","91","12661829","12662323","494"
"SL2.50ch06:12747589-12748565","171","12747589","12748565","976"
"SL2.50ch06:12761552-12761883","59","12761552","12761883","331"
"SL2.50ch06:12785820-12786361","94","12785820","12786361","541"
"SL2.50ch06:12849422-12850298","1119","12849422","12850298","876"
"SL2.50ch06:12849583-12850366","1117","12849583","12850366","783"
"SL2.50ch06:12875194-12875525","64","12875194","12875525","331"
"SL2.50ch06:12891357-12891738","61","12891357","12891738","381"
"SL2.50ch06:12931056-12931437","59","12931056","12931437","381"
"SL2.50ch06:12986616-12986997","62","12986616","12986997","381"
"SL2.50ch06:13010303-13011118","190","13010303","13011118","815"
"SL2.50ch06:13018711-13019092","62","13018711","13019092","381"
"SL2.50ch06:13052196-13052697","101","13052196","13052697","501"
"SL2.50ch06:13424117-13425113","1066","13424117","13425113","996"
"SL2.50ch06:13424223-13425105","1065","13424223","13425105","882"
"SL2.50ch06:16354420-16354824","89","16354420","16354824","404"
"SL2.50ch06:19992401-19992782","58","19992401","19992782","381"
"SL2.50ch06:20128520-20129249","6187","20128520","20129249","729"
"SL2.50ch06:20129767-20130271","13774","20129767","20130271","504"
"SL2.50ch06:20515088-20515533","324","20515088","20515533","445"
"SL2.50ch06:20515111-20515588","322","20515111","20515588","477"
"SL2.50ch06:20964739-20965120","96","20964739","20965120","381"
"SL2.50ch06:21340971-21341487","1755","21340971","21341487","516"
"SL2.50ch06:21340997-21341474","1754","21340997","21341474","477"
"SL2.50ch06:21771206-21772206","406","21771206","21772206","1000"
"SL2.50ch06:21771437-21772110","353","21771437","21772110","673"
"SL2.50ch06:22980971-22981374","64","22980971","22981374","403"
"SL2.50ch06:24095780-24096111","81","24095780","24096111","331"
"SL2.50ch06:24168452-24168833","909","24168452","24168833","381"
"SL2.50ch06:24363884-24364282","234","24363884","24364282","398"
"SL2.50ch06:24536183-24536661","925","24536183","24536661","478"
"SL2.50ch06:26056901-26057232","49","26056901","26057232","331"
"SL2.50ch06:27436698-27437251","193","27436698","27437251","553"
"SL2.50ch06:27436707-27437301","198","27436707","27437301","594"
"SL2.50ch06:27475434-27477639","449","27475434","27477639","2205"
"SL2.50ch06:27691687-27692018","45","27691687","27692018","331"
"SL2.50ch06:29957413-29957917","51","29957413","29957917","504"
"SL2.50ch06:30643930-30644261","88","30643930","30644261","331"
"SL2.50ch06:30951068-30951467","108","30951068","30951467","399"
"SL2.50ch06:31135931-31136493","349","31135931","31136493","562"
"SL2.50ch06:31135949-31136534","349","31135949","31136534","585"
"SL2.50ch06:31144477-31144791","57","31144477","31144791","314"
"SL2.50ch06:32472516-32473343","257","32472516","32473343","827"
"SL2.50ch06:32472677-32473264","222","32472677","32473264","587"
"SL2.50ch06:3332788-3333307","126","3332788","3333307","519"
"SL2.50ch06:3332805-3333282","115","3332805","3333282","477"
"SL2.50ch06:33858355-33858984","286","33858355","33858984","629"
"SL2.50ch06:33858408-33858912","281","33858408","33858912","504"
"SL2.50ch06:3414446-3415308","313","3414446","3415308","862"
"SL2.50ch06:3424470-3424956","97","3424470","3424956","486"
"SL2.50ch06:3450859-3454807","1267","3450859","3454807","3948"
"SL2.50ch06:3455247-3456666","284","3455247","3456666","1419"
"SL2.50ch06:34686221-34686640","116","34686221","34686640","419"
"SL2.50ch06:34686354-34686685","119","34686354","34686685","331"
"SL2.50ch06:3473858-3474189","70","3473858","3474189","331"
"SL2.50ch06:35232434-35232930","135","35232434","35232930","496"
"SL2.50ch06:35232443-35233047","150","35232443","35233047","604"
"SL2.50ch06:35841143-35842116","219","35841143","35842116","973"
"SL2.50ch06:35849344-35849894","102","35849344","35849894","550"
"SL2.50ch06:35855396-35855826","79","35855396","35855826","430"
"SL2.50ch06:36203477-36203864","130","36203477","36203864","387"
"SL2.50ch06:36593577-36594084","3470","36593577","36594084","507"
"SL2.50ch06:36593589-36594065","3470","36593589","36594065","476"
"SL2.50ch06:38692663-38693044","221","38692663","38693044","381"
"SL2.50ch06:38692679-38693089","227","38692679","38693089","410"
"SL2.50ch06:39340497-39340878","629","39340497","39340878","381"
"SL2.50ch06:39340502-39340906","631","39340502","39340906","404"
"SL2.50ch06:40138794-40139305","507","40138794","40139305","511"
"SL2.50ch06:40138835-40139291","505","40138835","40139291","456"
"SL2.50ch06:40454554-40455489","200","40454554","40455489","935"
"SL2.50ch06:42038148-42038552","193","42038148","42038552","404"
"SL2.50ch06:42038173-42038504","193","42038173","42038504","331"
"SL2.50ch06:4241451-4242037","242","4241451","4242037","586"
"SL2.50ch06:4241551-4241973","228","4241551","4241973","422"
"SL2.50ch06:42662943-42663546","3939","42662943","42663546","603"
"SL2.50ch06:42662979-42663474","3933","42662979","42663474","495"
"SL2.50ch06:4357169-4357799","1275","4357169","4357799","630"
"SL2.50ch06:4357287-4357860","1275","4357287","4357860","573"
"SL2.50ch06:43986841-43987261","291","43986841","43987261","420"
"SL2.50ch06:43986871-43987275","290","43986871","43987275","404"
"SL2.50ch06:44551082-44551775","135","44551082","44551775","693"
"SL2.50ch06:44654974-44655464","315","44654974","44655464","490"
"SL2.50ch06:44655030-44655411","306","44655030","44655411","381"
"SL2.50ch06:44744106-44744650","3804","44744106","44744650","544"
"SL2.50ch06:44744152-44744589","3801","44744152","44744589","437"
"SL2.50ch06:46138834-46139495","235","46138834","46139495","661"
"SL2.50ch06:46139046-46139467","199","46139046","46139467","421"
"SL2.50ch06:46145254-46148688","15474","46145254","46148688","3434"
"SL2.50ch06:46145319-46148663","15468","46145319","46148663","3344"
"SL2.50ch06:47239543-47240018","277","47239543","47240018","475"
"SL2.50ch06:47239593-47239976","274","47239593","47239976","383"
"SL2.50ch06:47293479-47294053","1648","47293479","47294053","574"
"SL2.50ch06:47293625-47294071","1647","47293625","47294071","446"
"SL2.50ch06:49737650-49738665","335","49737650","49738665","1015"
"SL2.50ch06:49737695-49738545","328","49737695","49738545","850"
"SL2.50ch06:5004425-5004927","94","5004425","5004927","502"
"SL2.50ch06:5008489-5008870","72","5008489","5008870","381"
"SL2.50ch06:5066776-5067157","69","5066776","5067157","381"
"SL2.50ch06:5075824-5076205","83","5075824","5076205","381"
"SL2.50ch06:5224495-5224826","95","5224495","5224826","331"
"SL2.50ch06:5261672-5262257","248","5261672","5262257","585"
"SL2.50ch06:5261686-5262235","246","5261686","5262235","549"
"SL2.50ch06:5300754-5301239","188","5300754","5301239","485"
"SL2.50ch06:5539405-5539736","66","5539405","5539736","331"
"SL2.50ch06:5771307-5772133","178","5771307","5772133","826"
"SL2.50ch06:5771379-5771910","136","5771379","5771910","531"
"SL2.50ch06:5967206-5967587","102","5967206","5967587","381"
"SL2.50ch06:6389557-6390114","760","6389557","6390114","557"
"SL2.50ch06:6389582-6390202","761","6389582","6390202","620"
"SL2.50ch06:6707638-6707969","91","6707638","6707969","331"
"SL2.50ch06:7067797-7068178","115","7067797","7068178","381"
"SL2.50ch06:7575695-7576076","161","7575695","7576076","381"
"SL2.50ch06:7609806-7610281","236","7609806","7610281","475"
"SL2.50ch06:7609870-7610251","232","7609870","7610251","381"
"SL2.50ch06:7918580-7919090","102","7918580","7919090","510"
"SL2.50ch06:8571905-8572751","147","8571905","8572751","846"
"SL2.50ch06:8594302-8596098","330","8594302","8596098","1796"
"SL2.50ch07:10484474-10485393","794","10484474","10485393","919"
"SL2.50ch07:10484584-10485404","782","10484584","10485404","820"
"SL2.50ch07:10490137-10490882","2249","10490137","10490882","745"
"SL2.50ch07:10490157-10490846","2240","10490157","10490846","689"
"SL2.50ch07:11631182-11631753","163","11631182","11631753","571"
"SL2.50ch07:11631232-11631655","155","11631232","11631655","423"
"SL2.50ch07:11852517-11854058","908","11852517","11854058","1541"
"SL2.50ch07:11852568-11854114","906","11852568","11854114","1546"
"SL2.50ch07:11854828-11856849","2255","11854828","11856849","2021"
"SL2.50ch07:11854838-11856909","2265","11854838","11856909","2071"
"SL2.50ch07:12792028-12792566","178","12792028","12792566","538"
"SL2.50ch07:13061177-13061558","33","13061177","13061558","381"
"SL2.50ch07:14185905-14186286","38","14185905","14186286","381"
"SL2.50ch07:14895177-14895660","63","14895177","14895660","483"
"SL2.50ch07:154-644","261","154","644","490"
"SL2.50ch07:16218905-16219478","123","16218905","16219478","573"
"SL2.50ch07:16794790-16795121","164","16794790","16795121","331"
"SL2.50ch07:19797843-19798311","118","19797843","19798311","468"
"SL2.50ch07:19804202-19804706","65","19804202","19804706","504"
"SL2.50ch07:19824914-19825318","96","19824914","19825318","404"
"SL2.50ch07:19845517-19845848","80","19845517","19845848","331"
"SL2.50ch07:19862962-19864091","291","19862962","19864091","1129"
"SL2.50ch07:19882116-19882627","216","19882116","19882627","511"
"SL2.50ch07:19882263-19882743","210","19882263","19882743","480"
"SL2.50ch07:19886335-19887665","428","19886335","19887665","1330"
"SL2.50ch07:19950344-19950963","112","19950344","19950963","619"
"SL2.50ch07:2038-2579","144","2038","2579","541"
"SL2.50ch07:222-2571","627","222","2571","2349"
"SL2.50ch07:2361885-2362270","173","2361885","2362270","385"
"SL2.50ch07:26467738-26468069","102","26467738","26468069","331"
"SL2.50ch07:27291275-27291834","165","27291275","27291834","559"
"SL2.50ch07:27969921-27970302","44","27969921","27970302","381"
"SL2.50ch07:28302964-28303555","4026","28302964","28303555","591"
"SL2.50ch07:28303048-28303619","4030","28303048","28303619","571"
"SL2.50ch07:29209556-29210196","609","29209556","29210196","640"
"SL2.50ch07:29209644-29210025","580","29209644","29210025","381"
"SL2.50ch07:29621993-29622555","92","29621993","29622555","562"
"SL2.50ch07:29775314-29775846","162","29775314","29775846","532"
"SL2.50ch07:2999380-3000365","451","2999380","3000365","985"
"SL2.50ch07:2999657-3000382","413","2999657","3000382","725"
"SL2.50ch07:30901950-30903433","860","30901950","30903433","1483"
"SL2.50ch07:30901983-30903426","860","30901983","30903426","1443"
"SL2.50ch07:30904001-30904867","325","30904001","30904867","866"
"SL2.50ch07:30904013-30904344","259","30904013","30904344","331"
"SL2.50ch07:30906088-30906620","581","30906088","30906620","532"
"SL2.50ch07:30906121-30906581","577","30906121","30906581","460"
"SL2.50ch07:32432778-32433597","2154","32432778","32433597","819"
"SL2.50ch07:32433027-32433607","2132","32433027","32433607","580"
"SL2.50ch07:34439305-34439686","79","34439305","34439686","381"
"SL2.50ch07:35067189-35067570","60","35067189","35067570","381"
"SL2.50ch07:36068583-36069109","239","36068583","36069109","526"
"SL2.50ch07:36068623-36069186","247","36068623","36069186","563"
"SL2.50ch07:3774928-3776334","476","3774928","3776334","1406"
"SL2.50ch07:38161094-38161653","105","38161094","38161653","559"
"SL2.50ch07:39115128-39115459","138","39115128","39115459","331"
"SL2.50ch07:39119631-39120035","235","39119631","39120035","404"
"SL2.50ch07:39119691-39120022","232","39119691","39120022","331"
"SL2.50ch07:4007330-4008116","849","4007330","4008116","786"
"SL2.50ch07:4007359-4008082","844","4007359","4008082","723"
"SL2.50ch07:44373280-44373661","109","44373280","44373661","381"
"SL2.50ch07:44383776-44384209","267","44383776","44384209","433"
"SL2.50ch07:44383777-44384198","264","44383777","44384198","421"
"SL2.50ch07:44576879-44577295","76","44576879","44577295","416"
"SL2.50ch07:45281877-45282258","36","45281877","45282258","381"
"SL2.50ch07:45560506-45560994","162","45560506","45560994","488"
"SL2.50ch07:47753072-47753453","36","47753072","47753453","381"
"SL2.50ch07:4797941-4798272","83","4797941","4798272","331"
"SL2.50ch07:48041097-48041612","78","48041097","48041612","515"
"SL2.50ch07:48381568-48382040","35","48381568","48382040","472"
"SL2.50ch07:4895812-4896296","121","4895812","4896296","484"
"SL2.50ch07:50218675-50219079","195","50218675","50219079","404"
"SL2.50ch07:50218773-50219104","192","50218773","50219104","331"
"SL2.50ch07:5061098-5061517","76","5061098","5061517","419"
"SL2.50ch07:50623432-50623911","222","50623432","50623911","479"
"SL2.50ch07:50623456-50624030","219","50623456","50624030","574"
"SL2.50ch07:5066460-5067638","195","5066460","5067638","1178"
"SL2.50ch07:52229717-52230208","270","52229717","52230208","491"
"SL2.50ch07:52229815-52230196","268","52229815","52230196","381"
"SL2.50ch07:52359458-52359772","61","52359458","52359772","314"
"SL2.50ch07:52372224-52372538","73","52372224","52372538","314"
"SL2.50ch07:5329634-5330048","82","5329634","5330048","414"
"SL2.50ch07:5355046-5355716","119","5355046","5355716","670"
"SL2.50ch07:5356731-5357135","88","5356731","5357135","404"
"SL2.50ch07:5385939-5386418","81","5385939","5386418","479"
"SL2.50ch07:5390060-5390391","94","5390060","5390391","331"
"SL2.50ch07:53975469-53975850","540","53975469","53975850","381"
"SL2.50ch07:5413307-5413638","126","5413307","5413638","331"
"SL2.50ch07:5450366-5452125","476","5450366","5452125","1759"
"SL2.50ch07:54736727-54737286","539","54736727","54737286","559"
"SL2.50ch07:54736814-54737356","532","54736814","54737356","542"
"SL2.50ch07:55282872-55283203","392","55282872","55283203","331"
"SL2.50ch07:55624036-55624417","132","55624036","55624417","381"
"SL2.50ch07:55632636-55633402","270","55632636","55633402","766"
"SL2.50ch07:55632892-55633419","221","55632892","55633419","527"
"SL2.50ch07:5584381-5585173","245","5584381","5585173","792"
"SL2.50ch07:5586876-5587257","126","5586876","5587257","381"
"SL2.50ch07:56095617-56096086","89","56095617","56096086","469"
"SL2.50ch07:56754920-56755411","123","56754920","56755411","491"
"SL2.50ch07:56755026-56755357","103","56755026","56755357","331"
"SL2.50ch07:56757178-56757964","194","56757178","56757964","786"
"SL2.50ch07:56757244-56757688","133","56757244","56757688","444"
"SL2.50ch07:57398904-57399485","163","57398904","57399485","581"
"SL2.50ch07:57399017-57399450","151","57399017","57399450","433"
"SL2.50ch07:57399966-57400347","131","57399966","57400347","381"
"SL2.50ch07:57401731-57402243","153","57401731","57402243","512"
"SL2.50ch07:57406415-57407105","149","57406415","57407105","690"
"SL2.50ch07:57431514-57431928","122","57431514","57431928","414"
"SL2.50ch07:58301158-58301618","220","58301158","58301618","460"
"SL2.50ch07:58301216-58301699","225","58301216","58301699","483"
"SL2.50ch07:58802339-58805033","630","58802339","58805033","2694"
"SL2.50ch07:59388865-59389400","496","59388865","59389400","535"
"SL2.50ch07:59388872-59389382","494","59388872","59389382","510"
"SL2.50ch07:59507081-59507651","4655","59507081","59507651","570"
"SL2.50ch07:59507100-59507681","4659","59507100","59507681","581"
"SL2.50ch07:61301593-61302334","577","61301593","61302334","741"
"SL2.50ch07:61301628-61302228","567","61301628","61302228","600"
"SL2.50ch07:62472101-62472482","105","62472101","62472482","381"
"SL2.50ch07:64790110-64790491","141","64790110","64790491","381"
"SL2.50ch07:65784674-65785078","354","65784674","65785078","404"
"SL2.50ch07:65784723-65785054","352","65784723","65785054","331"
"SL2.50ch07:67284176-67284832","157","67284176","67284832","656"
"SL2.50ch07:67912732-67913063","163","67912732","67913063","331"
"SL2.50ch07:6845941-6846255","58","6845941","6846255","314"
"SL2.50ch07:7832010-7832632","519","7832010","7832632","622"
"SL2.50ch07:7832066-7832643","515","7832066","7832643","577"
"SL2.50ch07:8823263-8824031","216","8823263","8824031","768"
"SL2.50ch07:8823669-8824050","132","8823669","8824050","381"
"SL2.50ch07:8824548-8825026","123","8824548","8825026","478"
"SL2.50ch07:9898065-9898700","143","9898065","9898700","635"
"SL2.50ch07:9898163-9898669","130","9898163","9898669","506"
"SL2.50ch07:9909935-9910328","102","9909935","9910328","393"
"SL2.50ch08:10002647-10004817","1111","10002647","10004817","2170"
"SL2.50ch08:10005533-10006891","694","10005533","10006891","1358"
"SL2.50ch08:10005568-10006873","680","10005568","10006873","1305"
"SL2.50ch08:10011790-10013473","1169","10011790","10013473","1683"
"SL2.50ch08:10011801-10013458","1169","10011801","10013458","1657"
"SL2.50ch08:10015712-10017858","1807","10015712","10017858","2146"
"SL2.50ch08:10015740-10017922","1807","10015740","10017922","2182"
"SL2.50ch08:10024208-10028275","3015","10024208","10028275","4067"
"SL2.50ch08:10024251-10028292","3013","10024251","10028292","4041"
"SL2.50ch08:10030595-10031855","621","10030595","10031855","1260"
"SL2.50ch08:10032600-10036508","1656","10032600","10036508","3908"
"SL2.50ch08:10118904-10119390","98","10118904","10119390","486"
"SL2.50ch08:10118930-10119322","94","10118930","10119322","392"
"SL2.50ch08:10428374-10428886","120","10428374","10428886","512"
"SL2.50ch08:10428946-10430169","341","10428946","10430169","1223"
"SL2.50ch08:10429599-10430003","215","10429599","10430003","404"
"SL2.50ch08:10434563-10437241","653","10434563","10437241","2678"
"SL2.50ch08:10445638-10446435","161","10445638","10446435","797"
"SL2.50ch08:10751620-10752185","101","10751620","10752185","565"
"SL2.50ch08:10821079-10821882","194","10821079","10821882","803"
"SL2.50ch08:10888296-10889971","395","10888296","10889971","1675"
"SL2.50ch08:10943904-10944540","172","10943904","10944540","636"
"SL2.50ch08:10943984-10944315","136","10943984","10944315","331"
"SL2.50ch08:11082853-11083390","526","11082853","11083390","537"
"SL2.50ch08:11082916-11083320","513","11082916","11083320","404"
"SL2.50ch08:11130561-11131537","1312","11130561","11131537","976"
"SL2.50ch08:11130610-11131455","1306","11130610","11131455","845"
"SL2.50ch08:11137944-11141315","15675","11137944","11141315","3371"
"SL2.50ch08:11137972-11141241","15666","11137972","11141241","3269"
"SL2.50ch08:11147893-11149553","1700","11147893","11149553","1660"
"SL2.50ch08:11147992-11149016","1620","11147992","11149016","1024"
"SL2.50ch08:11732661-11733614","682","11732661","11733614","953"
"SL2.50ch08:11732707-11733646","679","11732707","11733646","939"
"SL2.50ch08:11881136-11881517","168","11881136","11881517","381"
"SL2.50ch08:12167350-12167897","69","12167350","12167897","547"
"SL2.50ch08:14782902-14783428","77","14782902","14783428","526"
"SL2.50ch08:14814597-14814928","59","14814597","14814928","331"
"SL2.50ch08:14999691-15000656","683","14999691","15000656","965"
"SL2.50ch08:14999740-15000606","677","14999740","15000606","866"
"SL2.50ch08:15167804-15168524","496","15167804","15168524","720"
"SL2.50ch08:15167815-15168517","494","15167815","15168517","702"
"SL2.50ch08:15513806-15514870","301","15513806","15514870","1064"
"SL2.50ch08:15515420-15516377","222","15515420","15516377","957"
"SL2.50ch08:15515544-15516319","213","15515544","15516319","775"
"SL2.50ch08:15517604-15518082","148","15517604","15518082","478"
"SL2.50ch08:15542570-15543146","144","15542570","15543146","576"
"SL2.50ch08:15547426-15547934","192","15547426","15547934","508"
"SL2.50ch08:15554959-15555500","168","15554959","15555500","541"
"SL2.50ch08:15554971-15555471","168","15554971","15555471","500"
"SL2.50ch08:15556237-15557294","371","15556237","15557294","1057"
"SL2.50ch08:15556337-15556952","251","15556337","15556952","615"
"SL2.50ch08:15599337-15599668","44","15599337","15599668","331"
"SL2.50ch08:15611848-15612373","83","15611848","15612373","525"
"SL2.50ch08:15611858-15612262","70","15611858","15612262","404"
"SL2.50ch08:15838864-15839355","276","15838864","15839355","491"
"SL2.50ch08:15838937-15839341","264","15838937","15839341","404"
"SL2.50ch08:15840171-15840654","283","15840171","15840654","483"
"SL2.50ch08:15840223-15840700","279","15840223","15840700","477"
"SL2.50ch08:15842234-15842741","201","15842234","15842741","507"
"SL2.50ch08:15842254-15842829","206","15842254","15842829","575"
"SL2.50ch08:15843700-15844081","158","15843700","15844081","381"
"SL2.50ch08:15847434-15847878","238","15847434","15847878","444"
"SL2.50ch08:15847471-15847852","232","15847471","15847852","381"
"SL2.50ch08:16026869-16027904","636","16026869","16027904","1035"
"SL2.50ch08:16026903-16027866","627","16026903","16027866","963"
"SL2.50ch08:16031640-16032073","354","16031640","16032073","433"
"SL2.50ch08:16806935-16807249","49","16806935","16807249","314"
"SL2.50ch08:17270165-17270546","41","17270165","17270546","381"
"SL2.50ch08:17908895-17909226","35","17908895","17909226","331"
"SL2.50ch08:18438023-18438427","85","18438023","18438427","404"
"SL2.50ch08:20104688-20105019","64","20104688","20105019","331"
"SL2.50ch08:22009830-22010344","68","22009830","22010344","514"
"SL2.50ch08:22076676-22077080","114","22076676","22077080","404"
"SL2.50ch08:22534316-22534721","208","22534316","22534721","405"
"SL2.50ch08:24010344-24010725","97","24010344","24010725","381"
"SL2.50ch08:25335964-25336450","178","25335964","25336450","486"
"SL2.50ch08:25669393-25670020","284","25669393","25670020","627"
"SL2.50ch08:25669541-25669872","262","25669541","25669872","331"
"SL2.50ch08:2620359-2620865","300","2620359","2620865","506"
"SL2.50ch08:2620388-2620769","299","2620388","2620769","381"
"SL2.50ch08:26692777-26693800","366","26692777","26693800","1023"
"SL2.50ch08:27633104-27633749","6963","27633104","27633749","645"
"SL2.50ch08:27633182-27633720","6958","27633182","27633720","538"
"SL2.50ch08:28156057-28156388","119","28156057","28156388","331"
"SL2.50ch08:28974492-28975079","159","28974492","28975079","587"
"SL2.50ch08:29077358-29077772","57","29077358","29077772","414"
"SL2.50ch08:30786206-30786950","121","30786206","30786950","744"
"SL2.50ch08:30793548-30793929","90","30793548","30793929","381"
"SL2.50ch08:31765704-31766610","4321","31765704","31766610","906"
"SL2.50ch08:31765782-31766550","4292","31765782","31766550","768"
"SL2.50ch08:32821682-32822263","505","32821682","32822263","581"
"SL2.50ch08:32821774-32822279","498","32821774","32822279","505"
"SL2.50ch08:33047344-33047675","73","33047344","33047675","331"
"SL2.50ch08:34430564-34431484","259","34430564","34431484","920"
"SL2.50ch08:36327433-36327764","100","36327433","36327764","331"
"SL2.50ch08:36793005-36793386","65","36793005","36793386","381"
"SL2.50ch08:37202422-37203959","659","37202422","37203959","1537"
"SL2.50ch08:37202647-37203707","613","37202647","37203707","1060"
"SL2.50ch08:37401957-37402433","858","37401957","37402433","476"
"SL2.50ch08:39144874-39154075","31348","39144874","39154075","9201"
"SL2.50ch08:39144954-39146361","2988","39144954","39146361","1407"
"SL2.50ch08:39148354-39154081","24478","39148354","39154081","5727"
"SL2.50ch08:39368577-39368908","116","39368577","39368908","331"
"SL2.50ch08:39823771-39824152","35","39823771","39824152","381"
"SL2.50ch08:40203197-40203674","71","40203197","40203674","477"
"SL2.50ch08:40547974-40548655","147","40547974","40548655","681"
"SL2.50ch08:41015930-41016311","49","41015930","41016311","381"
"SL2.50ch08:41075542-41076191","207","41075542","41076191","649"
"SL2.50ch08:41469338-41470035","96","41469338","41470035","697"
"SL2.50ch08:42177168-42177549","146","42177168","42177549","381"
"SL2.50ch08:42861626-42862141","139","42861626","42862141","515"
"SL2.50ch08:43103112-43103493","113","43103112","43103493","381"
"SL2.50ch08:4393994-4394436","446","4393994","4394436","442"
"SL2.50ch08:4393998-4394439","449","4393998","4394439","441"
"SL2.50ch08:44452684-44453110","124","44452684","44453110","426"
"SL2.50ch08:44453900-44454707","215","44453900","44454707","807"
"SL2.50ch08:44453955-44454807","218","44453955","44454807","852"
"SL2.50ch08:44703510-44703921","169","44703510","44703921","411"
"SL2.50ch08:45328710-45329041","48","45328710","45329041","331"
"SL2.50ch08:46709361-46710441","837","46709361","46710441","1080"
"SL2.50ch08:46709638-46710359","810","46709638","46710359","721"
"SL2.50ch08:46711088-46711419","95","46711088","46711419","331"
"SL2.50ch08:46953388-46956864","31881","46953388","46956864","3476"
"SL2.50ch08:46953415-46956255","31795","46953415","46956255","2840"
"SL2.50ch08:48239831-48240908","697","48239831","48240908","1077"
"SL2.50ch08:48239875-48240887","686","48239875","48240887","1012"
"SL2.50ch08:49240268-49240824","89","49240268","49240824","556"
"SL2.50ch08:50477308-50478101","195","50477308","50478101","793"
"SL2.50ch08:50497942-50498323","65","50497942","50498323","381"
"SL2.50ch08:50544007-50544528","130","50544007","50544528","521"
"SL2.50ch08:5160554-5160885","38","5160554","5160885","331"
"SL2.50ch08:51743953-51744426","1426","51743953","51744426","473"
"SL2.50ch08:51879524-51880278","133","51879524","51880278","754"
"SL2.50ch08:52271090-52271421","59","52271090","52271421","331"
"SL2.50ch08:5420200-5420795","103","5420200","5420795","595"
"SL2.50ch08:54478649-54479041","1492","54478649","54479041","392"
"SL2.50ch08:54823862-54824451","221","54823862","54824451","589"
"SL2.50ch08:54901586-54901917","89","54901586","54901917","331"
"SL2.50ch08:54992822-54994428","407","54992822","54994428","1606"
"SL2.50ch08:54992918-54994412","394","54992918","54994412","1494"
"SL2.50ch08:57456480-57456922","534","57456480","57456922","442"
"SL2.50ch08:57456497-57456878","529","57456497","57456878","381"
"SL2.50ch08:57485275-57486166","2445","57485275","57486166","891"
"SL2.50ch08:57485318-57486127","2442","57485318","57486127","809"
"SL2.50ch08:57859970-57863383","1102","57859970","57863383","3413"
"SL2.50ch08:60628938-60630113","403","60628938","60630113","1175"
"SL2.50ch08:60629025-60629899","373","60629025","60629899","874"
"SL2.50ch08:61394563-61394946","146","61394563","61394946","383"
"SL2.50ch08:63628678-63629726","250","63628678","63629726","1048"
"SL2.50ch08:65065998-65066664","245","65065998","65066664","666"
"SL2.50ch08:65133233-65133737","189","65133233","65133737","504"
"SL2.50ch08:65133290-65133715","181","65133290","65133715","425"
"SL2.50ch08:65307754-65308248","166","65307754","65308248","494"
"SL2.50ch08:65307832-65308213","156","65307832","65308213","381"
"SL2.50ch08:6538025-6538356","83","6538025","6538356","331"
"SL2.50ch08:6548254-6548871","1871","6548254","6548871","617"
"SL2.50ch08:7035515-7035997","178","7035515","7035997","482"
"SL2.50ch08:7035551-7035934","173","7035551","7035934","383"
"SL2.50ch08:7188815-7190115","194","7188815","7190115","1300"
"SL2.50ch08:7751707-7752126","149","7751707","7752126","419"
"SL2.50ch08:9428445-9429609","301","9428445","9429609","1164"
"SL2.50ch08:9453312-9453643","103","9453312","9453643","331"
"SL2.50ch08:9465674-9467113","435","9465674","9467113","1439"
"SL2.50ch08:9985700-9986431","503","9985700","9986431","731"
"SL2.50ch08:9985738-9986349","503","9985738","9986349","611"
"SL2.50ch08:9987917-9990374","2499","9987917","9990374","2457"
"SL2.50ch08:9987980-9990352","2478","9987980","9990352","2372"
"SL2.50ch08:9993060-9995894","2640","9993060","9995894","2834"
"SL2.50ch08:9993110-9995845","2612","9993110","9995845","2735"
"SL2.50ch09:10572288-10572752","146","10572288","10572752","464"
"SL2.50ch09:11297372-11304280","16493","11297372","11304280","6908"
"SL2.50ch09:11297455-11301487","11579","11297455","11301487","4032"
"SL2.50ch09:11302205-11304217","4846","11302205","11304217","2012"
"SL2.50ch09:11306416-11308324","3602","11306416","11308324","1908"
"SL2.50ch09:11306567-11308222","3594","11306567","11308222","1655"
"SL2.50ch09:11310024-11314093","5328","11310024","11314093","4069"
"SL2.50ch09:11310074-11312436","4930","11310074","11312436","2362"
"SL2.50ch09:11312983-11313898","315","11312983","11313898","915"
"SL2.50ch09:11838269-11838600","87","11838269","11838600","331"
"SL2.50ch09:13565000-13565471","63","13565000","13565471","471"
"SL2.50ch09:13687955-13688340","528","13687955","13688340","385"
"SL2.50ch09:13697408-13698632","313","13697408","13698632","1224"
"SL2.50ch09:15004929-15005310","351","15004929","15005310","381"
"SL2.50ch09:1555948-1556329","367","1555948","1556329","381"
"SL2.50ch09:1555956-1556389","369","1555956","1556389","433"
"SL2.50ch09:16106991-16107322","51","16106991","16107322","331"
"SL2.50ch09:17060794-17061198","242","17060794","17061198","404"
"SL2.50ch09:17060804-17061135","238","17060804","17061135","331"
"SL2.50ch09:17597972-17598353","58","17597972","17598353","381"
"SL2.50ch09:17852973-17853411","190","17852973","17853411","438"
"SL2.50ch09:17853002-17853383","187","17853002","17853383","381"
"SL2.50ch09:18467903-18468328","111","18467903","18468328","425"
"SL2.50ch09:18938957-18939338","329","18938957","18939338","381"
"SL2.50ch09:21762754-21763135","90","21762754","21763135","381"
"SL2.50ch09:21821098-21821429","88","21821098","21821429","331"
"SL2.50ch09:21941177-21941508","52","21941177","21941508","331"
"SL2.50ch09:22135943-22136274","105","22135943","22136274","331"
"SL2.50ch09:22431248-22431629","74","22431248","22431629","381"
"SL2.50ch09:22437801-22438132","83","22437801","22438132","331"
"SL2.50ch09:22897093-22897424","82","22897093","22897424","331"
"SL2.50ch09:2437108-2437694","1236","2437108","2437694","586"
"SL2.50ch09:2437132-2437672","1233","2437132","2437672","540"
"SL2.50ch09:24474565-24475346","1704","24474565","24475346","781"
"SL2.50ch09:24474571-24475431","1708","24474571","24475431","860"
"SL2.50ch09:25663452-25663766","63","25663452","25663766","314"
"SL2.50ch09:25887279-25887683","252","25887279","25887683","404"
"SL2.50ch09:25887332-25887713","248","25887332","25887713","381"
"SL2.50ch09:26984447-26984828","54","26984447","26984828","381"
"SL2.50ch09:27413762-27414450","140","27413762","27414450","688"
"SL2.50ch09:27651027-27651544","78","27651027","27651544","517"
"SL2.50ch09:29279607-29280010","65","29279607","29280010","403"
"SL2.50ch09:29381878-29382209","73","29381878","29382209","331"
"SL2.50ch09:35300706-35302558","5415","35300706","35302558","1852"
"SL2.50ch09:35300711-35302502","5415","35300711","35302502","1791"
"SL2.50ch09:35303361-35309113","11872","35303361","35309113","5752"
"SL2.50ch09:37523012-37523659","364","37523012","37523659","647"
"SL2.50ch09:37523144-37523629","350","37523144","37523629","485"
"SL2.50ch09:37543881-37544373","99","37543881","37544373","492"
"SL2.50ch09:37849789-37850170","26","37849789","37850170","381"
"SL2.50ch09:3963936-3964267","83","3963936","3964267","331"
"SL2.50ch09:39657490-39657821","48","39657490","39657821","331"
"SL2.50ch09:40280143-40281553","42672","40280143","40281553","1410"
"SL2.50ch09:40280172-40281545","42667","40280172","40281545","1373"
"SL2.50ch09:40947194-40947781","189","40947194","40947781","587"
"SL2.50ch09:40947203-40947715","185","40947203","40947715","512"
"SL2.50ch09:41017563-41017894","66","41017563","41017894","331"
"SL2.50ch09:41491452-41491783","62","41491452","41491783","331"
"SL2.50ch09:41909205-41909648","123","41909205","41909648","443"
"SL2.50ch09:41911466-41912964","426","41911466","41912964","1498"
"SL2.50ch09:42412888-42413390","65","42412888","42413390","502"
"SL2.50ch09:42668675-42669276","75","42668675","42669276","601"
"SL2.50ch09:43219510-43219841","67","43219510","43219841","331"
"SL2.50ch09:44296701-44297082","43","44296701","44297082","381"
"SL2.50ch09:45297510-45298512","280","45297510","45298512","1002"
"SL2.50ch09:45297710-45298261","190","45297710","45298261","551"
"SL2.50ch09:45397104-45398205","1126","45397104","45398205","1101"
"SL2.50ch09:45397113-45398181","1124","45397113","45398181","1068"
"SL2.50ch09:45750930-45751311","70","45750930","45751311","381"
"SL2.50ch09:46223872-46224276","78","46223872","46224276","404"
"SL2.50ch09:46262512-46263393","16661","46262512","46263393","881"
"SL2.50ch09:46262519-46263341","16661","46262519","46263341","822"
"SL2.50ch09:46687672-46688188","135","46687672","46688188","516"
"SL2.50ch09:46687826-46688157","107","46687826","46688157","331"
"SL2.50ch09:48658671-48659075","70","48658671","48659075","404"
"SL2.50ch09:48889000-48889623","163","48889000","48889623","623"
"SL2.50ch09:48889173-48889607","150","48889173","48889607","434"
"SL2.50ch09:49473050-49473529","146","49473050","49473529","479"
"SL2.50ch09:49777729-49778110","54","49777729","49778110","381"
"SL2.50ch09:50745655-50746138","325","50745655","50746138","483"
"SL2.50ch09:50745734-50746148","322","50745734","50746148","414"
"SL2.50ch09:51276055-51276436","774","51276055","51276436","381"
"SL2.50ch09:51473938-51474319","46","51473938","51474319","381"
"SL2.50ch09:52104855-52105186","181","52104855","52105186","331"
"SL2.50ch09:53088477-53090485","5834","53088477","53090485","2008"
"SL2.50ch09:53088577-53090450","5829","53088577","53090450","1873"
"SL2.50ch09:53498611-53499037","118","53498611","53499037","426"
"SL2.50ch09:56322360-56322811","233","56322360","56322811","451"
"SL2.50ch09:56413626-56414046","123","56413626","56414046","420"
"SL2.50ch09:56413745-56414076","112","56413745","56414076","331"
"SL2.50ch09:57813604-57814516","205","57813604","57814516","912"
"SL2.50ch09:58995843-58996883","6056","58995843","58996883","1040"
"SL2.50ch09:58995972-58996780","6034","58995972","58996780","808"
"SL2.50ch09:60656738-60657422","606","60656738","60657422","684"
"SL2.50ch09:60656793-60657396","601","60656793","60657396","603"
"SL2.50ch09:61857443-61858157","7804","61857443","61858157","714"
"SL2.50ch09:61857460-61858188","7806","61857460","61858188","728"
"SL2.50ch09:62110648-62111029","915","62110648","62111029","381"
"SL2.50ch09:63828888-63829269","173","63828888","63829269","381"
"SL2.50ch09:63970902-63971418","5578","63970902","63971418","516"
"SL2.50ch09:63970917-63971489","5583","63970917","63971489","572"
"SL2.50ch09:63993860-63994241","531","63993860","63994241","381"
"SL2.50ch09:64377909-64378414","132","64377909","64378414","505"
"SL2.50ch09:6479807-6480138","40","6479807","6480138","331"
"SL2.50ch09:64935394-64937239","577","64935394","64937239","1845"
"SL2.50ch09:64935641-64936588","404","64935641","64936588","947"
"SL2.50ch09:67002243-67003144","305","67002243","67003144","901"
"SL2.50ch09:67002297-67003131","300","67002297","67003131","834"
"SL2.50ch09:6789966-6791370","1241","6789966","6791370","1404"
"SL2.50ch09:6789982-6791313","1236","6789982","6791313","1331"
"SL2.50ch09:68836714-68838170","437","68836714","68838170","1456"
"SL2.50ch09:68836781-68838147","417","68836781","68838147","1366"
"SL2.50ch09:70696428-70697064","1018","70696428","70697064","636"
"SL2.50ch09:70696558-70697034","1014","70696558","70697034","476"
"SL2.50ch09:71690438-71690842","71","71690438","71690842","404"
"SL2.50ch09:7384113-7384507","162","7384113","7384507","394"
"SL2.50ch09:7384153-7384467","158","7384153","7384467","314"
"SL2.50ch09:8551095-8551787","878","8551095","8551787","692"
"SL2.50ch09:8786499-8786830","158","8786499","8786830","331"
"SL2.50ch10:10731620-10732316","710","10731620","10732316","696"
"SL2.50ch10:10731672-10732352","696","10731672","10732352","680"
"SL2.50ch10:10733685-10734225","401","10733685","10734225","540"
"SL2.50ch10:10733693-10734261","406","10733693","10734261","568"
"SL2.50ch10:10734837-10735485","445","10734837","10735485","648"
"SL2.50ch10:10734970-10735446","436","10734970","10735446","476"
"SL2.50ch10:11251487-11251966","212","11251487","11251966","479"
"SL2.50ch10:11251503-11251927","208","11251503","11251927","424"
"SL2.50ch10:11687715-11688411","154","11687715","11688411","696"
"SL2.50ch10:11928798-11929179","30","11928798","11929179","381"
"SL2.50ch10:13079170-13079551","110","13079170","13079551","381"
"SL2.50ch10:13112776-13113266","117","13112776","13113266","490"
"SL2.50ch10:13192538-13193260","152","13192538","13193260","722"
"SL2.50ch10:14905372-14905761","104","14905372","14905761","389"
"SL2.50ch10:15241490-15242831","28972","15241490","15242831","1341"
"SL2.50ch10:15241521-15242839","28972","15241521","15242839","1318"
"SL2.50ch10:15272457-15273031","205","15272457","15273031","574"
"SL2.50ch10:15654082-15654413","87","15654082","15654413","331"
"SL2.50ch10:15739002-15739471","74","15739002","15739471","469"
"SL2.50ch10:15756893-15757307","122","15756893","15757307","414"
"SL2.50ch10:15785019-15785706","159","15785019","15785706","687"
"SL2.50ch10:15809046-15809427","90","15809046","15809427","381"
"SL2.50ch10:15828403-15828933","126","15828403","15828933","530"
"SL2.50ch10:15836524-15837418","204","15836524","15837418","894"
"SL2.50ch10:16038644-16038958","62","16038644","16038958","314"
"SL2.50ch10:16338841-16339222","98","16338841","16339222","381"
"SL2.50ch10:16959772-16960153","62","16959772","16960153","381"
"SL2.50ch10:17152475-17152806","67","17152475","17152806","331"
"SL2.50ch10:17488601-17488932","61","17488601","17488932","331"
"SL2.50ch10:17728555-17728936","43","17728555","17728936","381"
"SL2.50ch10:18055037-18055568","117","18055037","18055568","531"
"SL2.50ch10:18417889-18421988","1847","18417889","18421988","4099"
"SL2.50ch10:18419554-18421837","1342","18419554","18421837","2283"
"SL2.50ch10:19554684-19555161","110","19554684","19555161","477"
"SL2.50ch10:21219810-21221049","291","21219810","21221049","1239"
"SL2.50ch10:21220717-21221098","102","21220717","21221098","381"
"SL2.50ch10:21226044-21227861","515","21226044","21227861","1817"
"SL2.50ch10:21231503-21232793","334","21231503","21232793","1290"
"SL2.50ch10:21236697-21237727","251","21236697","21237727","1030"
"SL2.50ch10:21247095-21247945","241","21247095","21247945","850"
"SL2.50ch10:21909257-21909638","86","21909257","21909638","381"
"SL2.50ch10:21912336-21912895","132","21912336","21912895","559"
"SL2.50ch10:21912523-21912854","106","21912523","21912854","331"
"SL2.50ch10:22463263-22463644","563","22463263","22463644","381"
"SL2.50ch10:22665357-22665920","275","22665357","22665920","563"
"SL2.50ch10:22665366-22665842","274","22665366","22665842","476"
"SL2.50ch10:23944414-23944745","185","23944414","23944745","331"
"SL2.50ch10:23945481-23946086","413","23945481","23946086","605"
"SL2.50ch10:23945593-23945997","395","23945593","23945997","404"
"SL2.50ch10:23948670-23949189","227","23948670","23949189","519"
"SL2.50ch10:23948721-23949209","224","23948721","23949209","488"
"SL2.50ch10:23987423-23987829","209","23987423","23987829","406"
"SL2.50ch10:23987430-23987921","218","23987430","23987921","491"
"SL2.50ch10:24143875-24144206","252","24143875","24144206","331"
"SL2.50ch10:24144714-24145133","302","24144714","24145133","419"
"SL2.50ch10:25777284-25778078","2547","25777284","25778078","794"
"SL2.50ch10:26351606-26353632","582","26351606","26353632","2026"
"SL2.50ch10:26364063-26364988","262","26364063","26364988","925"
"SL2.50ch10:26372427-26374567","575","26372427","26374567","2140"
"SL2.50ch10:26801345-26803921","14814","26801345","26803921","2576"
"SL2.50ch10:26801376-26803810","14805","26801376","26803810","2434"
"SL2.50ch10:26805624-26806588","4108","26805624","26806588","964"
"SL2.50ch10:26805673-26806571","4102","26805673","26806571","898"
"SL2.50ch10:27361328-27361709","35","27361328","27361709","381"
"SL2.50ch10:27367963-27368518","2981","27367963","27368518","555"
"SL2.50ch10:2743197-2744195","311","2743197","2744195","998"
"SL2.50ch10:27729001-27729332","49","27729001","27729332","331"
"SL2.50ch10:27831882-27832263","49","27831882","27832263","381"
"SL2.50ch10:28297984-28299299","746","28297984","28299299","1315"
"SL2.50ch10:28300057-28300751","322","28300057","28300751","694"
"SL2.50ch10:28302218-28303445","341","28302218","28303445","1227"
"SL2.50ch10:28333904-28334285","97","28333904","28334285","381"
"SL2.50ch10:3100881-3101351","475","3100881","3101351","470"
"SL2.50ch10:3100943-3101358","468","3100943","3101358","415"
"SL2.50ch10:33008469-33009405","226","33008469","33009405","936"
"SL2.50ch10:33012053-33012679","132","33012053","33012679","626"
"SL2.50ch10:33013242-33015279","401","33013242","33015279","2037"
"SL2.50ch10:33025491-33026363","215","33025491","33026363","872"
"SL2.50ch10:33027836-33028167","92","33027836","33028167","331"
"SL2.50ch10:33367682-33368161","275","33367682","33368161","479"
"SL2.50ch10:34942527-34942858","72","34942527","34942858","331"
"SL2.50ch10:3515258-3517489","485","3515258","3517489","2231"
"SL2.50ch10:36684473-36685261","583","36684473","36685261","788"
"SL2.50ch10:36684506-36685324","599","36684506","36685324","818"
"SL2.50ch10:36692920-36693393","284","36692920","36693393","473"
"SL2.50ch10:36692976-36693357","273","36692976","36693357","381"
"SL2.50ch10:37167936-37168372","48","37167936","37168372","436"
"SL2.50ch10:37171205-37171832","2339","37171205","37171832","627"
"SL2.50ch10:37433232-37433563","41","37433232","37433563","331"
"SL2.50ch10:3749220-3749731","138","3749220","3749731","511"
"SL2.50ch10:3771256-3771649","117","3771256","3771649","393"
"SL2.50ch10:3774237-3775333","380","3774237","3775333","1096"
"SL2.50ch10:37795371-37795911","169","37795371","37795911","540"
"SL2.50ch10:37795420-37795834","161","37795420","37795834","414"
"SL2.50ch10:38097440-38098119","240","38097440","38098119","679"
"SL2.50ch10:38103513-38105024","396","38103513","38105024","1511"
"SL2.50ch10:38148179-38148560","36","38148179","38148560","381"
"SL2.50ch10:3825346-3826282","253","3825346","3826282","936"
"SL2.50ch10:38518278-38518682","119","38518278","38518682","404"
"SL2.50ch10:38788572-38788903","44","38788572","38788903","331"
"SL2.50ch10:39018173-39019106","780","39018173","39019106","933"
"SL2.50ch10:39018177-39019168","785","39018177","39019168","991"
"SL2.50ch10:39505430-39506024","2415","39505430","39506024","594"
"SL2.50ch10:39505488-39505961","2407","39505488","39505961","473"
"SL2.50ch10:40514730-40515367","110","40514730","40515367","637"
"SL2.50ch10:40794625-40797335","6826","40794625","40797335","2710"
"SL2.50ch10:40798540-40800270","12049","40798540","40800270","1730"
"SL2.50ch10:40803618-40804361","1894","40803618","40804361","743"
"SL2.50ch10:40803668-40804243","1879","40803668","40804243","575"
"SL2.50ch10:41052210-41052591","116","41052210","41052591","381"
"SL2.50ch10:41646838-41647325","539","41646838","41647325","487"
"SL2.50ch10:4216994-4217610","157","4216994","4217610","616"
"SL2.50ch10:4223331-4223712","60","4223331","4223712","381"
"SL2.50ch10:42461282-42461695","123","42461282","42461695","413"
"SL2.50ch10:43054947-43058129","1883","43054947","43058129","3182"
"SL2.50ch10:43054961-43058440","1993","43054961","43058440","3479"
"SL2.50ch10:43331276-43331607","65","43331276","43331607","331"
"SL2.50ch10:43880868-43882563","9572","43880868","43882563","1695"
"SL2.50ch10:43880893-43882499","9535","43880893","43882499","1606"
"SL2.50ch10:43884406-43885636","4782","43884406","43885636","1230"
"SL2.50ch10:43884432-43885580","4768","43884432","43885580","1148"
"SL2.50ch10:43886611-43888316","10082","43886611","43888316","1705"
"SL2.50ch10:43886619-43888345","10082","43886619","43888345","1726"
"SL2.50ch10:43892734-43893347","1436","43892734","43893347","613"
"SL2.50ch10:43892739-43893413","1445","43892739","43893413","674"
"SL2.50ch10:45905566-45906318","2985","45905566","45906318","752"
"SL2.50ch10:45905589-45906284","2982","45905589","45906284","695"
"SL2.50ch10:46079402-46079935","136","46079402","46079935","533"
"SL2.50ch10:46186212-46186627","108","46186212","46186627","415"
"SL2.50ch10:47-562","310","47","562","515"
"SL2.50ch10:4700026-4700922","8941","4700026","4700922","896"
"SL2.50ch10:4700081-4700864","8934","4700081","4700864","783"
"SL2.50ch10:47369452-47369936","193","47369452","47369936","484"
"SL2.50ch10:47369559-47369942","193","47369559","47369942","383"
"SL2.50ch10:47595913-47598242","741","47595913","47598242","2329"
"SL2.50ch10:47607064-47607863","226","47607064","47607863","799"
"SL2.50ch10:48524361-48524742","426","48524361","48524742","381"
"SL2.50ch10:50260688-50261069","43","50260688","50261069","381"
"SL2.50ch10:52429802-52430183","46","52429802","52430183","381"
"SL2.50ch10:53322801-53323370","2559","53322801","53323370","569"
"SL2.50ch10:53322881-53323357","2554","53322881","53323357","476"
"SL2.50ch10:53466316-53466803","199","53466316","53466803","487"
"SL2.50ch10:53525560-53526223","723","53525560","53526223","663"
"SL2.50ch10:53525600-53526245","721","53525600","53526245","645"
"SL2.50ch10:54023122-54024529","302","54023122","54024529","1407"
"SL2.50ch10:54026985-54027366","102","54026985","54027366","381"
"SL2.50ch10:54033977-54034308","127","54033977","54034308","331"
"SL2.50ch10:57-646","313","57","646","589"
"SL2.50ch10:57564317-57565777","496","57564317","57565777","1460"
"SL2.50ch10:57574723-57575319","212","57574723","57575319","596"
"SL2.50ch10:57576102-57578546","697","57576102","57578546","2444"
"SL2.50ch10:57584248-57584871","226","57584248","57584871","623"
"SL2.50ch10:57584364-57584790","198","57584364","57584790","426"
"SL2.50ch10:57587455-57588500","332","57587455","57588500","1045"
"SL2.50ch10:57594384-57595207","293","57594384","57595207","823"
"SL2.50ch10:57594506-57595182","279","57594506","57595182","676"
"SL2.50ch10:57633781-57634112","124","57633781","57634112","331"
"SL2.50ch10:57635553-57635884","102","57635553","57635884","331"
"SL2.50ch10:57640306-57641896","590","57640306","57641896","1590"
"SL2.50ch10:57640331-57642120","627","57640331","57642120","1789"
"SL2.50ch10:57648449-57648853","92","57648449","57648853","404"
"SL2.50ch10:57659220-57660471","620","57659220","57660471","1251"
"SL2.50ch10:57659290-57660280","583","57659290","57660280","990"
"SL2.50ch10:57663451-57664326","158","57663451","57664326","875"
"SL2.50ch10:57664883-57665515","184","57664883","57665515","632"
"SL2.50ch10:57686786-57687387","136","57686786","57687387","601"
"SL2.50ch10:57697919-57699039","495","57697919","57699039","1120"
"SL2.50ch10:57698011-57699110","479","57698011","57699110","1099"
"SL2.50ch10:57700938-57702308","601","57700938","57702308","1370"
"SL2.50ch10:57701011-57702306","594","57701011","57702306","1295"
"SL2.50ch10:60633557-60633961","89","60633557","60633961","404"
"SL2.50ch10:6175256-6186574","90183","6175256","6186574","11318"
"SL2.50ch10:6175273-6186606","90181","6175273","6186606","11333"
"SL2.50ch10:6187256-6187865","1867","6187256","6187865","609"
"SL2.50ch10:6187267-6187841","1867","6187267","6187841","574"
"SL2.50ch10:62954773-62955154","49","62954773","62955154","381"
"SL2.50ch10:62960379-62960792","119","62960379","62960792","413"
"SL2.50ch10:63001181-63001750","142","63001181","63001750","569"
"SL2.50ch10:63001270-63001774","138","63001270","63001774","504"
"SL2.50ch10:65521147-65522487","537","65521147","65522487","1340"
"SL2.50ch10:65523634-65525509","695","65523634","65525509","1875"
"SL2.50ch10:65523654-65525477","695","65523654","65525477","1823"
"SL2.50ch10:7372366-7372794","264","7372366","7372794","428"
"SL2.50ch10:7372371-7372752","262","7372371","7372752","381"
"SL2.50ch10:7893911-7894584","86","7893911","7894584","673"
"SL2.50ch10:8660010-8660414","90","8660010","8660414","404"
"SL2.50ch10:9020980-9021472","397","9020980","9021472","492"
"SL2.50ch10:9021051-9021481","397","9021051","9021481","430"
"SL2.50ch11:10491901-10492282","66","10491901","10492282","381"
"SL2.50ch11:10763052-10763578","136","10763052","10763578","526"
"SL2.50ch11:10861838-10862311","387","10861838","10862311","473"
"SL2.50ch11:10861882-10862263","387","10861882","10862263","381"
"SL2.50ch11:11073228-11074951","578","11073228","11074951","1723"
"SL2.50ch11:11073297-11074938","566","11073297","11074938","1641"
"SL2.50ch11:11075926-11076497","156","11075926","11076497","571"
"SL2.50ch11:11078484-11081752","744","11078484","11081752","3268"
"SL2.50ch11:11078491-11080974","606","11078491","11080974","2483"
"SL2.50ch11:11090778-11091159","87","11090778","11091159","381"
"SL2.50ch11:11287975-11288821","202","11287975","11288821","846"
"SL2.50ch11:11288233-11288822","180","11288233","11288822","589"
"SL2.50ch11:12015871-12016420","1181","12015871","12016420","549"
"SL2.50ch11:12015943-12016356","1171","12015943","12016356","413"
"SL2.50ch11:12656102-12656433","58","12656102","12656433","331"
"SL2.50ch11:12908974-12909779","128","12908974","12909779","805"
"SL2.50ch11:13246427-13247114","147","13246427","13247114","687"
"SL2.50ch11:13365977-13367097","576","13365977","13367097","1120"
"SL2.50ch11:13377601-13380916","31700","13377601","13380916","3315"
"SL2.50ch11:13378088-13380856","31572","13378088","13380856","2768"
"SL2.50ch11:13383738-13384910","7090","13383738","13384910","1172"
"SL2.50ch11:13383747-13385922","7690","13383747","13385922","2175"
"SL2.50ch11:13386594-13388325","17203","13386594","13388325","1731"
"SL2.50ch11:13386665-13388384","17203","13386665","13388384","1719"
"SL2.50ch11:13390197-13392203","28836","13390197","13392203","2006"
"SL2.50ch11:13390252-13392190","28551","13390252","13392190","1938"
"SL2.50ch11:13394721-13400012","51213","13394721","13400012","5291"
"SL2.50ch11:13394732-13399929","51210","13394732","13399929","5197"
"SL2.50ch11:13401106-13402132","1746","13401106","13402132","1026"
"SL2.50ch11:13401324-13402133","1713","13401324","13402133","809"
"SL2.50ch11:13495308-13495639","136","13495308","13495639","331"
"SL2.50ch11:13967680-13968061","70","13967680","13968061","381"
"SL2.50ch11:14383538-14383942","328","14383538","14383942","404"
"SL2.50ch11:14383567-14383948","326","14383567","14383948","381"
"SL2.50ch11:16103009-16104472","1932","16103009","16104472","1463"
"SL2.50ch11:16103077-16104555","1936","16103077","16104555","1478"
"SL2.50ch11:16828350-16828836","130","16828350","16828836","486"
"SL2.50ch11:17210281-17210848","1542","17210281","17210848","567"
"SL2.50ch11:17210342-17210853","1544","17210342","17210853","511"
"SL2.50ch11:17769163-17769784","5122","17769163","17769784","621"
"SL2.50ch11:17769250-17769808","5117","17769250","17769808","558"
"SL2.50ch11:17840381-17840899","145","17840381","17840899","518"
"SL2.50ch11:17851102-17851547","626","17851102","17851547","445"
"SL2.50ch11:17872804-17873937","3420","17872804","17873937","1133"
"SL2.50ch11:17887367-17887748","88","17887367","17887748","381"
"SL2.50ch11:17912310-17912804","128","17912310","17912804","494"
"SL2.50ch11:17948294-17948718","212","17948294","17948718","424"
"SL2.50ch11:17952839-17953362","155","17952839","17953362","523"
"SL2.50ch11:17953562-17954874","471","17953562","17954874","1312"
"SL2.50ch11:17956504-17957248","190","17956504","17957248","744"
"SL2.50ch11:17984426-17985006","155","17984426","17985006","580"
"SL2.50ch11:17987923-17989566","480","17987923","17989566","1643"
"SL2.50ch11:17990667-17991355","276","17990667","17991355","688"
"SL2.50ch11:17991856-17992755","252","17991856","17992755","899"
"SL2.50ch11:17998476-18002583","1454","17998476","18002583","4107"
"SL2.50ch11:18006145-18006622","145","18006145","18006622","477"
"SL2.50ch11:18015335-18019259","1192","18015335","18019259","3924"
"SL2.50ch11:18020893-18026619","1885","18020893","18026619","5726"
"SL2.50ch11:18031880-18033730","632","18031880","18033730","1850"
"SL2.50ch11:18034215-18034546","106","18034215","18034546","331"
"SL2.50ch11:18035075-18037182","915","18035075","18037182","2107"
"SL2.50ch11:18573852-18574332","145","18573852","18574332","480"
"SL2.50ch11:18614111-18614770","92","18614111","18614770","659"
"SL2.50ch11:18618766-18619147","92","18618766","18619147","381"
"SL2.50ch11:18627266-18627879","287","18627266","18627879","613"
"SL2.50ch11:18645294-18645625","372","18645294","18645625","331"
"SL2.50ch11:18669146-18669564","186","18669146","18669564","418"
"SL2.50ch11:18669153-18669534","183","18669153","18669534","381"
"SL2.50ch11:18682069-18682473","130","18682069","18682473","404"
"SL2.50ch11:18682100-18682482","130","18682100","18682482","382"
"SL2.50ch11:18737518-18738246","688","18737518","18738246","728"
"SL2.50ch11:19130493-19130874","111","19130493","19130874","381"
"SL2.50ch11:19331016-19331347","53","19331016","19331347","331"
"SL2.50ch11:2007375-2007851","834","2007375","2007851","476"
"SL2.50ch11:2007377-2007881","834","2007377","2007881","504"
"SL2.50ch11:20225376-20225757","102","20225376","20225757","381"
"SL2.50ch11:20415610-20416661","697","20415610","20416661","1051"
"SL2.50ch11:20415801-20416652","666","20415801","20416652","851"
"SL2.50ch11:20419008-20420298","1151","20419008","20420298","1290"
"SL2.50ch11:20419096-20420352","1145","20419096","20420352","1256"
"SL2.50ch11:20421066-20423091","3410","20421066","20423091","2025"
"SL2.50ch11:20421606-20423006","3313","20421606","20423006","1400"
"SL2.50ch11:20424390-20425175","501","20424390","20425175","785"
"SL2.50ch11:20424401-20425118","499","20424401","20425118","717"
"SL2.50ch11:20800179-20801675","308","20800179","20801675","1496"
"SL2.50ch11:20846608-20846939","32","20846608","20846939","331"
"SL2.50ch11:20849550-20849864","69","20849550","20849864","314"
"SL2.50ch11:21922467-21923181","559","21922467","21923181","714"
"SL2.50ch11:21922576-21923209","551","21922576","21923209","633"
"SL2.50ch11:22290552-22290933","44","22290552","22290933","381"
"SL2.50ch11:23447790-23448368","187","23447790","23448368","578"
"SL2.50ch11:23447797-23448375","187","23447797","23448375","578"
"SL2.50ch11:23452090-23452660","188","23452090","23452660","570"
"SL2.50ch11:23452184-23452620","176","23452184","23452620","436"
"SL2.50ch11:23453096-23454251","367","23453096","23454251","1155"
"SL2.50ch11:23453138-23454118","347","23453138","23454118","980"
"SL2.50ch11:23915533-23916385","208","23915533","23916385","852"
"SL2.50ch11:24012808-24014097","297","24012808","24014097","1289"
"SL2.50ch11:25050931-25051882","221","25050931","25051882","951"
"SL2.50ch11:25053151-25053482","96","25053151","25053482","331"
"SL2.50ch11:26225813-26226217","82","26225813","26226217","404"
"SL2.50ch11:27896404-27896867","126","27896404","27896867","463"
"SL2.50ch11:28356052-28357167","175","28356052","28357167","1115"
"SL2.50ch11:28357833-28360601","571","28357833","28360601","2768"
"SL2.50ch11:28756969-28757350","53","28756969","28757350","381"
"SL2.50ch11:29290879-29291260","82","29290879","29291260","381"
"SL2.50ch11:30180460-30180882","132","30180460","30180882","422"
"SL2.50ch11:30597977-30599970","1252","30597977","30599970","1993"
"SL2.50ch11:30608750-30609194","230","30608750","30609194","444"
"SL2.50ch11:30608770-30609174","226","30608770","30609174","404"
"SL2.50ch11:30742579-30743572","295","30742579","30743572","993"
"SL2.50ch11:30742605-30743633","301","30742605","30743633","1028"
"SL2.50ch11:31298306-31298848","2109","31298306","31298848","542"
"SL2.50ch11:31585982-31587719","4244","31585982","31587719","1737"
"SL2.50ch11:31586061-31587703","4240","31586061","31587703","1642"
"SL2.50ch11:32406653-32407261","434","32406653","32407261","608"
"SL2.50ch11:32409690-32410071","467","32409690","32410071","381"
"SL2.50ch11:32422768-32423161","164","32422768","32423161","393"
"SL2.50ch11:32424044-32426753","13834","32424044","32426753","2709"
"SL2.50ch11:32424052-32426791","13838","32424052","32426791","2739"
"SL2.50ch11:33038646-33039127","252","33038646","33039127","481"
"SL2.50ch11:33038691-33039168","256","33038691","33039168","477"
"SL2.50ch11:33838579-33838960","61","33838579","33838960","381"
"SL2.50ch11:35150940-35151378","87","35150940","35151378","438"
"SL2.50ch11:35906758-35907139","56","35906758","35907139","381"
"SL2.50ch11:37407268-37407599","40","37407268","37407599","331"
"SL2.50ch11:38194546-38196205","824","38194546","38196205","1659"
"SL2.50ch11:38194617-38196159","810","38194617","38196159","1542"
"SL2.50ch11:38960956-38961687","193","38960956","38961687","731"
"SL2.50ch11:38976843-38977174","58","38976843","38977174","331"
"SL2.50ch11:39377269-39377690","245","39377269","39377690","421"
"SL2.50ch11:40159204-40159535","57","40159204","40159535","331"
"SL2.50ch11:40317208-40320411","9608","40317208","40320411","3203"
"SL2.50ch11:40317209-40320529","9616","40317209","40320529","3320"
"SL2.50ch11:41197754-41198085","69","41197754","41198085","331"
"SL2.50ch11:41847128-41847661","67","41847128","41847661","533"
"SL2.50ch11:42918211-42918845","465","42918211","42918845","634"
"SL2.50ch11:42918269-42918859","466","42918269","42918859","590"
"SL2.50ch11:43122285-43122616","107","43122285","43122616","331"
"SL2.50ch11:43436495-43436876","99","43436495","43436876","381"
"SL2.50ch11:45233504-45239706","22346","45233504","45239706","6202"
"SL2.50ch11:45233663-45239720","22284","45233663","45239720","6057"
"SL2.50ch11:45246294-45248276","6489","45246294","45248276","1982"
"SL2.50ch11:45246295-45248318","6489","45246295","45248318","2023"
"SL2.50ch11:45250517-45251257","4503","45250517","45251257","740"
"SL2.50ch11:45250523-45251236","4500","45250523","45251236","713"
"SL2.50ch11:45252815-45254411","4829","45252815","45254411","1596"
"SL2.50ch11:45252840-45254378","4758","45252840","45254378","1538"
"SL2.50ch11:45255655-45260484","15740","45255655","45260484","4829"
"SL2.50ch11:45255683-45260439","15740","45255683","45260439","4756"
"SL2.50ch11:45336960-45338883","6170","45336960","45338883","1923"
"SL2.50ch11:45337036-45338896","6133","45337036","45338896","1860"
"SL2.50ch11:45339571-45342127","7319","45339571","45342127","2556"
"SL2.50ch11:45339892-45342146","7258","45339892","45342146","2254"
"SL2.50ch11:45343888-45345757","6401","45343888","45345757","1869"
"SL2.50ch11:45343932-45345750","6324","45343932","45345750","1818"
"SL2.50ch11:45350101-45351451","4120","45350101","45351451","1350"
"SL2.50ch11:45350111-45351438","4120","45350111","45351438","1327"
"SL2.50ch11:45354471-45355948","4587","45354471","45355948","1477"
"SL2.50ch11:45354492-45356028","4587","45354492","45356028","1536"
"SL2.50ch11:45357921-45358671","1547","45357921","45358671","750"
"SL2.50ch11:45357991-45358650","1544","45357991","45358650","659"
"SL2.50ch11:45363873-45368149","18869","45363873","45368149","4276"
"SL2.50ch11:45363883-45368069","18864","45363883","45368069","4186"
"SL2.50ch11:45371016-45372698","2932","45371016","45372698","1682"
"SL2.50ch11:45371030-45372657","2932","45371030","45372657","1627"
"SL2.50ch11:45374308-45377789","10260","45374308","45377789","3481"
"SL2.50ch11:45374348-45377768","10252","45374348","45377768","3420"
"SL2.50ch11:45386705-45388208","6332","45386705","45388208","1503"
"SL2.50ch11:45386734-45388276","6290","45386734","45388276","1542"
"SL2.50ch11:45390084-45391167","4045","45390084","45391167","1083"
"SL2.50ch11:45390126-45391165","4019","45390126","45391165","1039"
"SL2.50ch11:45392558-45394301","4127","45392558","45394301","1743"
"SL2.50ch11:45392787-45394263","4012","45392787","45394263","1476"
"SL2.50ch11:45396272-45396781","335","45396272","45396781","509"
"SL2.50ch11:45397264-45397956","1728","45397264","45397956","692"
"SL2.50ch11:45400822-45401203","205","45400822","45401203","381"
"SL2.50ch11:45403852-45404567","525","45403852","45404567","715"
"SL2.50ch11:45403892-45404869","567","45403892","45404869","977"
"SL2.50ch11:45405893-45406671","320","45405893","45406671","778"
"SL2.50ch11:45406140-45406635","287","45406140","45406635","495"
"SL2.50ch11:45411459-45413075","4591","45411459","45413075","1616"
"SL2.50ch11:45411475-45413034","4591","45411475","45413034","1559"
"SL2.50ch11:45417282-45418372","1858","45417282","45418372","1090"
"SL2.50ch11:45417295-45418458","1850","45417295","45418458","1163"
"SL2.50ch11:45422630-45423708","3832","45422630","45423708","1078"
"SL2.50ch11:45422641-45423626","3813","45422641","45423626","985"
"SL2.50ch11:45440153-45441044","1596","45440153","45441044","891"
"SL2.50ch11:45440170-45440838","1576","45440170","45440838","668"
"SL2.50ch11:45444371-45444962","989","45444371","45444962","591"
"SL2.50ch11:45444392-45444894","989","45444392","45444894","502"
"SL2.50ch11:45446480-45449019","6541","45446480","45449019","2539"
"SL2.50ch11:45446502-45448937","6533","45446502","45448937","2435"
"SL2.50ch11:45450066-45451953","3381","45450066","45451953","1887"
"SL2.50ch11:45450198-45451955","3365","45450198","45451955","1757"
"SL2.50ch11:45459831-45460436","2658","45459831","45460436","605"
"SL2.50ch11:45459847-45460418","2658","45459847","45460418","571"
"SL2.50ch11:45461232-45462107","1738","45461232","45462107","875"
"SL2.50ch11:45461254-45462039","1738","45461254","45462039","785"
"SL2.50ch11:45463523-45465560","4741","45463523","45465560","2037"
"SL2.50ch11:45463545-45465535","4740","45463545","45465535","1990"
"SL2.50ch11:45475487-45476009","670","45475487","45476009","522"
"SL2.50ch11:45475498-45475974","666","45475498","45475974","476"
"SL2.50ch11:45992516-45992847","76","45992516","45992847","331"
"SL2.50ch11:4671798-4672206","143","4671798","4672206","408"
"SL2.50ch11:4671846-4672227","135","4671846","4672227","381"
"SL2.50ch11:47166014-47166395","67","47166014","47166395","381"
"SL2.50ch11:48691879-48692369","280","48691879","48692369","490"
"SL2.50ch11:48691975-48692306","272","48691975","48692306","331"
"SL2.50ch11:48717907-48719584","5225","48717907","48719584","1677"
"SL2.50ch11:48717921-48719673","5228","48717921","48719673","1752"
"SL2.50ch11:48869744-48870859","11415","48869744","48870859","1115"
"SL2.50ch11:48869746-48871201","11468","48869746","48871201","1455"
"SL2.50ch11:49617738-49625597","22103","49617738","49625597","7859"
"SL2.50ch11:49617752-49620791","7568","49617752","49620791","3039"
"SL2.50ch11:49621163-49625553","14500","49621163","49625553","4390"
"SL2.50ch11:49629289-49636156","14474","49629289","49636156","6867"
"SL2.50ch11:49629359-49636101","14425","49629359","49636101","6742"
"SL2.50ch11:49638631-49640729","3106","49638631","49640729","2098"
"SL2.50ch11:49638814-49640579","3061","49638814","49640579","1765"
"SL2.50ch11:49641085-49644012","2501","49641085","49644012","2927"
"SL2.50ch11:49641219-49643986","2490","49641219","49643986","2767"
"SL2.50ch11:49648062-49649559","4024","49648062","49649559","1497"
"SL2.50ch11:49648129-49649470","4010","49648129","49649470","1341"
"SL2.50ch11:49740346-49741494","316","49740346","49741494","1148"
"SL2.50ch11:49740464-49741355","283","49740464","49741355","891"
"SL2.50ch11:49779907-49780311","76","49779907","49780311","404"
"SL2.50ch11:50255274-50255781","128","50255274","50255781","507"
"SL2.50ch11:50269947-50270376","159","50269947","50270376","429"
"SL2.50ch11:50794411-50795090","451","50794411","50795090","679"
"SL2.50ch11:50794589-50795065","432","50794589","50795065","476"
"SL2.50ch11:51012856-51013341","101","51012856","51013341","485"
"SL2.50ch11:51640933-51641462","167","51640933","51641462","529"
"SL2.50ch11:53074895-53075361","159","53074895","53075361","466"
"SL2.50ch11:53074921-53075337","158","53074921","53075337","416"
"SL2.50ch11:53587385-53587841","132","53587385","53587841","456"
"SL2.50ch11:53587433-53587916","134","53587433","53587916","483"
"SL2.50ch11:55434542-55435796","498","55434542","55435796","1254"
"SL2.50ch11:55434573-55435648","482","55434573","55435648","1075"
"SL2.50ch11:55436855-55437258","95","55436855","55437258","403"
"SL2.50ch11:5768913-5769332","309","5768913","5769332","419"
"SL2.50ch11:5768962-5769343","304","5768962","5769343","381"
"SL2.50ch11:7156237-7156814","222","7156237","7156814","577"
"SL2.50ch11:7156314-7156732","211","7156314","7156732","418"
"SL2.50ch11:7159640-7160120","232","7159640","7160120","480"
"SL2.50ch11:7159705-7160160","231","7159705","7160160","455"
"SL2.50ch11:7471982-7472313","63","7471982","7472313","331"
"SL2.50ch11:8470402-8472553","1160","8470402","8472553","2151"
"SL2.50ch11:8470520-8472326","1119","8470520","8472326","1806"
"SL2.50ch11:8485860-8486264","108","8485860","8486264","404"
"SL2.50ch11:8510015-8510759","291","8510015","8510759","744"
"SL2.50ch11:8510017-8510718","287","8510017","8510718","701"
"SL2.50ch11:8517017-8517422","135","8517017","8517422","405"
"SL2.50ch11:9479271-9479955","209","9479271","9479955","684"
"SL2.50ch11:9484236-9484982","268","9484236","9484982","746"
"SL2.50ch11:9484287-9485000","262","9484287","9485000","713"
"SL2.50ch12:11125605-11126177","557","11125605","11126177","572"
"SL2.50ch12:12332998-12333329","43","12332998","12333329","331"
"SL2.50ch12:1281270-1281935","6194","1281270","1281935","665"
"SL2.50ch12:1281330-1282010","6200","1281330","1282010","680"
"SL2.50ch12:13250700-13251294","354","13250700","13251294","594"
"SL2.50ch12:13250748-13251224","347","13250748","13251224","476"
"SL2.50ch12:14018476-14018807","39","14018476","14018807","331"
"SL2.50ch12:14493392-14493899","100","14493392","14493899","507"
"SL2.50ch12:14493555-14493936","92","14493555","14493936","381"
"SL2.50ch12:15148901-15149232","120","15148901","15149232","331"
"SL2.50ch12:15634492-15634969","142","15634492","15634969","477"
"SL2.50ch12:17330809-17331703","205","17330809","17331703","894"
"SL2.50ch12:17338044-17338589","128","17338044","17338589","545"
"SL2.50ch12:17343076-17343923","232","17343076","17343923","847"
"SL2.50ch12:17369783-17372098","602","17369783","17372098","2315"
"SL2.50ch12:17374178-17375468","338","17374178","17375468","1290"
"SL2.50ch12:17452322-17452808","92","17452322","17452808","486"
"SL2.50ch12:17453646-17454510","171","17453646","17454510","864"
"SL2.50ch12:17458286-17458617","114","17458286","17458617","331"
"SL2.50ch12:17462767-17463586","419","17462767","17463586","819"
"SL2.50ch12:17462792-17463626","415","17462792","17463626","834"
"SL2.50ch12:17468752-17470197","1167","17468752","17470197","1445"
"SL2.50ch12:17468971-17470210","1151","17468971","17470210","1239"
"SL2.50ch12:17570238-17572190","607","17570238","17572190","1952"
"SL2.50ch12:17582576-17583864","555","17582576","17583864","1288"
"SL2.50ch12:17582629-17583877","555","17582629","17583877","1248"
"SL2.50ch12:17584517-17586675","1183","17584517","17586675","2158"
"SL2.50ch12:17584536-17586614","1178","17584536","17586614","2078"
"SL2.50ch12:19350921-19351325","94","19350921","19351325","404"
"SL2.50ch12:19389610-19389991","107","19389610","19389991","381"
"SL2.50ch12:21139202-21139659","111","21139202","21139659","457"
"SL2.50ch12:21403404-21403840","85","21403404","21403840","436"
"SL2.50ch12:22366142-22366649","184","22366142","22366649","507"
"SL2.50ch12:22366240-22366645","172","22366240","22366645","405"
"SL2.50ch12:22466090-22469538","1620","22466090","22469538","3448"
"SL2.50ch12:22467023-22469458","1499","22467023","22469458","2435"
"SL2.50ch12:22471379-22472200","374","22471379","22472200","821"
"SL2.50ch12:22471407-22472087","353","22471407","22472087","680"
"SL2.50ch12:22476825-22478142","943","22476825","22478142","1317"
"SL2.50ch12:22476935-22478041","930","22476935","22478041","1106"
"SL2.50ch12:22571612-22572821","611","22571612","22572821","1209"
"SL2.50ch12:22571717-22572799","602","22571717","22572799","1082"
"SL2.50ch12:22575813-22577176","466","22575813","22577176","1363"
"SL2.50ch12:22587749-22588457","355","22587749","22588457","708"
"SL2.50ch12:22590590-22591176","134","22590590","22591176","586"
"SL2.50ch12:22599374-22600385","493","22599374","22600385","1011"
"SL2.50ch12:22610566-22610979","170","22610566","22610979","413"
"SL2.50ch12:22619644-22621023","906","22619644","22621023","1379"
"SL2.50ch12:22619701-22621095","906","22619701","22621095","1394"
"SL2.50ch12:22622908-22624182","834","22622908","22624182","1274"
"SL2.50ch12:22622918-22624219","834","22622918","22624219","1301"
"SL2.50ch12:22626855-22628226","468","22626855","22628226","1371"
"SL2.50ch12:22636260-22637117","452","22636260","22637117","857"
"SL2.50ch12:22636265-22637122","452","22636265","22637122","857"
"SL2.50ch12:22638809-22641705","1559","22638809","22641705","2896"
"SL2.50ch12:22642990-22644299","659","22642990","22644299","1309"
"SL2.50ch12:22643043-22644316","651","22643043","22644316","1273"
"SL2.50ch12:22647684-22649182","643","22647684","22649182","1498"
"SL2.50ch12:22647724-22649179","641","22647724","22649179","1455"
"SL2.50ch12:22661770-22664397","777","22661770","22664397","2627"
"SL2.50ch12:22689890-22690369","114","22689890","22690369","479"
"SL2.50ch12:22698690-22699413","221","22698690","22699413","723"
"SL2.50ch12:22703614-22704318","142","22703614","22704318","704"
"SL2.50ch12:22765154-22770114","1471","22765154","22770114","4960"
"SL2.50ch12:22770869-22773743","692","22770869","22773743","2874"
"SL2.50ch12:26321661-26322042","101","26321661","26322042","381"
"SL2.50ch12:26989483-26989864","66","26989483","26989864","381"
"SL2.50ch12:27481101-27481482","50","27481101","27481482","381"
"SL2.50ch12:29080778-29087823","2128","29080778","29087823","7045"
"SL2.50ch12:29094883-29096025","319","29094883","29096025","1142"
"SL2.50ch12:29096668-29097262","263","29096668","29097262","594"
"SL2.50ch12:29097977-29099133","321","29097977","29099133","1156"
"SL2.50ch12:29986594-29986976","98","29986594","29986976","382"
"SL2.50ch12:30017686-30018067","1409","30017686","30018067","381"
"SL2.50ch12:3209934-3210390","189","3209934","3210390","456"
"SL2.50ch12:3209999-3210380","183","3209999","3210380","381"
"SL2.50ch12:33269561-33270105","88","33269561","33270105","544"
"SL2.50ch12:33815397-33815892","247","33815397","33815892","495"
"SL2.50ch12:33815427-33815831","239","33815427","33815831","404"
"SL2.50ch12:33827505-33828188","289","33827505","33828188","683"
"SL2.50ch12:33829156-33829748","260","33829156","33829748","592"
"SL2.50ch12:33829226-33829607","230","33829226","33829607","381"
"SL2.50ch12:34295106-34305960","4642","34295106","34305960","10854"
"SL2.50ch12:34295125-34305784","4630","34295125","34305784","10659"
"SL2.50ch12:34306321-34317329","4650","34306321","34317329","11008"
"SL2.50ch12:34307944-34317175","4055","34307944","34317175","9231"
"SL2.50ch12:34329060-34333200","1411","34329060","34333200","4140"
"SL2.50ch12:34329861-34331697","880","34329861","34331697","1836"
"SL2.50ch12:34333645-34333959","85","34333645","34333959","314"
"SL2.50ch12:34808288-34808669","312","34808288","34808669","381"
"SL2.50ch12:36108054-36136218","8970","36108054","36136218","28164"
"SL2.50ch12:36159277-36160089","192","36159277","36160089","812"
"SL2.50ch12:36180044-36180928","192","36180044","36180928","884"
"SL2.50ch12:36183812-36184673","172","36183812","36184673","861"
"SL2.50ch12:36228443-36228925","111","36228443","36228925","482"
"SL2.50ch12:36230006-36230387","88","36230006","36230387","381"
"SL2.50ch12:36243987-36244318","98","36243987","36244318","331"
"SL2.50ch12:36245646-36246132","102","36245646","36246132","486"
"SL2.50ch12:36251793-36252444","177","36251793","36252444","651"
"SL2.50ch12:37679933-37680505","570","37679933","37680505","572"
"SL2.50ch12:37679973-37680475","570","37679973","37680475","502"
"SL2.50ch12:38096630-38097066","126","38096630","38097066","436"
"SL2.50ch12:38096955-38098209","291","38096955","38098209","1254"
"SL2.50ch12:39449937-39450547","181","39449937","39450547","610"
"SL2.50ch12:39482866-39483197","161","39482866","39483197","331"
"SL2.50ch12:39785085-39785416","70","39785085","39785416","331"
"SL2.50ch12:41429927-41430258","50","41429927","41430258","331"
"SL2.50ch12:42325893-42326385","115","42325893","42326385","492"
"SL2.50ch12:42325980-42326361","106","42325980","42326361","381"
"SL2.50ch12:4279791-4283658","4457","4279791","4283658","3867"
"SL2.50ch12:4279793-4283758","4463","4279793","4283758","3965"
"SL2.50ch12:4296390-4297207","162","4296390","4297207","817"
"SL2.50ch12:4297763-4298673","290","4297763","4298673","910"
"SL2.50ch12:4297827-4298566","280","4297827","4298566","739"
"SL2.50ch12:4299696-4301289","422","4299696","4301289","1593"
"SL2.50ch12:4300238-4301278","350","4300238","4301278","1040"
"SL2.50ch12:4302878-4303292","146","4302878","4303292","414"
"SL2.50ch12:4308651-4310061","422","4308651","4310061","1410"
"SL2.50ch12:4311839-4312170","104","4311839","4312170","331"
"SL2.50ch12:4313018-4313834","175","4313018","4313834","816"
"SL2.50ch12:4313124-4313854","157","4313124","4313854","730"
"SL2.50ch12:4328830-4329758","428","4328830","4329758","928"
"SL2.50ch12:4328911-4329804","417","4328911","4329804","893"
"SL2.50ch12:4332757-4333958","296","4332757","4333958","1201"
"SL2.50ch12:4332795-4334013","292","4332795","4334013","1218"
"SL2.50ch12:4335203-4337241","570","4335203","4337241","2038"
"SL2.50ch12:4350353-4351259","380","4350353","4351259","906"
"SL2.50ch12:4350370-4351149","356","4350370","4351149","779"
"SL2.50ch12:44659011-44659469","157","44659011","44659469","458"
"SL2.50ch12:4498945-4499947","179","4498945","4499947","1002"
"SL2.50ch12:45738173-45738504","266","45738173","45738504","331"
"SL2.50ch12:47013502-47013833","41","47013502","47013833","331"
"SL2.50ch12:47850906-47851287","66","47850906","47851287","381"
"SL2.50ch12:49282766-49283277","1245","49282766","49283277","511"
"SL2.50ch12:49282814-49283195","1235","49282814","49283195","381"
"SL2.50ch12:49661976-49662526","2838","49661976","49662526","550"
"SL2.50ch12:49662034-49662510","2833","49662034","49662510","476"
"SL2.50ch12:49894199-49894848","205","49894199","49894848","649"
"SL2.50ch12:49894315-49894836","192","49894315","49894836","521"
"SL2.50ch12:49897234-49897821","71","49897234","49897821","587"
"SL2.50ch12:50172509-50173789","568","50172509","50173789","1280"
"SL2.50ch12:50172600-50173673","549","50172600","50173673","1073"
"SL2.50ch12:5093985-5094492","308","5093985","5094492","507"
"SL2.50ch12:5094025-5094411","301","5094025","5094411","386"
"SL2.50ch12:51038493-51039010","248","51038493","51039010","517"
"SL2.50ch12:51040353-51041261","1023","51040353","51041261","908"
"SL2.50ch12:51040474-51042152","1514","51040474","51042152","1678"
"SL2.50ch12:51041614-51042084","478","51041614","51042084","470"
"SL2.50ch12:51073484-51073975","314","51073484","51073975","491"
"SL2.50ch12:51073513-51073990","309","51073513","51073990","477"
"SL2.50ch12:51538100-51538911","626","51538100","51538911","811"
"SL2.50ch12:51538163-51538838","600","51538163","51538838","675"
"SL2.50ch12:51544192-51544877","529","51544192","51544877","685"
"SL2.50ch12:51544211-51545010","547","51544211","51545010","799"
"SL2.50ch12:51597182-51597823","2431","51597182","51597823","641"
"SL2.50ch12:51597324-51597800","2424","51597324","51597800","476"
"SL2.50ch12:5192271-5192750","174","5192271","5192750","479"
"SL2.50ch12:54256722-54257322","300","54256722","54257322","600"
"SL2.50ch12:54273682-54274338","2496","54273682","54274338","656"
"SL2.50ch12:54273741-54274217","2467","54273741","54274217","476"
"SL2.50ch12:54308714-54309197","121","54308714","54309197","483"
"SL2.50ch12:54318649-54319616","304","54318649","54319616","967"
"SL2.50ch12:54319025-54319406","189","54319025","54319406","381"
"SL2.50ch12:54590584-54591655","154","54590584","54591655","1071"
"SL2.50ch12:5488467-5488892","105","5488467","5488892","425"
"SL2.50ch12:55097793-55098124","68","55097793","55098124","331"
"SL2.50ch12:55224586-55225072","202","55224586","55225072","486"
"SL2.50ch12:55224654-55225051","187","55224654","55225051","397"
"SL2.50ch12:56077983-56078387","134","56077983","56078387","404"
"SL2.50ch12:56078034-56078365","128","56078034","56078365","331"
"SL2.50ch12:56908933-56910083","6791","56908933","56910083","1150"
"SL2.50ch12:56909006-56910116","6791","56909006","56910116","1110"
"SL2.50ch12:57552013-57553141","397","57552013","57553141","1128"
"SL2.50ch12:57552044-57553763","489","57552044","57553763","1719"
"SL2.50ch12:57621736-57622289","729","57621736","57622289","553"
"SL2.50ch12:57621782-57622238","725","57621782","57622238","456"
"SL2.50ch12:58130508-58130889","58","58130508","58130889","381"
"SL2.50ch12:59006940-59008045","229","59006940","59008045","1105"
"SL2.50ch12:60467750-60469546","349","60467750","60469546","1796"
"SL2.50ch12:60502840-60503511","145","60502840","60503511","671"
"SL2.50ch12:60503445-60503776","83","60503445","60503776","331"
"SL2.50ch12:60526848-60527334","102","60526848","60527334","486"
"SL2.50ch12:60534671-60537576","727","60534671","60537576","2905"
"SL2.50ch12:60546159-60552268","1657","60546159","60552268","6109"
"SL2.50ch12:60556961-60564301","3049","60556961","60564301","7340"
"SL2.50ch12:60565795-60567385","577","60565795","60567385","1590"
"SL2.50ch12:60569886-60573385","1703","60569886","60573385","3499"
"SL2.50ch12:60586267-60590941","1435","60586267","60590941","4674"
"SL2.50ch12:60593366-60593801","159","60593366","60593801","435"
"SL2.50ch12:60595078-60596221","299","60595078","60596221","1143"
"SL2.50ch12:60598684-60599309","244","60598684","60599309","625"
"SL2.50ch12:60610231-60618151","2440","60610231","60618151","7920"
"SL2.50ch12:60624354-60631196","2072","60624354","60631196","6842"
"SL2.50ch12:60637700-60641689","922","60637700","60641689","3989"
"SL2.50ch12:60643055-60643768","201","60643055","60643768","713"
"SL2.50ch12:60649865-60650474","149","60649865","60650474","609"
"SL2.50ch12:60651370-60651832","92","60651370","60651832","462"
"SL2.50ch12:60663344-60664212","152","60663344","60664212","868"
"SL2.50ch12:60669966-60670728","243","60669966","60670728","762"
"SL2.50ch12:60692608-60693779","342","60692608","60693779","1171"
"SL2.50ch12:60696892-60709033","4720","60696892","60709033","12141"
"SL2.50ch12:60697520-60709363","4652","60697520","60709363","11843"
"SL2.50ch12:60709890-60717733","3063","60709890","60717733","7843"
"SL2.50ch12:60711458-60717601","2517","60711458","60717601","6143"
"SL2.50ch12:60718836-60737124","7479","60718836","60737124","18288"
"SL2.50ch12:60718857-60737164","7478","60718857","60737164","18307"
"SL2.50ch12:60921858-60922437","137","60921858","60922437","579"
"SL2.50ch12:60947806-60951643","5402","60947806","60951643","3837"
"SL2.50ch12:60947867-60949804","4963","60947867","60949804","1937"
"SL2.50ch12:60951150-60951596","168","60951150","60951596","446"
"SL2.50ch12:61002859-61005844","2413","61002859","61005844","2985"
"SL2.50ch12:61002927-61004820","2027","61002927","61004820","1893"
"SL2.50ch12:61005201-61005615","325","61005201","61005615","414"
"SL2.50ch12:6159373-6159853","125","6159373","6159853","480"
"SL2.50ch12:61617164-61618595","430","61617164","61618595","1431"
"SL2.50ch12:61617339-61618525","386","61617339","61618525","1186"
"SL2.50ch12:61625683-61626124","171","61625683","61626124","441"
"SL2.50ch12:61627518-61630158","808","61627518","61630158","2640"
"SL2.50ch12:61638041-61642381","1751","61638041","61642381","4340"
"SL2.50ch12:61647075-61649066","775","61647075","61649066","1991"
"SL2.50ch12:61649839-61653854","1790","61649839","61653854","4015"
"SL2.50ch12:61656910-61658152","527","61656910","61658152","1242"
"SL2.50ch12:6203932-6204684","224","6203932","6204684","752"
"SL2.50ch12:6204092-6204496","156","6204092","6204496","404"
"SL2.50ch12:6208307-6208825","136","6208307","6208825","518"
"SL2.50ch12:62260264-62260645","354","62260264","62260645","381"
"SL2.50ch12:62260268-62260702","354","62260268","62260702","434"
"SL2.50ch12:62672044-62673379","322","62672044","62673379","1335"
"SL2.50ch12:62677611-62678101","128","62677611","62678101","490"
"SL2.50ch12:62680291-62680622","91","62680291","62680622","331"
"SL2.50ch12:62685389-62686456","294","62685389","62686456","1067"
"SL2.50ch12:63804529-63805112","706","63804529","63805112","583"
"SL2.50ch12:63804551-63805133","707","63804551","63805133","582"
"SL2.50ch12:63885229-63885802","691","63885229","63885802","573"
"SL2.50ch12:63885259-63885825","686","63885259","63885825","566"
"SL2.50ch12:64875640-64876159","158","64875640","64876159","519"
"SL2.50ch12:65405444-65406020","2027","65405444","65406020","576"
"SL2.50ch12:65405532-65406036","2026","65405532","65406036","504"
"SL2.50ch12:65635988-65636918","8572","65635988","65636918","930"
"SL2.50ch12:65636138-65636835","8549","65636138","65636835","697"
"SL2.50ch12:65737636-65739323","623","65737636","65739323","1687"
"SL2.50ch12:65744964-65745563","546","65744964","65745563","599"
"SL2.50ch12:65745156-65745569","530","65745156","65745569","413"
"SL2.50ch12:7358534-7359257","5732","7358534","7359257","723"
"SL2.50ch12:7358610-7359322","5732","7358610","7359322","712"
"SL2.50ch12:7715540-7716044","83","7715540","7716044","504"
"SL2.50ch12:870451-871091","1234","870451","871091","640"
"SL2.50ch12:870467-871043","1229","870467","871043","576"
"SL2.50ch12:9622357-9622865","129","9622357","9622865","508"
"SL2.50ch12:9622529-9623515","176","9622529","9623515","986"
"__no_feature","54228403","__no_feature","__no_feature","Bad Read Size"
"__ambiguous","5224264","__ambiguous","__ambiguous","Bad Read Size"
"__too_low_aQual","8380613","__too_low_aQual","__too_low_aQual","Bad Read Size"
"__not_aligned","0","__not_aligned","__not_aligned","Bad Read Size"
"__alignment_not_unique","0","__alignment_not_unique","__alignment_not_unique","Bad Read Size"
