"SL2.50ch00:10005141-10011112","912","10005141","10011112","5971"
"SL2.50ch00:10065487-10066763","132","10065487","10066763","1276"
"SL2.50ch00:10068907-10069554","51","10068907","10069554","647"
"SL2.50ch00:10077002-10077940","124","10077002","10077940","938"
"SL2.50ch00:10083677-10084008","38","10083677","10084008","331"
"SL2.50ch00:10083717-10084121","40","10083717","10084121","404"
"SL2.50ch00:10087141-10087522","26","10087141","10087522","381"
"SL2.50ch00:10091503-10092106","77","10091503","10092106","603"
"SL2.50ch00:10093140-10093724","51","10093140","10093724","584"
"SL2.50ch00:10103496-10104116","74","10103496","10104116","620"
"SL2.50ch00:10105984-10106392","51","10105984","10106392","408"
"SL2.50ch00:10108110-10108526","63","10108110","10108526","416"
"SL2.50ch00:10111024-10111355","42","10111024","10111355","331"
"SL2.50ch00:10117335-10118295","111","10117335","10118295","960"
"SL2.50ch00:10120087-10122222","160","10120087","10122222","2135"
"SL2.50ch00:10120718-10122214","121","10120718","10122214","1496"
"SL2.50ch00:10152460-10155800","308","10152460","10155800","3340"
"SL2.50ch00:10152754-10155689","265","10152754","10155689","2935"
"SL2.50ch00:10157628-10158609","89","10157628","10158609","981"
"SL2.50ch00:10157650-10158569","84","10157650","10158569","919"
"SL2.50ch00:10272221-10272832","137","10272221","10272832","611"
"SL2.50ch00:10279819-10280479","63","10279819","10280479","660"
"SL2.50ch00:10289422-10289901","46","10289422","10289901","479"
"SL2.50ch00:10290736-10291286","44","10290736","10291286","550"
"SL2.50ch00:10291703-10292158","72","10291703","10292158","455"
"SL2.50ch00:10297595-10298546","236","10297595","10298546","951"
"SL2.50ch00:10297703-10298485","233","10297703","10298485","782"
"SL2.50ch00:10299741-10300252","37","10299741","10300252","511"
"SL2.50ch00:10302592-10303453","77","10302592","10303453","861"
"SL2.50ch00:10307193-10307574","48","10307193","10307574","381"
"SL2.50ch00:10312875-10313412","128","10312875","10313412","537"
"SL2.50ch00:10399107-10400823","306","10399107","10400823","1716"
"SL2.50ch00:10399126-10400773","306","10399126","10400773","1647"
"SL2.50ch00:10401962-10403570","476","10401962","10403570","1608"
"SL2.50ch00:10402022-10403589","474","10402022","10403589","1567"
"SL2.50ch00:10405120-10406139","113","10405120","10406139","1019"
"SL2.50ch00:10410732-10412157","229","10410732","10412157","1425"
"SL2.50ch00:10413931-10414420","56","10413931","10414420","489"
"SL2.50ch00:10421271-10422036","51","10421271","10422036","765"
"SL2.50ch00:10421325-10421900","43","10421325","10421900","575"
"SL2.50ch00:10423992-10424622","94","10423992","10424622","630"
"SL2.50ch00:10428518-10429766","265","10428518","10429766","1248"
"SL2.50ch00:10428560-10429877","263","10428560","10429877","1317"
"SL2.50ch00:10431331-10432014","76","10431331","10432014","683"
"SL2.50ch00:10438317-10439161","125","10438317","10439161","844"
"SL2.50ch00:10476481-10481250","506","10476481","10481250","4769"
"SL2.50ch00:10482665-10483675","97","10482665","10483675","1010"
"SL2.50ch00:10485707-10487511","346","10485707","10487511","1804"
"SL2.50ch00:10502513-10503036","63","10502513","10503036","523"
"SL2.50ch00:10508200-10508581","28","10508200","10508581","381"
"SL2.50ch00:10512279-10513587","120","10512279","10513587","1308"
"SL2.50ch00:10574814-10576035","159","10574814","10576035","1221"
"SL2.50ch00:10574843-10576103","159","10574843","10576103","1260"
"SL2.50ch00:10577314-10578590","163","10577314","10578590","1276"
"SL2.50ch00:10581664-10582341","46","10581664","10582341","677"
"SL2.50ch00:10588136-10588834","85","10588136","10588834","698"
"SL2.50ch00:10600590-10600921","49","10600590","10600921","331"
"SL2.50ch00:10601253-10602032","101","10601253","10602032","779"
"SL2.50ch00:10603667-10606248","567","10603667","10606248","2581"
"SL2.50ch00:10604061-10606228","554","10604061","10606228","2167"
"SL2.50ch00:10607822-10610054","621","10607822","10610054","2232"
"SL2.50ch00:10607854-10610082","621","10607854","10610082","2228"
"SL2.50ch00:10617025-10618102","576","10617025","10618102","1077"
"SL2.50ch00:10617045-10618174","576","10617045","10618174","1129"
"SL2.50ch00:10627392-10628351","514","10627392","10628351","959"
"SL2.50ch00:10627420-10628331","514","10627420","10628331","911"
"SL2.50ch00:10630303-10630941","211","10630303","10630941","638"
"SL2.50ch00:10630322-10630895","211","10630322","10630895","573"
"SL2.50ch00:10632640-10636737","1407","10632640","10636737","4097"
"SL2.50ch00:10632707-10636726","1405","10632707","10636726","4019"
"SL2.50ch00:10638493-10640185","1011","10638493","10640185","1692"
"SL2.50ch00:10638591-10640187","1010","10638591","10640187","1596"
"SL2.50ch00:10642033-10643902","723","10642033","10643902","1869"
"SL2.50ch00:10642037-10643846","723","10642037","10643846","1809"
"SL2.50ch00:10644515-10646026","429","10644515","10646026","1511"
"SL2.50ch00:10644516-10645874","422","10644516","10645874","1358"
"SL2.50ch00:10651555-10652266","173","10651555","10652266","711"
"SL2.50ch00:10651628-10652252","164","10651628","10652252","624"
"SL2.50ch00:10653584-10655204","311","10653584","10655204","1620"
"SL2.50ch00:10656082-10657809","268","10656082","10657809","1727"
"SL2.50ch00:10659682-10660159","98","10659682","10660159","477"
"SL2.50ch00:10660575-10661051","50","10660575","10661051","476"
"SL2.50ch00:10664093-10664879","689","10664093","10664879","786"
"SL2.50ch00:10665512-10666210","1258","10665512","10666210","698"
"SL2.50ch00:10665535-10666163","1258","10665535","10666163","628"
"SL2.50ch00:10667197-10669630","4593","10667197","10669630","2433"
"SL2.50ch00:10667249-10669624","4576","10667249","10669624","2375"
"SL2.50ch00:10672327-10672995","1012","10672327","10672995","668"
"SL2.50ch00:10672331-10673001","1012","10672331","10673001","670"
"SL2.50ch00:10675576-10676676","980","10675576","10676676","1100"
"SL2.50ch00:10675601-10676553","979","10675601","10676553","952"
"SL2.50ch00:10680500-10686366","13314","10680500","10686366","5866"
"SL2.50ch00:10680507-10686395","13314","10680507","10686395","5888"
"SL2.50ch00:10687183-10692743","10858","10687183","10692743","5560"
"SL2.50ch00:10687194-10692736","10858","10687194","10692736","5542"
"SL2.50ch00:10721202-10722706","145","10721202","10722706","1504"
"SL2.50ch00:10729266-10730646","505","10729266","10730646","1380"
"SL2.50ch00:10729366-10730692","504","10729366","10730692","1326"
"SL2.50ch00:10731640-10733467","468","10731640","10733467","1827"
"SL2.50ch00:10735708-10737046","88","10735708","10737046","1338"
"SL2.50ch00:10739930-10740261","36","10739930","10740261","331"
"SL2.50ch00:10743581-10745195","272","10743581","10745195","1614"
"SL2.50ch00:10746713-10748833","349","10746713","10748833","2120"
"SL2.50ch00:10749908-10750239","45","10749908","10750239","331"
"SL2.50ch00:10751930-10752550","34","10751930","10752550","620"
"SL2.50ch00:10776616-10777858","194","10776616","10777858","1242"
"SL2.50ch00:10778540-10781054","266","10778540","10781054","2514"
"SL2.50ch00:10783354-10784036","108","10783354","10784036","682"
"SL2.50ch00:10783509-10783913","103","10783509","10783913","404"
"SL2.50ch00:10788509-10789242","239","10788509","10789242","733"
"SL2.50ch00:10788760-10789164","209","10788760","10789164","404"
"SL2.50ch00:10793463-10794063","82","10793463","10794063","600"
"SL2.50ch00:10793486-10794207","81","10793486","10794207","721"
"SL2.50ch00:10798448-10803540","575","10798448","10803540","5092"
"SL2.50ch00:10830646-10832242","509","10830646","10832242","1596"
"SL2.50ch00:10830818-10832276","509","10830818","10832276","1458"
"SL2.50ch00:10834896-10835805","311","10834896","10835805","909"
"SL2.50ch00:10834936-10835789","308","10834936","10835789","853"
"SL2.50ch00:10842071-10842585","96","10842071","10842585","514"
"SL2.50ch00:10842074-10842575","96","10842074","10842575","501"
"SL2.50ch00:10843896-10845227","204","10843896","10845227","1331"
"SL2.50ch00:10846170-10847034","291","10846170","10847034","864"
"SL2.50ch00:10846224-10847047","291","10846224","10847047","823"
"SL2.50ch00:10848807-10849976","231","10848807","10849976","1169"
"SL2.50ch00:10854621-10857569","390","10854621","10857569","2948"
"SL2.50ch00:10868809-10869190","33","10868809","10869190","381"
"SL2.50ch00:10910268-10911385","274","10910268","10911385","1117"
"SL2.50ch00:10910370-10911449","272","10910370","10911449","1079"
"SL2.50ch00:10914174-10914910","119","10914174","10914910","736"
"SL2.50ch00:10914338-10914844","111","10914338","10914844","506"
"SL2.50ch00:10917250-10919722","947","10917250","10919722","2472"
"SL2.50ch00:10917261-10919734","947","10917261","10919734","2473"
"SL2.50ch00:10926623-10928866","375","10926623","10928866","2243"
"SL2.50ch00:10926626-10929287","395","10926626","10929287","2661"
"SL2.50ch00:10930953-10933110","280","10930953","10933110","2157"
"SL2.50ch00:10931866-10933008","190","10931866","10933008","1142"
"SL2.50ch00:10936035-10937735","110","10936035","10937735","1700"
"SL2.50ch00:10940054-10943891","412","10940054","10943891","3837"
"SL2.50ch00:10945399-10946478","120","10945399","10946478","1079"
"SL2.50ch00:10947725-10954068","574","10947725","10954068","6343"
"SL2.50ch00:10956482-10960667","358","10956482","10960667","4185"
"SL2.50ch00:10963552-10964142","82","10963552","10964142","590"
"SL2.50ch00:10971004-10972145","151","10971004","10972145","1141"
"SL2.50ch00:10971048-10972223","151","10971048","10972223","1175"
"SL2.50ch00:10985064-10986782","335","10985064","10986782","1718"
"SL2.50ch00:10985073-10986834","335","10985073","10986834","1761"
"SL2.50ch00:10990687-10995808","874","10990687","10995808","5121"
"SL2.50ch00:10998618-11000310","299","10998618","11000310","1692"
"SL2.50ch00:11005052-11006987","391","11005052","11006987","1935"
"SL2.50ch00:11007680-11008269","58","11007680","11008269","589"
"SL2.50ch00:11012514-11012895","54","11012514","11012895","381"
"SL2.50ch00:11031644-11031975","45","11031644","11031975","331"
"SL2.50ch00:11055079-11077480","36052","11055079","11077480","22401"
"SL2.50ch00:11055103-11077486","36052","11055103","11077486","22383"
"SL2.50ch00:11141761-11146375","409","11141761","11146375","4614"
"SL2.50ch00:11147031-11148450","150","11147031","11148450","1419"
"SL2.50ch00:11147056-11148474","150","11147056","11148474","1418"
"SL2.50ch00:11156005-11156811","43","11156005","11156811","806"
"SL2.50ch00:11182413-11182990","85","11182413","11182990","577"
"SL2.50ch00:11182455-11182963","85","11182455","11182963","508"
"SL2.50ch00:11184554-11185987","159","11184554","11185987","1433"
"SL2.50ch00:11184559-11185963","159","11184559","11185963","1404"
"SL2.50ch00:11239943-11240920","102","11239943","11240920","977"
"SL2.50ch00:11242538-11243692","140","11242538","11243692","1154"
"SL2.50ch00:11244917-11246524","262","11244917","11246524","1607"
"SL2.50ch00:11251418-11254505","514","11251418","11254505","3087"
"SL2.50ch00:11251473-11254521","512","11251473","11254521","3048"
"SL2.50ch00:11256077-11257931","264","11256077","11257931","1854"
"SL2.50ch00:11293074-11293554","32","11293074","11293554","480"
"SL2.50ch00:11295501-11296038","39","11295501","11296038","537"
"SL2.50ch00:11297430-11297761","47","11297430","11297761","331"
"SL2.50ch00:11301434-11301838","68","11301434","11301838","404"
"SL2.50ch00:11301523-11301854","65","11301523","11301854","331"
"SL2.50ch00:11308046-11308427","35","11308046","11308427","381"
"SL2.50ch00:11310727-11313687","948","11310727","11313687","2960"
"SL2.50ch00:11310886-11313674","943","11310886","11313674","2788"
"SL2.50ch00:11314410-11315883","478","11314410","11315883","1473"
"SL2.50ch00:11314447-11315959","474","11314447","11315959","1512"
"SL2.50ch00:11317036-11318741","175","11317036","11318741","1705"
"SL2.50ch00:11321826-11325870","445","11321826","11325870","4044"
"SL2.50ch00:11326911-11336372","876","11326911","11336372","9461"
"SL2.50ch00:11337261-11343309","477","11337261","11343309","6048"
"SL2.50ch00:11344369-11345115","89","11344369","11345115","746"
"SL2.50ch00:11362846-11363749","159","11362846","11363749","903"
"SL2.50ch00:11362909-11363764","158","11362909","11363764","855"
"SL2.50ch00:11369358-11374033","453","11369358","11374033","4675"
"SL2.50ch00:11377464-11379406","316","11377464","11379406","1942"
"SL2.50ch00:11377992-11379414","309","11377992","11379414","1422"
"SL2.50ch00:11396268-11398033","345","11396268","11398033","1765"
"SL2.50ch00:11396281-11398063","339","11396281","11398063","1782"
"SL2.50ch00:11398844-11404525","921","11398844","11404525","5681"
"SL2.50ch00:11411131-11412638","343","11411131","11412638","1507"
"SL2.50ch00:11411210-11412550","343","11411210","11412550","1340"
"SL2.50ch00:11435021-11435402","33","11435021","11435402","381"
"SL2.50ch00:11443840-11444538","72","11443840","11444538","698"
"SL2.50ch00:11479280-11479661","10","11479280","11479661","381"
"SL2.50ch00:11490693-11491596","122","11490693","11491596","903"
"SL2.50ch00:11492825-11494397","158","11492825","11494397","1572"
"SL2.50ch00:11495640-11497102","174","11495640","11497102","1462"
"SL2.50ch00:11499381-11501263","334","11499381","11501263","1882"
"SL2.50ch00:11501876-11503245","238","11501876","11503245","1369"
"SL2.50ch00:11501908-11503138","237","11501908","11503138","1230"
"SL2.50ch00:11504375-11505179","186","11504375","11505179","804"
"SL2.50ch00:11504386-11505193","182","11504386","11505193","807"
"SL2.50ch00:11510384-11512323","182","11510384","11512323","1939"
"SL2.50ch00:11516613-11517616","86","11516613","11517616","1003"
"SL2.50ch00:11516614-11517613","86","11516614","11517613","999"
"SL2.50ch00:11520028-11520796","40","11520028","11520796","768"
"SL2.50ch00:11531048-11531810","55","11531048","11531810","762"
"SL2.50ch00:11534129-11548181","2996","11534129","11548181","14052"
"SL2.50ch00:11565499-11566054","61","11565499","11566054","555"
"SL2.50ch00:11576949-11583147","730","11576949","11583147","6198"
"SL2.50ch00:11650849-11651285","73","11650849","11651285","436"
"SL2.50ch00:11655343-11656870","675","11655343","11656870","1527"
"SL2.50ch00:11655363-11656901","675","11655363","11656901","1538"
"SL2.50ch00:11658373-11659357","235","11658373","11659357","984"
"SL2.50ch00:11658413-11659410","235","11658413","11659410","997"
"SL2.50ch00:11685738-11686901","161","11685738","11686901","1163"
"SL2.50ch00:11687500-11689613","459","11687500","11689613","2113"
"SL2.50ch00:11687565-11689537","459","11687565","11689537","1972"
"SL2.50ch00:11690472-11694305","376","11690472","11694305","3833"
"SL2.50ch00:11695255-11695660","84","11695255","11695660","405"
"SL2.50ch00:11697545-11698487","185","11697545","11698487","942"
"SL2.50ch00:11736257-11738084","567","11736257","11738084","1827"
"SL2.50ch00:11736295-11738062","567","11736295","11738062","1767"
"SL2.50ch00:11773888-11775696","2568","11773888","11775696","1808"
"SL2.50ch00:11773931-11775731","2546","11773931","11775731","1800"
"SL2.50ch00:11777402-11778481","1841","11777402","11778481","1079"
"SL2.50ch00:11777453-11778470","1805","11777453","11778470","1017"
"SL2.50ch00:11780895-11782018","1730","11780895","11782018","1123"
"SL2.50ch00:11780914-11782081","1721","11780914","11782081","1167"
"SL2.50ch00:11782576-11786164","4732","11782576","11786164","3588"
"SL2.50ch00:11782593-11786224","4734","11782593","11786224","3631"
"SL2.50ch00:11789600-11790182","32","11789600","11790182","582"
"SL2.50ch00:11789639-11790399","46","11789639","11790399","760"
"SL2.50ch00:11796752-11810419","23177","11796752","11810419","13667"
"SL2.50ch00:11798253-11810444","23106","11798253","11810444","12191"
"SL2.50ch00:11819282-11819771","31","11819282","11819771","489"
"SL2.50ch00:11851636-11852113","39","11851636","11852113","477"
"SL2.50ch00:11855496-11855877","13","11855496","11855877","381"
"SL2.50ch00:11857574-11857905","34","11857574","11857905","331"
"SL2.50ch00:11901425-11901973","32","11901425","11901973","548"
"SL2.50ch00:11913173-11913606","38","11913173","11913606","433"
"SL2.50ch00:11919657-11919988","36","11919657","11919988","331"
"SL2.50ch00:11922194-11922525","45","11922194","11922525","331"
"SL2.50ch00:11934769-11935958","240","11934769","11935958","1189"
"SL2.50ch00:11944473-11945832","160","11944473","11945832","1359"
"SL2.50ch00:11966724-11976904","15213","11966724","11976904","10180"
"SL2.50ch00:11966763-11976921","15210","11966763","11976921","10158"
"SL2.50ch00:11986901-11987970","244","11986901","11987970","1069"
"SL2.50ch00:11986947-11988035","244","11986947","11988035","1088"
"SL2.50ch00:11990826-11991727","134","11990826","11991727","901"
"SL2.50ch00:11993083-11994663","675","11993083","11994663","1580"
"SL2.50ch00:11993108-11994595","675","11993108","11994595","1487"
"SL2.50ch00:11996161-11996887","320","11996161","11996887","726"
"SL2.50ch00:11996165-11996956","322","11996165","11996956","791"
"SL2.50ch00:12005346-12016200","22759","12005346","12016200","10854"
"SL2.50ch00:12006247-12016261","22715","12006247","12016261","10014"
"SL2.50ch00:12039409-12041187","168","12039409","12041187","1778"
"SL2.50ch00:12088095-12089625","151","12088095","12089625","1530"
"SL2.50ch00:12090869-12091736","93","12090869","12091736","867"
"SL2.50ch00:12128069-12129195","162","12128069","12129195","1126"
"SL2.50ch00:12128080-12154019","29073","12128080","12154019","25939"
"SL2.50ch00:12129811-12133841","791","12129811","12133841","4030"
"SL2.50ch00:12135070-12154020","28010","12135070","12154020","18950"
"SL2.50ch00:12211658-12219923","830","12211658","12219923","8265"
"SL2.50ch00:12212183-12219705","791","12212183","12219705","7522"
"SL2.50ch00:12266042-12266373","46","12266042","12266373","331"
"SL2.50ch00:12266855-12282012","24654","12266855","12282012","15157"
"SL2.50ch00:12266900-12282088","24653","12266900","12282088","15188"
"SL2.50ch00:12300631-12302445","152","12300631","12302445","1814"
"SL2.50ch00:12301258-12302308","117","12301258","12302308","1050"
"SL2.50ch00:12312511-12319827","694","12312511","12319827","7316"
"SL2.50ch00:12322626-12323776","184","12322626","12323776","1150"
"SL2.50ch00:12327818-12328740","74","12327818","12328740","922"
"SL2.50ch00:12339756-12340219","23","12339756","12340219","463"
"SL2.50ch00:12348859-12349873","122","12348859","12349873","1014"
"SL2.50ch00:12348900-12349859","120","12348900","12349859","959"
"SL2.50ch00:12492800-12501089","753","12492800","12501089","8289"
"SL2.50ch00:12492909-12499238","601","12492909","12499238","6329"
"SL2.50ch00:12499680-12501104","135","12499680","12501104","1424"
"SL2.50ch00:12504572-12506066","124","12504572","12506066","1494"
"SL2.50ch00:12561321-12561702","19","12561321","12561702","381"
"SL2.50ch00:12570057-12572446","187","12570057","12572446","2389"
"SL2.50ch00:12643039-12645240","149","12643039","12645240","2201"
"SL2.50ch00:12646321-12647655","83","12646321","12647655","1334"
"SL2.50ch00:12648597-12648928","34","12648597","12648928","331"
"SL2.50ch00:12669261-12669592","44","12669261","12669592","331"
"SL2.50ch00:12704257-12704588","44","12704257","12704588","331"
"SL2.50ch00:12754371-12754752","54","12754371","12754752","381"
"SL2.50ch00:12756548-12757566","282","12756548","12757566","1018"
"SL2.50ch00:12756562-12757520","282","12756562","12757520","958"
"SL2.50ch00:12758317-12760221","732","12758317","12760221","1904"
"SL2.50ch00:12758322-12760244","732","12758322","12760244","1922"
"SL2.50ch00:12772555-12778363","796","12772555","12778363","5808"
"SL2.50ch00:12783643-12784259","33","12783643","12784259","616"
"SL2.50ch00:12885083-12890446","387","12885083","12890446","5363"
"SL2.50ch00:12935953-12936381","19","12935953","12936381","428"
"SL2.50ch00:12942422-12943337","147","12942422","12943337","915"
"SL2.50ch00:12944934-12947743","326","12944934","12947743","2809"
"SL2.50ch00:12953378-12958577","5403","12953378","12958577","5199"
"SL2.50ch00:12953577-12958707","5396","12953577","12958707","5130"
"SL2.50ch00:13043047-13043844","98","13043047","13043844","797"
"SL2.50ch00:13052241-13053765","198","13052241","13053765","1524"
"SL2.50ch00:13173913-13179168","768","13173913","13179168","5255"
"SL2.50ch00:13173921-13179092","768","13173921","13179092","5171"
"SL2.50ch00:13301729-13302241","300","13301729","13302241","512"
"SL2.50ch00:13301742-13302823","331","13301742","13302823","1081"
"SL2.50ch00:13305980-13306972","126","13305980","13306972","992"
"SL2.50ch00:13361691-13362228","73","13361691","13362228","537"
"SL2.50ch00:13374943-13375813","849","13374943","13375813","870"
"SL2.50ch00:13374976-13375803","849","13374976","13375803","827"
"SL2.50ch00:13379479-13380282","1304","13379479","13380282","803"
"SL2.50ch00:13379519-13380293","1304","13379519","13380293","774"
"SL2.50ch00:13386663-13388093","171","13386663","13388093","1430"
"SL2.50ch00:13386717-13388034","168","13386717","13388034","1317"
"SL2.50ch00:13458176-13459472","94","13458176","13459472","1296"
"SL2.50ch00:13460498-13460879","35","13460498","13460879","381"
"SL2.50ch00:13493342-13494542","111","13493342","13494542","1200"
"SL2.50ch00:13493457-13494539","102","13493457","13494539","1082"
"SL2.50ch00:13496769-13498228","161","13496769","13498228","1459"
"SL2.50ch00:13496785-13498305","161","13496785","13498305","1520"
"SL2.50ch00:13503356-13507621","3349","13503356","13507621","4265"
"SL2.50ch00:13503403-13508200","3384","13503403","13508200","4797"
"SL2.50ch00:13568829-13570343","119","13568829","13570343","1514"
"SL2.50ch00:13572199-13572797","68","13572199","13572797","598"
"SL2.50ch00:13602752-13608403","6177","13602752","13608403","5651"
"SL2.50ch00:13603461-13608253","6143","13603461","13608253","4792"
"SL2.50ch00:13633641-13634122","36","13633641","13634122","481"
"SL2.50ch00:13689157-13689857","159","13689157","13689857","700"
"SL2.50ch00:13689180-13689957","159","13689180","13689957","777"
"SL2.50ch00:13690408-13691287","108","13690408","13691287","879"
"SL2.50ch00:13690425-13691314","108","13690425","13691314","889"
"SL2.50ch00:13764589-13769479","6094","13764589","13769479","4890"
"SL2.50ch00:13764737-13769414","6089","13764737","13769414","4677"
"SL2.50ch00:13854221-13854967","27","13854221","13854967","746"
"SL2.50ch00:14017873-14019202","202","14017873","14019202","1329"
"SL2.50ch00:14038179-14039142","94","14038179","14039142","963"
"SL2.50ch00:14041264-14041595","48","14041264","14041595","331"
"SL2.50ch00:14094954-14095722","53","14094954","14095722","768"
"SL2.50ch00:14120430-14121460","273","14120430","14121460","1030"
"SL2.50ch00:14123191-14124822","220","14123191","14124822","1631"
"SL2.50ch00:14257985-14258578","75","14257985","14258578","593"
"SL2.50ch00:14287172-14287849","143","14287172","14287849","677"
"SL2.50ch00:14287293-14287697","135","14287293","14287697","404"
"SL2.50ch00:14290585-14291568","389","14290585","14291568","983"
"SL2.50ch00:14290663-14291631","389","14290663","14291631","968"
"SL2.50ch00:14296307-14297182","124","14296307","14297182","875"
"SL2.50ch00:14297986-14300488","289","14297986","14300488","2502"
"SL2.50ch00:14314049-14314915","48","14314049","14314915","866"
"SL2.50ch00:14317136-14318077","85","14317136","14318077","941"
"SL2.50ch00:14349829-14350343","64","14349829","14350343","514"
"SL2.50ch00:14351727-14353626","128","14351727","14353626","1899"
"SL2.50ch00:14409749-14411023","193","14409749","14411023","1274"
"SL2.50ch00:14437478-14441688","980","14437478","14441688","4210"
"SL2.50ch00:14437498-14441691","980","14437498","14441691","4193"
"SL2.50ch00:14505476-14506375","103","14505476","14506375","899"
"SL2.50ch00:14507677-14509080","334","14507677","14509080","1403"
"SL2.50ch00:14510949-14511428","69","14510949","14511428","479"
"SL2.50ch00:14514523-14515709","61","14514523","14515709","1186"
"SL2.50ch00:14520219-14524162","391","14520219","14524162","3943"
"SL2.50ch00:14545972-14550325","10537","14545972","14550325","4353"
"SL2.50ch00:14545992-14550404","10537","14545992","14550404","4412"
"SL2.50ch00:14561598-14562390","49","14561598","14562390","792"
"SL2.50ch00:14572010-14572963","53","14572010","14572963","953"
"SL2.50ch00:14575166-14576019","67","14575166","14576019","853"
"SL2.50ch00:14645339-14645670","38","14645339","14645670","331"
"SL2.50ch00:14653788-14654316","25","14653788","14654316","528"
"SL2.50ch00:14665275-14665864","72","14665275","14665864","589"
"SL2.50ch00:14670395-14675844","4146","14670395","14675844","5449"
"SL2.50ch00:14670525-14675767","4146","14670525","14675767","5242"
"SL2.50ch00:14677135-14679038","800","14677135","14679038","1903"
"SL2.50ch00:14677163-14679046","800","14677163","14679046","1883"
"SL2.50ch00:14696340-14697784","123","14696340","14697784","1444"
"SL2.50ch00:14696486-14697741","115","14696486","14697741","1255"
"SL2.50ch00:14734757-14735547","57","14734757","14735547","790"
"SL2.50ch00:14735013-14735427","50","14735013","14735427","414"
"SL2.50ch00:14736771-14737175","18","14736771","14737175","404"
"SL2.50ch00:14764000-14767741","275","14764000","14767741","3741"
"SL2.50ch00:14793282-14793762","39","14793282","14793762","480"
"SL2.50ch00:14793283-14793806","39","14793283","14793806","523"
"SL2.50ch00:14796368-14797271","139","14796368","14797271","903"
"SL2.50ch00:14796377-14797277","139","14796377","14797277","900"
"SL2.50ch00:14801714-14802210","84","14801714","14802210","496"
"SL2.50ch00:14801773-14802270","83","14801773","14802270","497"
"SL2.50ch00:14804058-14805706","574","14804058","14805706","1648"
"SL2.50ch00:14804095-14805725","574","14804095","14805725","1630"
"SL2.50ch00:14888134-14888815","91","14888134","14888815","681"
"SL2.50ch00:14959726-14961346","157","14959726","14961346","1620"
"SL2.50ch00:14962661-14963710","187","14962661","14963710","1049"
"SL2.50ch00:14962671-14963673","187","14962671","14963673","1002"
"SL2.50ch00:14992539-14993226","61","14992539","14993226","687"
"SL2.50ch00:14994776-14995888","72","14994776","14995888","1112"
"SL2.50ch00:14999669-15000581","198","14999669","15000581","912"
"SL2.50ch00:14999676-15000635","198","14999676","15000635","959"
"SL2.50ch00:15070998-15071624","45","15070998","15071624","626"
"SL2.50ch00:15134732-15135537","51","15134732","15135537","805"
"SL2.50ch00:15138691-15139738","103","15138691","15139738","1047"
"SL2.50ch00:15138813-15139728","94","15138813","15139728","915"
"SL2.50ch00:15142980-15144082","166","15142980","15144082","1102"
"SL2.50ch00:15145088-15146391","264","15145088","15146391","1303"
"SL2.50ch00:15154016-15154525","125","15154016","15154525","509"
"SL2.50ch00:15154030-15154559","125","15154030","15154559","529"
"SL2.50ch00:15290029-15291592","188","15290029","15291592","1563"
"SL2.50ch00:15292792-15293760","114","15292792","15293760","968"
"SL2.50ch00:15313888-15314555","65","15313888","15314555","667"
"SL2.50ch00:15321388-15322417","285","15321388","15322417","1029"
"SL2.50ch00:15321397-15322420","285","15321397","15322420","1023"
"SL2.50ch00:15324297-15325292","372","15324297","15325292","995"
"SL2.50ch00:15324335-15325255","372","15324335","15325255","920"
"SL2.50ch00:15345063-15346309","130","15345063","15346309","1246"
"SL2.50ch00:15348034-15348911","265","15348034","15348911","877"
"SL2.50ch00:15348056-15348874","265","15348056","15348874","818"
"SL2.50ch00:15360713-15361740","95","15360713","15361740","1027"
"SL2.50ch00:15363024-15364385","128","15363024","15364385","1361"
"SL2.50ch00:15385981-15387196","69","15385981","15387196","1215"
"SL2.50ch00:15450246-15451248","66","15450246","15451248","1002"
"SL2.50ch00:15452864-15453865","85","15452864","15453865","1001"
"SL2.50ch00:15473445-15477143","871","15473445","15477143","3698"
"SL2.50ch00:15473462-15477114","871","15473462","15477114","3652"
"SL2.50ch00:15534748-15536183","1310","15534748","15536183","1435"
"SL2.50ch00:15534758-15536224","1309","15534758","15536224","1466"
"SL2.50ch00:15538081-15542520","7113","15538081","15542520","4439"
"SL2.50ch00:15538103-15542548","7113","15538103","15542548","4445"
"SL2.50ch00:15578074-15578388","17","15578074","15578388","314"
"SL2.50ch00:15813952-15814601","155","15813952","15814601","649"
"SL2.50ch00:15813970-15814627","155","15813970","15814627","657"
"SL2.50ch00:15816234-15816914","88","15816234","15816914","680"
"SL2.50ch00:15864653-15865067","44","15864653","15865067","414"
"SL2.50ch00:15877075-15880575","613","15877075","15880575","3500"
"SL2.50ch00:15885500-15887828","157","15885500","15887828","2328"
"SL2.50ch00:15902875-15903796","99","15902875","15903796","921"
"SL2.50ch00:15903091-15903778","81","15903091","15903778","687"
"SL2.50ch00:15905698-15906355","74","15905698","15906355","657"
"SL2.50ch00:15905708-15906356","74","15905708","15906356","648"
"SL2.50ch00:15918006-15920903","243","15918006","15920903","2897"
"SL2.50ch00:15961412-15961891","40","15961412","15961891","479"
"SL2.50ch00:15964571-15964902","67","15964571","15964902","331"
"SL2.50ch00:15997706-16001208","410","15997706","16001208","3502"
"SL2.50ch00:15997711-16001117","410","15997711","16001117","3406"
"SL2.50ch00:16026769-16030121","536","16026769","16030121","3352"
"SL2.50ch00:16026779-16030092","536","16026779","16030092","3313"
"SL2.50ch00:16051830-16055470","6228","16051830","16055470","3640"
"SL2.50ch00:16051969-16055507","6228","16051969","16055507","3538"
"SL2.50ch00:16145943-16146508","65","16145943","16146508","565"
"SL2.50ch00:16180734-16184190","4754","16180734","16184190","3456"
"SL2.50ch00:16180765-16184240","4754","16180765","16184240","3475"
"SL2.50ch00:16194906-16198191","260","16194906","16198191","3285"
"SL2.50ch00:16195205-16198127","257","16195205","16198127","2922"
"SL2.50ch00:16210756-16211485","77","16210756","16211485","729"
"SL2.50ch00:16246756-16247263","80","16246756","16247263","507"
"SL2.50ch00:16246838-16247326","81","16246838","16247326","488"
"SL2.50ch00:16278313-16278791","49","16278313","16278791","478"
"SL2.50ch00:16310917-16312270","210","16310917","16312270","1353"
"SL2.50ch00:16310949-16312354","210","16310949","16312354","1405"
"SL2.50ch00:16313964-16314440","98","16313964","16314440","476"
"SL2.50ch00:16384298-16387525","490","16384298","16387525","3227"
"SL2.50ch00:16388450-16388781","48","16388450","16388781","331"
"SL2.50ch00:16397955-16401517","4781","16397955","16401517","3562"
"SL2.50ch00:16397999-16401447","4781","16397999","16401447","3448"
"SL2.50ch00:16430804-16431135","39","16430804","16431135","331"
"SL2.50ch00:16531969-16535132","207","16531969","16535132","3163"
"SL2.50ch00:16532007-16533836","147","16532007","16533836","1829"
"SL2.50ch00:16548945-16549634","48","16548945","16549634","689"
"SL2.50ch00:16548956-16549611","48","16548956","16549611","655"
"SL2.50ch00:16562494-16565702","419","16562494","16565702","3208"
"SL2.50ch00:16562500-16565709","419","16562500","16565709","3209"
"SL2.50ch00:16636841-16639820","2548","16636841","16639820","2979"
"SL2.50ch00:16636881-16639873","2548","16636881","16639873","2992"
"SL2.50ch00:16661165-16666646","592","16661165","16666646","5481"
"SL2.50ch00:16663475-16666668","477","16663475","16666668","3193"
"SL2.50ch00:16797253-16797657","17","16797253","16797657","404"
"SL2.50ch00:16878589-16880003","206","16878589","16880003","1414"
"SL2.50ch00:16879504-16880165","138","16879504","16880165","661"
"SL2.50ch00:16901279-16904607","989","16901279","16904607","3328"
"SL2.50ch00:16950216-16951189","215","16950216","16951189","973"
"SL2.50ch00:16950256-16951168","215","16950256","16951168","912"
"SL2.50ch00:16952569-16953405","216","16952569","16953405","836"
"SL2.50ch00:16952609-16953413","216","16952609","16953413","804"
"SL2.50ch00:16963074-16963968","412","16963074","16963968","894"
"SL2.50ch00:16963082-16963996","412","16963082","16963996","914"
"SL2.50ch00:16965766-16966448","224","16965766","16966448","682"
"SL2.50ch00:16965791-16966390","224","16965791","16966390","599"
"SL2.50ch00:17011668-17014680","467","17011668","17014680","3012"
"SL2.50ch00:17108480-17109201","39","17108480","17109201","721"
"SL2.50ch00:17155544-17158777","4671","17155544","17158777","3233"
"SL2.50ch00:17155546-17158805","4671","17155546","17158805","3259"
"SL2.50ch00:17182659-17183378","120","17182659","17183378","719"
"SL2.50ch00:17231558-17234427","375","17231558","17234427","2869"
"SL2.50ch00:17297364-17300415","461","17297364","17300415","3051"
"SL2.50ch00:17347283-17350087","468","17347283","17350087","2804"
"SL2.50ch00:17347292-17350171","468","17347292","17350171","2879"
"SL2.50ch00:17458434-17461318","374","17458434","17461318","2884"
"SL2.50ch00:17458495-17461319","372","17458495","17461319","2824"
"SL2.50ch00:17522874-17525226","1764","17522874","17525226","2352"
"SL2.50ch00:17522889-17525278","1766","17522889","17525278","2389"
"SL2.50ch00:17606813-17607227","66","17606813","17607227","414"
"SL2.50ch00:17634547-17637649","1171","17634547","17637649","3102"
"SL2.50ch00:17634761-17637622","1169","17634761","17637622","2861"
"SL2.50ch00:17652875-17654256","111","17652875","17654256","1381"
"SL2.50ch00:17662605-17663003","12","17662605","17663003","398"
"SL2.50ch00:17769432-17772007","288","17769432","17772007","2575"
"SL2.50ch00:17836018-17836532","71","17836018","17836532","514"
"SL2.50ch00:17840077-17843083","3917","17840077","17843083","3006"
"SL2.50ch00:17840196-17843104","3919","17840196","17843104","2908"
"SL2.50ch00:17892171-17892552","14","17892171","17892552","381"
"SL2.50ch00:18009672-18010223","53","18009672","18010223","551"
"SL2.50ch00:18038938-18041196","153","18038938","18041196","2258"
"SL2.50ch00:18049283-18053552","973","18049283","18053552","4269"
"SL2.50ch00:18049355-18052967","916","18049355","18052967","3612"
"SL2.50ch00:18116598-18122150","776","18116598","18122150","5552"
"SL2.50ch00:18116660-18121783","759","18116660","18121783","5123"
"SL2.50ch00:18137599-18137930","44","18137599","18137930","331"
"SL2.50ch00:18176835-18178099","231","18176835","18178099","1264"
"SL2.50ch00:18176848-18178416","239","18176848","18178416","1568"
"SL2.50ch00:18179054-18179487","39","18179054","18179487","433"
"SL2.50ch00:18179162-18179493","36","18179162","18179493","331"
"SL2.50ch00:18194215-18194596","44","18194215","18194596","381"
"SL2.50ch00:18228174-18230796","356","18228174","18230796","2622"
"SL2.50ch00:18228184-18230875","356","18228184","18230875","2691"
"SL2.50ch00:18254279-18256460","231","18254279","18256460","2181"
"SL2.50ch00:18315775-18318681","1932","18315775","18318681","2906"
"SL2.50ch00:18315870-18318744","1932","18315870","18318744","2874"
"SL2.50ch00:18352333-18355283","5421","18352333","18355283","2950"
"SL2.50ch00:18352416-18355347","5421","18352416","18355347","2931"
"SL2.50ch00:18428537-18429641","102","18428537","18429641","1104"
"SL2.50ch00:18432632-18433517","85","18432632","18433517","885"
"SL2.50ch00:18432804-18433385","77","18432804","18433385","581"
"SL2.50ch00:18490010-18491237","222","18490010","18491237","1227"
"SL2.50ch00:18490245-18490886","196","18490245","18490886","641"
"SL2.50ch00:18581649-18582348","78","18581649","18582348","699"
"SL2.50ch00:18649134-18651349","257","18649134","18651349","2215"
"SL2.50ch00:18649169-18651636","270","18649169","18651636","2467"
"SL2.50ch00:18776737-18779461","780","18776737","18779461","2724"
"SL2.50ch00:18776875-18779471","780","18776875","18779471","2596"
"SL2.50ch00:1885338-1885820","16","1885338","1885820","482"
"SL2.50ch00:18865856-18866709","71","18865856","18866709","853"
"SL2.50ch00:18867677-18868170","28","18867677","18868170","493"
"SL2.50ch00:18909157-18910829","116","18909157","18910829","1672"
"SL2.50ch00:18980667-18983048","252","18980667","18983048","2381"
"SL2.50ch00:19091691-19094230","722","19091691","19094230","2539"
"SL2.50ch00:19091698-19094232","722","19091698","19094232","2534"
"SL2.50ch00:19120501-19123287","3096","19120501","19123287","2786"
"SL2.50ch00:19120525-19123230","3095","19120525","19123230","2705"
"SL2.50ch00:19131608-19132209","61","19131608","19132209","601"
"SL2.50ch00:19131950-19132504","27","19131950","19132504","554"
"SL2.50ch00:19180932-19181473","43","19180932","19181473","541"
"SL2.50ch00:19308067-19310382","363","19308067","19310382","2315"
"SL2.50ch00:19308098-19310458","360","19308098","19310458","2360"
"SL2.50ch00:19322220-19323243","54","19322220","19323243","1023"
"SL2.50ch00:19374874-19377192","261","19374874","19377192","2318"
"SL2.50ch00:19408079-19410522","515","19408079","19410522","2443"
"SL2.50ch00:19408101-19410482","515","19408101","19410482","2381"
"SL2.50ch00:19415713-19418074","163","19415713","19418074","2361"
"SL2.50ch00:19429051-19429382","42","19429051","19429382","331"
"SL2.50ch00:19514497-19514901","15","19514497","19514901","404"
"SL2.50ch00:19613113-19615861","8309","19613113","19615861","2748"
"SL2.50ch00:19613115-19615800","8307","19613115","19615800","2685"
"SL2.50ch00:19656469-19656850","391","19656469","19656850","381"
"SL2.50ch00:19703281-19705830","972","19703281","19705830","2549"
"SL2.50ch00:19703414-19705826","972","19703414","19705826","2412"
"SL2.50ch00:19810183-19812494","542","19810183","19812494","2311"
"SL2.50ch00:19810216-19812455","542","19810216","19812455","2239"
"SL2.50ch00:19862417-19862961","40","19862417","19862961","544"
"SL2.50ch00:19863641-19864151","14","19863641","19864151","510"
"SL2.50ch00:19880094-19880475","21","19880094","19880475","381"
"SL2.50ch00:19915935-19918331","2870","19915935","19918331","2396"
"SL2.50ch00:19916106-19918382","2870","19916106","19918382","2276"
"SL2.50ch00:19964863-19967219","1696","19964863","19967219","2356"
"SL2.50ch00:19964870-19967190","1696","19964870","19967190","2320"
"SL2.50ch00:19980221-19981086","35","19980221","19981086","865"
"SL2.50ch00:19987617-19988611","123","19987617","19988611","994"
"SL2.50ch00:19987645-19989080","154","19987645","19989080","1435"
"SL2.50ch00:20025783-20028020","277","20025783","20028020","2237"
"SL2.50ch00:20087225-20087703","36","20087225","20087703","478"
"SL2.50ch00:20105564-20107750","197","20105564","20107750","2186"
"SL2.50ch00:20105628-20107558","174","20105628","20107558","1930"
"SL2.50ch00:20160648-20163226","1639","20160648","20163226","2578"
"SL2.50ch00:20160692-20163201","1639","20160692","20163201","2509"
"SL2.50ch00:20173631-20174283","35","20173631","20174283","652"
"SL2.50ch00:20292068-20292865","184","20292068","20292865","797"
"SL2.50ch00:20292093-20292795","178","20292093","20292795","702"
"SL2.50ch00:20365240-20366583","193","20365240","20366583","1343"
"SL2.50ch00:20415234-20416037","51","20415234","20416037","803"
"SL2.50ch00:20417264-20417769","33","20417264","20417769","505"
"SL2.50ch00:20426195-20428426","184","20426195","20428426","2231"
"SL2.50ch00:20470636-20471139","17","20470636","20471139","503"
"SL2.50ch00:20491758-20492380","132","20491758","20492380","622"
"SL2.50ch00:20492857-20493771","287","20492857","20493771","914"
"SL2.50ch00:20530312-20530643","47","20530312","20530643","331"
"SL2.50ch00:20605664-20606045","36","20605664","20606045","381"
"SL2.50ch00:20710222-20711351","72","20710222","20711351","1129"
"SL2.50ch00:20749078-20749459","310","20749078","20749459","381"
"SL2.50ch00:20749085-20749595","310","20749085","20749595","510"
"SL2.50ch00:20777915-20780000","235","20777915","20780000","2085"
"SL2.50ch00:20784793-20785193","17","20784793","20785193","400"
"SL2.50ch00:20830070-20830987","210","20830070","20830987","917"
"SL2.50ch00:20830166-20830861","209","20830166","20830861","695"
"SL2.50ch00:20831358-20832314","303","20831358","20832314","956"
"SL2.50ch00:20831457-20832301","300","20831457","20832301","844"
"SL2.50ch00:20864257-20866167","109","20864257","20866167","1910"
"SL2.50ch00:20878069-20879473","54","20878069","20879473","1404"
"SL2.50ch00:20882006-20884381","1489","20882006","20884381","2375"
"SL2.50ch00:20882048-20884353","1489","20882048","20884353","2305"
"SL2.50ch00:20907004-20907534","76","20907004","20907534","530"
"SL2.50ch00:20907083-20907697","74","20907083","20907697","614"
"SL2.50ch00:21044568-21045013","62","21044568","21045013","445"
"SL2.50ch00:21068476-21068953","41","21068476","21068953","477"
"SL2.50ch00:21113313-21114882","148","21113313","21114882","1569"
"SL2.50ch00:21116064-21116378","33","21116064","21116378","314"
"SL2.50ch00:21116185-21116516","38","21116185","21116516","331"
"SL2.50ch00:21135846-21136930","59","21135846","21136930","1084"
"SL2.50ch00:21146210-21148266","1341","21146210","21148266","2056"
"SL2.50ch00:21146244-21148246","1328","21146244","21148246","2002"
"SL2.50ch00:2114752-2115336","29","2114752","2115336","584"
"SL2.50ch00:21174982-21176828","109","21174982","21176828","1846"
"SL2.50ch00:21188120-21188524","36","21188120","21188524","404"
"SL2.50ch00:21199080-21203445","651","21199080","21203445","4365"
"SL2.50ch00:21199212-21203412","651","21199212","21203412","4200"
"SL2.50ch00:21261347-21262919","115","21261347","21262919","1572"
"SL2.50ch00:21271917-21273901","208","21271917","21273901","1984"
"SL2.50ch00:21287693-21289149","123","21287693","21289149","1456"
"SL2.50ch00:2128936-2129666","98","2128936","2129666","730"
"SL2.50ch00:21301637-21302041","32","21301637","21302041","404"
"SL2.50ch00:21320571-21320984","49","21320571","21320984","413"
"SL2.50ch00:21346162-21348020","127","21346162","21348020","1858"
"SL2.50ch00:21458967-21459934","385","21458967","21459934","967"
"SL2.50ch00:21458976-21460861","495","21458976","21460861","1885"
"SL2.50ch00:21460278-21460885","106","21460278","21460885","607"
"SL2.50ch00:21472624-21473911","136","21472624","21473911","1287"
"SL2.50ch00:2151051-2151649","81","2151051","2151649","598"
"SL2.50ch00:2152502-2153479","138","2152502","2153479","977"
"SL2.50ch00:21534232-21536466","2556","21534232","21536466","2234"
"SL2.50ch00:21534374-21536490","2557","21534374","21536490","2116"
"SL2.50ch00:21544960-21546933","396","21544960","21546933","1973"
"SL2.50ch00:21545013-21546964","396","21545013","21546964","1951"
"SL2.50ch00:21609090-21609930","679","21609090","21609930","840"
"SL2.50ch00:21609101-21610027","679","21609101","21610027","926"
"SL2.50ch00:21610769-21611150","72","21610769","21611150","381"
"SL2.50ch00:21610784-21611216","72","21610784","21611216","432"
"SL2.50ch00:2165685-2166066","59","2165685","2166066","381"
"SL2.50ch00:21691996-21694217","3249","21691996","21694217","2221"
"SL2.50ch00:21692076-21694771","3278","21692076","21694771","2695"
"SL2.50ch00:21702960-21704560","152","21702960","21704560","1600"
"SL2.50ch00:21723887-21725208","78","21723887","21725208","1321"
"SL2.50ch00:21747062-21748950","154","21747062","21748950","1888"
"SL2.50ch00:21751304-21752003","73","21751304","21752003","699"
"SL2.50ch00:21763937-21765897","267","21763937","21765897","1960"
"SL2.50ch00:21763942-21765934","267","21763942","21765934","1992"
"SL2.50ch00:21774466-21776406","165","21774466","21776406","1940"
"SL2.50ch00:2348479-2348971","50","2348479","2348971","492"
"SL2.50ch00:3299013-3299394","29","3299013","3299394","381"
"SL2.50ch00:4061651-4061982","39","4061651","4061982","331"
"SL2.50ch00:4157750-4160909","2570","4157750","4160909","3159"
"SL2.50ch00:4157756-4160945","2570","4157756","4160945","3189"
"SL2.50ch00:4161615-4164606","931","4161615","4164606","2991"
"SL2.50ch00:4161618-4164579","931","4161618","4164579","2961"
"SL2.50ch00:4167859-4177035","2523","4167859","4177035","9176"
"SL2.50ch00:4167874-4177035","2523","4167874","4177035","9161"
"SL2.50ch00:4276842-4277455","311","4276842","4277455","613"
"SL2.50ch00:4276842-4277479","312","4276842","4277479","637"
"SL2.50ch00:5616640-5620363","263","5616640","5620363","3723"
"SL2.50ch00:5633474-5633958","36","5633474","5633958","484"
"SL2.50ch00:5640469-5640850","30","5640469","5640850","381"
"SL2.50ch00:5642602-5643172","79","5642602","5643172","570"
"SL2.50ch00:5650451-5651372","85","5650451","5651372","921"
"SL2.50ch00:5663075-5664604","114","5663075","5664604","1529"
"SL2.50ch00:5670366-5671502","143","5670366","5671502","1136"
"SL2.50ch00:5678648-5680437","170","5678648","5680437","1789"
"SL2.50ch00:6997912-6998316","22","6997912","6998316","404"
"SL2.50ch00:7045751-7046155","32","7045751","7046155","404"
"SL2.50ch00:7101268-7101772","55","7101268","7101772","504"
"SL2.50ch00:7103674-7104919","96","7103674","7104919","1245"
"SL2.50ch00:7117855-7118835","84","7117855","7118835","980"
"SL2.50ch00:7128074-7128405","69","7128074","7128405","331"
"SL2.50ch00:7357050-7357431","35","7357050","7357431","381"
"SL2.50ch00:7367846-7369725","430","7367846","7369725","1879"
"SL2.50ch00:7367871-7369670","430","7367871","7369670","1799"
"SL2.50ch00:7371642-7372531","255","7371642","7372531","889"
"SL2.50ch00:7371688-7372642","255","7371688","7372642","954"
"SL2.50ch00:7383910-7384751","129","7383910","7384751","841"
"SL2.50ch00:7385175-7385556","24","7385175","7385556","381"
"SL2.50ch00:7398004-7398335","54","7398004","7398335","331"
"SL2.50ch00:7409757-7410235","45","7409757","7410235","478"
"SL2.50ch00:7411313-7411841","38","7411313","7411841","528"
"SL2.50ch00:7416677-7433620","3171","7416677","7433620","16943"
"SL2.50ch00:7439180-7440063","120","7439180","7440063","883"
"SL2.50ch00:7444731-7446486","82","7444731","7446486","1755"
"SL2.50ch00:7447128-7447722","47","7447128","7447722","594"
"SL2.50ch00:7450990-7452233","148","7450990","7452233","1243"
"SL2.50ch00:7471662-7472874","104","7471662","7472874","1212"
"SL2.50ch00:7473607-7476274","219","7473607","7476274","2667"
"SL2.50ch00:7480796-7482370","156","7480796","7482370","1574"
"SL2.50ch00:7483299-7486491","259","7483299","7486491","3192"
"SL2.50ch00:7489225-7489606","21","7489225","7489606","381"
"SL2.50ch00:7493647-7496794","271","7493647","7496794","3147"
"SL2.50ch00:7497691-7505701","650","7497691","7505701","8010"
"SL2.50ch00:7548540-7549016","18","7548540","7549016","476"
"SL2.50ch00:7579535-7579916","144","7579535","7579916","381"
"SL2.50ch00:7579537-7579941","144","7579537","7579941","404"
"SL2.50ch00:7656812-7660521","299","7656812","7660521","3709"
"SL2.50ch00:7661257-7666762","491","7661257","7666762","5505"
"SL2.50ch00:7671945-7672276","47","7671945","7672276","331"
"SL2.50ch00:7691363-7691814","42","7691363","7691814","451"
"SL2.50ch00:7721224-7722043","167","7721224","7722043","819"
"SL2.50ch00:7753861-7754192","40","7753861","7754192","331"
"SL2.50ch00:7759814-7760675","104","7759814","7760675","861"
"SL2.50ch00:7782569-7782900","40","7782569","7782900","331"
"SL2.50ch00:7785175-7785556","30","7785175","7785556","381"
"SL2.50ch00:7791369-7791750","18","7791369","7791750","381"
"SL2.50ch00:7799427-7805883","969","7799427","7805883","6456"
"SL2.50ch00:7806307-7806912","94","7806307","7806912","605"
"SL2.50ch00:7806334-7806780","94","7806334","7806780","446"
"SL2.50ch00:7809352-7810164","110","7809352","7810164","812"
"SL2.50ch00:7814409-7815341","104","7814409","7815341","932"
"SL2.50ch00:7818026-7820661","503","7818026","7820661","2635"
"SL2.50ch00:7828659-7840838","1251","7828659","7840838","12179"
"SL2.50ch00:7844700-7847495","336","7844700","7847495","2795"
"SL2.50ch00:7851343-7857107","669","7851343","7857107","5764"
"SL2.50ch00:7861042-7865109","361","7861042","7865109","4067"
"SL2.50ch00:7865595-7869991","353","7865595","7869991","4396"
"SL2.50ch00:7874473-7875566","101","7874473","7875566","1093"
"SL2.50ch00:7894339-7894918","52","7894339","7894918","579"
"SL2.50ch00:7908152-7909933","203","7908152","7909933","1781"
"SL2.50ch00:7920594-7921036","58","7920594","7921036","442"
"SL2.50ch00:7929686-7930805","88","7929686","7930805","1119"
"SL2.50ch00:7932993-7933496","35","7932993","7933496","503"
"SL2.50ch00:7955702-7956245","91","7955702","7956245","543"
"SL2.50ch00:7981894-7984640","319","7981894","7984640","2746"
"SL2.50ch00:7992280-7995772","500","7992280","7995772","3492"
"SL2.50ch00:7997050-7999590","362","7997050","7999590","2540"
"SL2.50ch00:8003805-8008288","435","8003805","8008288","4483"
"SL2.50ch00:8211969-8213519","104","8211969","8213519","1550"
"SL2.50ch00:8215981-8216312","65","8215981","8216312","331"
"SL2.50ch00:8220236-8221108","51","8220236","8221108","872"
"SL2.50ch00:8226836-8227347","79","8226836","8227347","511"
"SL2.50ch00:8239260-8240239","189","8239260","8240239","979"
"SL2.50ch00:8239286-8240213","185","8239286","8240213","927"
"SL2.50ch00:8248127-8248821","50","8248127","8248821","694"
"SL2.50ch00:8261022-8261479","47","8261022","8261479","457"
"SL2.50ch00:8272962-8273984","118","8272962","8273984","1022"
"SL2.50ch00:8274420-8274933","58","8274420","8274933","513"
"SL2.50ch00:8278002-8278581","57","8278002","8278581","579"
"SL2.50ch00:8289099-8290072","128","8289099","8290072","973"
"SL2.50ch00:8290565-8291088","22","8290565","8291088","523"
"SL2.50ch00:8308289-8309515","168","8308289","8309515","1226"
"SL2.50ch00:8316667-8317356","75","8316667","8317356","689"
"SL2.50ch00:8317943-8318944","84","8317943","8318944","1001"
"SL2.50ch00:8337579-8338281","73","8337579","8338281","702"
"SL2.50ch00:8352245-8353277","628","8352245","8353277","1032"
"SL2.50ch00:8364154-8364535","24","8364154","8364535","381"
"SL2.50ch00:8365619-8366000","27","8365619","8366000","381"
"SL2.50ch00:8373129-8374954","191","8373129","8374954","1825"
"SL2.50ch00:8390588-8391066","32","8390588","8391066","478"
"SL2.50ch00:8394886-8395764","110","8394886","8395764","878"
"SL2.50ch00:8397257-8398381","84","8397257","8398381","1124"
"SL2.50ch00:8404870-8407969","311","8404870","8407969","3099"
"SL2.50ch00:8408883-8412450","440","8408883","8412450","3567"
"SL2.50ch00:8594461-8594943","63","8594461","8594943","482"
"SL2.50ch00:8609823-8611996","293","8609823","8611996","2173"
"SL2.50ch00:8613794-8619779","641","8613794","8619779","5985"
"SL2.50ch00:8620573-8625297","509","8620573","8625297","4724"
"SL2.50ch00:8634190-8643955","1105","8634190","8643955","9765"
"SL2.50ch00:8665372-8665998","52","8665372","8665998","626"
"SL2.50ch00:8693413-8694710","102","8693413","8694710","1297"
"SL2.50ch00:8718576-8718907","35","8718576","8718907","331"
"SL2.50ch00:8733703-8734280","155","8733703","8734280","577"
"SL2.50ch00:8733739-8734376","161","8733739","8734376","637"
"SL2.50ch00:8949323-8950643","204","8949323","8950643","1320"
"SL2.50ch00:8951629-8952554","76","8951629","8952554","925"
"SL2.50ch00:8956889-8957937","124","8956889","8957937","1048"
"SL2.50ch00:8959158-8961918","367","8959158","8961918","2760"
"SL2.50ch00:8964673-8967254","298","8964673","8967254","2581"
"SL2.50ch00:8968434-8969133","94","8968434","8969133","699"
"SL2.50ch00:8976463-8979122","621","8976463","8979122","2659"
"SL2.50ch00:8976500-8979074","621","8976500","8979074","2574"
"SL2.50ch00:8985607-8990373","481","8985607","8990373","4766"
"SL2.50ch00:8991170-8996945","495","8991170","8996945","5775"
"SL2.50ch00:9002719-9008080","531","9002719","9008080","5361"
"SL2.50ch00:9015043-9015861","167","9015043","9015861","818"
"SL2.50ch00:9017163-9020271","374","9017163","9020271","3108"
"SL2.50ch00:9030190-9032107","287","9030190","9032107","1917"
"SL2.50ch00:9032873-9033452","30","9032873","9033452","579"
"SL2.50ch00:9039135-9039732","36","9039135","9039732","597"
"SL2.50ch00:9046200-9047902","384","9046200","9047902","1702"
"SL2.50ch00:9046202-9047927","384","9046202","9047927","1725"
"SL2.50ch00:9049667-9051611","523","9049667","9051611","1944"
"SL2.50ch00:9049687-9051617","523","9049687","9051617","1930"
"SL2.50ch00:9055419-9056439","151","9055419","9056439","1020"
"SL2.50ch00:9058057-9062380","1033","9058057","9062380","4323"
"SL2.50ch00:9058130-9062366","1028","9058130","9062366","4236"
"SL2.50ch00:9068652-9071643","513","9068652","9071643","2991"
"SL2.50ch00:9068669-9071580","513","9068669","9071580","2911"
"SL2.50ch00:9078238-9081468","548","9078238","9081468","3230"
"SL2.50ch00:9090020-9091344","238","9090020","9091344","1324"
"SL2.50ch00:9090129-9091328","237","9090129","9091328","1199"
"SL2.50ch00:9096399-9098580","173","9096399","9098580","2181"
"SL2.50ch00:9098778-9101782","194","9098778","9101782","3004"
"SL2.50ch00:9123049-9123430","14","9123049","9123430","381"
"SL2.50ch00:9149049-9149380","67","9149049","9149380","331"
"SL2.50ch00:9239301-9242365","302","9239301","9242365","3064"
"SL2.50ch00:9254842-9256563","187","9254842","9256563","1721"
"SL2.50ch00:9255016-9256573","181","9255016","9256573","1557"
"SL2.50ch00:9258981-9260290","160","9258981","9260290","1309"
"SL2.50ch00:9261209-9262659","180","9261209","9262659","1450"
"SL2.50ch00:9271913-9272294","50","9271913","9272294","381"
"SL2.50ch00:9337679-9338502","42","9337679","9338502","823"
"SL2.50ch00:9342636-9343189","83","9342636","9343189","553"
"SL2.50ch00:9366793-9367269","44","9366793","9367269","476"
"SL2.50ch00:9368011-9368406","51","9368011","9368406","395"
"SL2.50ch00:9369290-9370561","119","9369290","9370561","1271"
"SL2.50ch00:9395581-9395962","21","9395581","9395962","381"
"SL2.50ch00:9405622-9406110","42","9405622","9406110","488"
"SL2.50ch00:9407427-9409207","182","9407427","9409207","1780"
"SL2.50ch00:9411353-9417249","525","9411353","9417249","5896"
"SL2.50ch00:9418329-9422868","470","9418329","9422868","4539"
"SL2.50ch00:9423650-9427773","594","9423650","9427773","4123"
"SL2.50ch00:9432373-9435895","349","9432373","9435895","3522"
"SL2.50ch00:9438461-9438842","30","9438461","9438842","381"
"SL2.50ch00:9450109-9458110","865","9450109","9458110","8001"
"SL2.50ch00:9459722-9461061","154","9459722","9461061","1339"
"SL2.50ch00:9469117-9469704","86","9469117","9469704","587"
"SL2.50ch00:9469184-9469660","85","9469184","9469660","476"
"SL2.50ch00:9472299-9474303","220","9472299","9474303","2004"
"SL2.50ch00:9478102-9485702","756","9478102","9485702","7600"
"SL2.50ch00:9499085-9500608","112","9499085","9500608","1523"
"SL2.50ch00:9526293-9526787","57","9526293","9526787","494"
"SL2.50ch00:9563167-9565730","242","9563167","9565730","2563"
"SL2.50ch00:9570000-9571436","102","9570000","9571436","1436"
"SL2.50ch00:9571925-9573357","188","9571925","9573357","1432"
"SL2.50ch00:9574017-9574759","98","9574017","9574759","742"
"SL2.50ch00:9588332-9589715","192","9588332","9589715","1383"
"SL2.50ch00:9599366-9599921","93","9599366","9599921","555"
"SL2.50ch00:9601085-9601527","57","9601085","9601527","442"
"SL2.50ch00:9610173-9610782","109","9610173","9610782","609"
"SL2.50ch00:9619051-9619527","27","9619051","9619527","476"
"SL2.50ch00:9621309-9625027","338","9621309","9625027","3718"
"SL2.50ch00:9626034-9626852","104","9626034","9626852","818"
"SL2.50ch00:9627319-9628335","133","9627319","9628335","1016"
"SL2.50ch00:9629895-9630299","75","9629895","9630299","404"
"SL2.50ch00:9629917-9630298","75","9629917","9630298","381"
"SL2.50ch00:9722309-9729289","919","9722309","9729289","6980"
"SL2.50ch00:9753122-9755092","232","9753122","9755092","1970"
"SL2.50ch00:9757260-9760710","289","9757260","9760710","3450"
"SL2.50ch00:9771534-9776201","754","9771534","9776201","4667"
"SL2.50ch00:9781941-9782556","90","9781941","9782556","615"
"SL2.50ch00:9784250-9784845","54","9784250","9784845","595"
"SL2.50ch00:9788325-9788922","103","9788325","9788922","597"
"SL2.50ch00:9790477-9791122","69","9790477","9791122","645"
"SL2.50ch00:9794415-9796017","1254","9794415","9796017","1602"
"SL2.50ch00:9802137-9804804","355","9802137","9804804","2667"
"SL2.50ch00:9814132-9815563","137","9814132","9815563","1431"
"SL2.50ch00:9819957-9820446","36","9819957","9820446","489"
"SL2.50ch00:9834856-9836719","385","9834856","9836719","1863"
"SL2.50ch00:9834870-9836717","385","9834870","9836717","1847"
"SL2.50ch00:9837981-9839049","166","9837981","9839049","1068"
"SL2.50ch00:9855831-9856465","22","9855831","9856465","634"
"SL2.50ch00:9858531-9858862","58","9858531","9858862","331"
"SL2.50ch00:9862095-9862680","108","9862095","9862680","585"
"SL2.50ch00:9864934-9865951","46","9864934","9865951","1017"
"SL2.50ch00:9880761-9881168","49","9880761","9881168","407"
"SL2.50ch00:9954134-9960010","581","9954134","9960010","5876"
"SL2.50ch00:9963927-9971391","624","9963927","9971391","7464"
"SL2.50ch00:9972941-9982190","1084","9972941","9982190","9249"
"SL2.50ch00:9983433-9987686","499","9983433","9987686","4253"
"SL2.50ch00:9990143-9993954","444","9990143","9993954","3811"
"SL2.50ch00:9998705-10002129","390","9998705","10002129","3424"
"SL2.50ch01:11458478-11458882","22","11458478","11458882","404"
"SL2.50ch01:1333605-1333936","37","1333605","1333936","331"
"SL2.50ch01:14955668-14956176","35","14955668","14956176","508"
"SL2.50ch01:15605509-15606315","147","15605509","15606315","806"
"SL2.50ch01:15605583-15606193","145","15605583","15606193","610"
"SL2.50ch01:1627796-1628204","77","1627796","1628204","408"
"SL2.50ch01:1627802-1628244","78","1627802","1628244","442"
"SL2.50ch01:18123312-18123806","16","18123312","18123806","494"
"SL2.50ch01:1839633-1903351","908829","1839633","1903351","63718"
"SL2.50ch01:1839799-1903298","908827","1839799","1903298","63499"
"SL2.50ch01:18654278-18654759","40","18654278","18654759","481"
"SL2.50ch01:20263642-20264023","10","20263642","20264023","381"
"SL2.50ch01:22522140-22522710","71","22522140","22522710","570"
"SL2.50ch01:22596207-22597081","89","22596207","22597081","874"
"SL2.50ch01:22596263-22597008","89","22596263","22597008","745"
"SL2.50ch01:23874904-23875672","68","23874904","23875672","768"
"SL2.50ch01:23874966-23875520","46","23874966","23875520","554"
"SL2.50ch01:23892238-23892823","14","23892238","23892823","585"
"SL2.50ch01:23934743-23935506","283","23934743","23935506","763"
"SL2.50ch01:23934748-23939734","1001","23934748","23939734","4986"
"SL2.50ch01:23935933-23937367","508","23935933","23937367","1434"
"SL2.50ch01:23937759-23938302","81","23937759","23938302","543"
"SL2.50ch01:23939235-23939566","61","23939235","23939566","331"
"SL2.50ch01:23941132-23943641","2631","23941132","23943641","2509"
"SL2.50ch01:23941250-23943069","2595","23941250","23943069","1819"
"SL2.50ch01:23952360-23953431","105","23952360","23953431","1071"
"SL2.50ch01:23964499-23964830","58","23964499","23964830","331"
"SL2.50ch01:23965493-23966287","725","23965493","23966287","794"
"SL2.50ch01:23965531-23966303","725","23965531","23966303","772"
"SL2.50ch01:24228623-24229100","59","24228623","24229100","477"
"SL2.50ch01:24233748-24236055","190","24233748","24236055","2307"
"SL2.50ch01:24233801-24235923","188","24233801","24235923","2122"
"SL2.50ch01:25453551-25453932","32","25453551","25453932","381"
"SL2.50ch01:26706804-26707135","42","26706804","26707135","331"
"SL2.50ch01:27417571-27417952","211","27417571","27417952","381"
"SL2.50ch01:27884780-27885588","129","27884780","27885588","808"
"SL2.50ch01:27884839-27885443","125","27884839","27885443","604"
"SL2.50ch01:28719574-28719905","39","28719574","28719905","331"
"SL2.50ch01:31877343-31877674","54","31877343","31877674","331"
"SL2.50ch01:32158559-32158989","59","32158559","32158989","430"
"SL2.50ch01:35397387-35397768","33","35397387","35397768","381"
"SL2.50ch01:36875461-36876083","40","36875461","36876083","622"
"SL2.50ch01:36888496-36896597","1466","36888496","36896597","8101"
"SL2.50ch01:36888528-36896680","1468","36888528","36896680","8152"
"SL2.50ch01:36950541-36950872","45","36950541","36950872","331"
"SL2.50ch01:36985947-36988070","623","36985947","36988070","2123"
"SL2.50ch01:39121305-39123184","239","39121305","39123184","1879"
"SL2.50ch01:39123633-39124598","56","39123633","39124598","965"
"SL2.50ch01:39132531-39133845","405","39132531","39133845","1314"
"SL2.50ch01:39132587-39133511","370","39132587","39133511","924"
"SL2.50ch01:39135383-39136962","287","39135383","39136962","1579"
"SL2.50ch01:39137335-39138333","157","39137335","39138333","998"
"SL2.50ch01:39769240-39770437","153","39769240","39770437","1197"
"SL2.50ch01:39769398-39770139","134","39769398","39770139","741"
"SL2.50ch01:40523723-40524199","29","40523723","40524199","476"
"SL2.50ch01:40903454-40903835","25","40903454","40903835","381"
"SL2.50ch01:41729423-41731299","171","41729423","41731299","1876"
"SL2.50ch01:41729508-41731215","171","41729508","41731215","1707"
"SL2.50ch01:41733234-41733827","44","41733234","41733827","593"
"SL2.50ch01:41734282-41734663","27","41734282","41734663","381"
"SL2.50ch01:41753105-41753553","46","41753105","41753553","448"
"SL2.50ch01:42362393-42362883","23","42362393","42362883","490"
"SL2.50ch01:43039497-43039883","243","43039497","43039883","386"
"SL2.50ch01:43647892-43648464","199","43647892","43648464","572"
"SL2.50ch01:43647919-43648405","199","43647919","43648405","486"
"SL2.50ch01:43779509-43779840","35","43779509","43779840","331"
"SL2.50ch01:44088990-44089371","17","44088990","44089371","381"
"SL2.50ch01:44093384-44094080","45","44093384","44094080","696"
"SL2.50ch01:44467103-44467591","40","44467103","44467591","488"
"SL2.50ch01:44528790-44530874","215","44528790","44530874","2084"
"SL2.50ch01:44531920-44532301","14","44531920","44532301","381"
"SL2.50ch01:44610177-44610661","23","44610177","44610661","484"
"SL2.50ch01:44654861-44657190","115","44654861","44657190","2329"
"SL2.50ch01:44706862-44707193","41","44706862","44707193","331"
"SL2.50ch01:44757077-44758026","103","44757077","44758026","949"
"SL2.50ch01:44757085-44758009","99","44757085","44758009","924"
"SL2.50ch01:44787696-44789005","81","44787696","44789005","1309"
"SL2.50ch01:44790727-44791309","40","44790727","44791309","582"
"SL2.50ch01:44799367-44801189","119","44799367","44801189","1822"
"SL2.50ch01:44815432-44816107","60","44815432","44816107","675"
"SL2.50ch01:44821828-44822517","53","44821828","44822517","689"
"SL2.50ch01:44830447-44831700","124","44830447","44831700","1253"
"SL2.50ch01:44835583-44836248","67","44835583","44836248","665"
"SL2.50ch01:44835607-44836280","69","44835607","44836280","673"
"SL2.50ch01:44843039-44843522","22","44843039","44843522","483"
"SL2.50ch01:44860997-44861575","46","44860997","44861575","578"
"SL2.50ch01:44881671-44882093","48","44881671","44882093","422"
"SL2.50ch01:44914556-44915097","33","44914556","44915097","541"
"SL2.50ch01:44921668-44922273","55","44921668","44922273","605"
"SL2.50ch01:44946354-44946735","18","44946354","44946735","381"
"SL2.50ch01:44981212-44982326","109","44981212","44982326","1114"
"SL2.50ch01:44981256-44982262","106","44981256","44982262","1006"
"SL2.50ch01:44982919-44986729","337","44982919","44986729","3810"
"SL2.50ch01:44994737-44995068","38","44994737","44995068","331"
"SL2.50ch01:45009206-45009799","1311","45009206","45009799","593"
"SL2.50ch01:45009246-45009813","1311","45009246","45009813","567"
"SL2.50ch01:45271272-45271996","78","45271272","45271996","724"
"SL2.50ch01:45276944-45277463","71","45276944","45277463","519"
"SL2.50ch01:45786008-45786339","31","45786008","45786339","331"
"SL2.50ch01:48286870-48287201","38","48286870","48287201","331"
"SL2.50ch01:51091098-51091429","36","51091098","51091429","331"
"SL2.50ch01:5240590-5240921","84","5240590","5240921","331"
"SL2.50ch01:53020786-53021273","16","53020786","53021273","487"
"SL2.50ch01:5319851-5322326","202","5319851","5322326","2475"
"SL2.50ch01:53294157-53294555","52","53294157","53294555","398"
"SL2.50ch01:53321430-53321927","58","53321430","53321927","497"
"SL2.50ch01:53328203-53328584","33","53328203","53328584","381"
"SL2.50ch01:53392195-53392852","1274","53392195","53392852","657"
"SL2.50ch01:53392227-53392832","1273","53392227","53392832","605"
"SL2.50ch01:53476716-53477201","19","53476716","53477201","485"
"SL2.50ch01:53507603-53507984","14","53507603","53507984","381"
"SL2.50ch01:54529003-54529517","70","54529003","54529517","514"
"SL2.50ch01:54964667-54965302","49","54964667","54965302","635"
"SL2.50ch01:55578885-55580294","392","55578885","55580294","1409"
"SL2.50ch01:55579459-55580281","381","55579459","55580281","822"
"SL2.50ch01:56092195-56092526","73","56092195","56092526","331"
"SL2.50ch01:56249140-56249692","452","56249140","56249692","552"
"SL2.50ch01:56249191-56249695","452","56249191","56249695","504"
"SL2.50ch01:56268229-56268560","43","56268229","56268560","331"
"SL2.50ch01:57183190-57183893","169","57183190","57183893","703"
"SL2.50ch01:57183302-57183748","165","57183302","57183748","446"
"SL2.50ch01:59207046-59207706","105","59207046","59207706","660"
"SL2.50ch01:59207067-59207653","99","59207067","59207653","586"
"SL2.50ch01:5969794-5970125","53","5969794","5970125","331"
"SL2.50ch01:59811765-59812268","12","59811765","59812268","503"
"SL2.50ch01:59925016-59925397","25","59925016","59925397","381"
"SL2.50ch01:60203089-60203470","26","60203089","60203470","381"
"SL2.50ch01:60368301-60368894","17","60368301","60368894","593"
"SL2.50ch01:60369273-60370381","117","60369273","60370381","1108"
"SL2.50ch01:60369363-60370299","113","60369363","60370299","936"
"SL2.50ch01:60876741-60878784","296","60876741","60878784","2043"
"SL2.50ch01:60876808-60878696","296","60876808","60878696","1888"
"SL2.50ch01:61418930-61419311","18","61418930","61419311","381"
"SL2.50ch01:61861812-61862416","190","61861812","61862416","604"
"SL2.50ch01:61862024-61862416","170","61862024","61862416","392"
"SL2.50ch01:61983838-61984471","45","61983838","61984471","633"
"SL2.50ch01:62189554-62191710","171","62189554","62191710","2156"
"SL2.50ch01:62189644-62190491","109","62189644","62190491","847"
"SL2.50ch01:63514700-63515104","34","63514700","63515104","404"
"SL2.50ch01:63631337-63631718","18","63631337","63631718","381"
"SL2.50ch01:63798121-63798929","102","63798121","63798929","808"
"SL2.50ch01:63800218-63800840","46","63800218","63800840","622"
"SL2.50ch01:63800335-63800716","36","63800335","63800716","381"
"SL2.50ch01:63802373-63803524","86","63802373","63803524","1151"
"SL2.50ch01:63802467-63803487","83","63802467","63803487","1020"
"SL2.50ch01:64585497-64585988","71","64585497","64585988","491"
"SL2.50ch01:64585607-64585938","65","64585607","64585938","331"
"SL2.50ch01:64640123-64640584","196","64640123","64640584","461"
"SL2.50ch01:64824499-64824830","51","64824499","64824830","331"
"SL2.50ch01:65150074-65150455","15","65150074","65150455","381"
"SL2.50ch01:65151039-65151567","23","65151039","65151567","528"
"SL2.50ch01:65152349-65153034","61","65152349","65153034","685"
"SL2.50ch01:65152378-65152953","60","65152378","65152953","575"
"SL2.50ch01:65651771-65652420","1229","65651771","65652420","649"
"SL2.50ch01:65651851-65652388","1227","65651851","65652388","537"
"SL2.50ch01:65923152-65923483","48","65923152","65923483","331"
"SL2.50ch01:66008980-66011338","174","66008980","66011338","2358"
"SL2.50ch01:66013156-66014283","88","66013156","66014283","1127"
"SL2.50ch01:66013167-66014271","87","66013167","66014271","1104"
"SL2.50ch01:66014871-66016094","127","66014871","66016094","1223"
"SL2.50ch01:66014873-66016068","127","66014873","66016068","1195"
"SL2.50ch01:66433502-66434215","88","66433502","66434215","713"
"SL2.50ch01:66433506-66434095","87","66433506","66434095","589"
"SL2.50ch01:67724905-67725308","43","67724905","67725308","403"
"SL2.50ch01:69689806-69690539","31","69689806","69690539","733"
"SL2.50ch01:69749012-69749393","12","69749012","69749393","381"
"SL2.50ch01:7029754-7030489","346","7029754","7030489","735"
"SL2.50ch01:7029756-7030764","351","7029756","7030764","1008"
"SL2.50ch01:7080465-7081931","96","7080465","7081931","1466"
"SL2.50ch01:7080467-7082059","102","7080467","7082059","1592"
"SL2.50ch01:72633577-72634315","232","72633577","72634315","738"
"SL2.50ch01:72633594-72634284","231","72633594","72634284","690"
"SL2.50ch01:73893700-73894081","37","73893700","73894081","381"
"SL2.50ch01:76143227-76143705","117","76143227","76143705","478"
"SL2.50ch01:76143301-76143794","116","76143301","76143794","493"
"SL2.50ch01:76743963-76744344","94","76743963","76744344","381"
"SL2.50ch01:77179128-77179727","14","77179128","77179727","599"
"SL2.50ch01:77501278-77502364","68","77501278","77502364","1086"
"SL2.50ch01:77501328-77502394","66","77501328","77502394","1066"
"SL2.50ch01:77505676-77506654","141","77505676","77506654","978"
"SL2.50ch01:77533691-77534343","68","77533691","77534343","652"
"SL2.50ch01:77533811-77534373","68","77533811","77534373","562"
"SL2.50ch01:78119763-78120315","69","78119763","78120315","552"
"SL2.50ch01:78119806-78120283","69","78119806","78120283","477"
"SL2.50ch01:80499781-80500543","27","80499781","80500543","762"
"SL2.50ch01:81744183-81744564","2","81744183","81744564","381"
"SL2.50ch01:82435930-82436624","159","82435930","82436624","694"
"SL2.50ch01:82436081-82436557","159","82436081","82436557","476"
"SL2.50ch01:82806773-82807407","60","82806773","82807407","634"
"SL2.50ch01:82806852-82807233","55","82806852","82807233","381"
"SL2.50ch01:84251043-84251523","43","84251043","84251523","480"
"SL2.50ch01:84251073-84251675","48","84251073","84251675","602"
"SL2.50ch01:84679602-84679985","107","84679602","84679985","383"
"SL2.50ch01:84679623-84680027","107","84679623","84680027","404"
"SL2.50ch01:84936641-84937409","82","84936641","84937409","768"
"SL2.50ch01:84936740-84937321","80","84936740","84937321","581"
"SL2.50ch01:85496822-85497632","97","85496822","85497632","810"
"SL2.50ch01:85505495-85506453","97","85505495","85506453","958"
"SL2.50ch01:86035460-86035841","162","86035460","86035841","381"
"SL2.50ch01:86035470-86035891","163","86035470","86035891","421"
"SL2.50ch01:87072429-87072760","376","87072429","87072760","331"
"SL2.50ch01:8745060-8745391","43","8745060","8745391","331"
"SL2.50ch01:88104737-88105141","166","88104737","88105141","404"
"SL2.50ch01:88104760-88105141","166","88104760","88105141","381"
"SL2.50ch01:9006265-9006884","881","9006265","9006884","619"
"SL2.50ch01:90133369-90133970","524","90133369","90133970","601"
"SL2.50ch01:90133382-90134008","524","90133382","90134008","626"
"SL2.50ch01:91495632-91496119","1023","91495632","91496119","487"
"SL2.50ch01:91495700-91496155","1015","91495700","91496155","455"
"SL2.50ch01:92021042-92021481","77","92021042","92021481","439"
"SL2.50ch01:92021077-92021560","77","92021077","92021560","483"
"SL2.50ch01:93670610-93671740","353","93670610","93671740","1130"
"SL2.50ch01:93670622-93671737","351","93670622","93671737","1115"
"SL2.50ch01:95967789-95968120","63","95967789","95968120","331"
"SL2.50ch01:96868512-96870416","538","96868512","96870416","1904"
"SL2.50ch01:96868535-96870495","538","96868535","96870495","1960"
"SL2.50ch01:96871050-96871716","137","96871050","96871716","666"
"SL2.50ch01:96871112-96871662","137","96871112","96871662","550"
"SL2.50ch01:98472724-98473480","77","98472724","98473480","756"
"SL2.50ch01:98472911-98473612","82","98472911","98473612","701"
"SL2.50ch01:98477499-98477880","39","98477499","98477880","381"
"SL2.50ch01:98480524-98480981","87","98480524","98480981","457"
"SL2.50ch01:98481412-98482215","49","98481412","98482215","803"
"SL2.50ch01:98483865-98484651","72","98483865","98484651","786"
"SL2.50ch01:98484076-98484616","68","98484076","98484616","540"
"SL2.50ch01:98485517-98485911","52","98485517","98485911","394"
"SL2.50ch01:98486289-98487292","111","98486289","98487292","1003"
"SL2.50ch01:98488591-98489679","53","98488591","98489679","1088"
"SL2.50ch01:98492353-98492828","27","98492353","98492828","475"
"SL2.50ch01:98497780-98499222","70","98497780","98499222","1442"
"SL2.50ch01:98497809-98499117","69","98497809","98499117","1308"
"SL2.50ch01:98501332-98501762","48","98501332","98501762","430"
"SL2.50ch01:98502853-98505157","202","98502853","98505157","2304"
"SL2.50ch01:98502942-98504832","202","98502942","98504832","1890"
"SL2.50ch01:98506801-98507467","35","98506801","98507467","666"
"SL2.50ch01:98510382-98510893","63","98510382","98510893","511"
"SL2.50ch01:98530565-98530946","36","98530565","98530946","381"
"SL2.50ch01:98534666-98535190","63","98534666","98535190","524"
"SL2.50ch01:98534700-98535176","63","98534700","98535176","476"
"SL2.50ch02:12829609-12830132","55","12829609","12830132","523"
"SL2.50ch02:12836089-12838255","176","12836089","12838255","2166"
"SL2.50ch02:12839260-12844314","363","12839260","12844314","5054"
"SL2.50ch02:12845287-12847581","182","12845287","12847581","2294"
"SL2.50ch02:12850240-12857594","605","12850240","12857594","7354"
"SL2.50ch02:12859332-12864932","607","12859332","12864932","5600"
"SL2.50ch02:12866874-12868146","117","12866874","12868146","1272"
"SL2.50ch02:12867016-12868053","111","12867016","12868053","1037"
"SL2.50ch02:12883728-12884393","61","12883728","12884393","665"
"SL2.50ch02:12887543-12888578","169","12887543","12888578","1035"
"SL2.50ch02:12918392-12919241","83","12918392","12919241","849"
"SL2.50ch02:12971061-12972855","173","12971061","12972855","1794"
"SL2.50ch02:12993663-12995536","168","12993663","12995536","1873"
"SL2.50ch02:13002579-13003837","172","13002579","13003837","1258"
"SL2.50ch02:13773265-13773884","18","13773265","13773884","619"
"SL2.50ch02:13775574-13775995","56","13775574","13775995","421"
"SL2.50ch02:13775666-13775997","56","13775666","13775997","331"
"SL2.50ch02:13779183-13780814","591","13779183","13780814","1631"
"SL2.50ch02:13784653-13786368","605","13784653","13786368","1715"
"SL2.50ch02:13787338-13787905","259","13787338","13787905","567"
"SL2.50ch02:13787398-13787830","255","13787398","13787830","432"
"SL2.50ch02:13788336-13788667","46","13788336","13788667","331"
"SL2.50ch02:13823623-13824558","134","13823623","13824558","935"
"SL2.50ch02:13823686-13824265","132","13823686","13824265","579"
"SL2.50ch02:13827287-13830147","883","13827287","13830147","2860"
"SL2.50ch02:13830918-13833224","1271","13830918","13833224","2306"
"SL2.50ch02:13831037-13833217","1271","13831037","13833217","2180"
"SL2.50ch02:13874890-13879485","401","13874890","13879485","4595"
"SL2.50ch02:15331721-15332318","162","15331721","15332318","597"
"SL2.50ch02:15331783-15332301","157","15331783","15332301","518"
"SL2.50ch02:17880687-17881091","149","17880687","17881091","404"
"SL2.50ch02:17880688-17881069","149","17880688","17881069","381"
"SL2.50ch02:17882138-17882864","661","17882138","17882864","726"
"SL2.50ch02:17882156-17882923","661","17882156","17882923","767"
"SL2.50ch02:19051081-19051687","62","19051081","19051687","606"
"SL2.50ch02:19051097-19051615","61","19051097","19051615","518"
"SL2.50ch02:19066183-19066514","44","19066183","19066514","331"
"SL2.50ch02:19905211-19906846","184","19905211","19906846","1635"
"SL2.50ch02:19909800-19910323","22","19909800","19910323","523"
"SL2.50ch02:20737373-20738019","120","20737373","20738019","646"
"SL2.50ch02:20737437-20737936","118","20737437","20737936","499"
"SL2.50ch02:2190847-2191262","75","2190847","2191262","415"
"SL2.50ch02:22601433-22602119","53","22601433","22602119","686"
"SL2.50ch02:23287429-23287833","87","23287429","23287833","404"
"SL2.50ch02:23287478-23287870","89","23287478","23287870","392"
"SL2.50ch02:23767720-23768631","217","23767720","23768631","911"
"SL2.50ch02:23768011-23768606","205","23768011","23768606","595"
"SL2.50ch02:24414076-24414457","7","24414076","24414457","381"
"SL2.50ch02:24490793-24495381","3663","24490793","24495381","4588"
"SL2.50ch02:24490875-24495357","3663","24490875","24495357","4482"
"SL2.50ch02:24495822-24496616","566","24495822","24496616","794"
"SL2.50ch02:24495838-24496627","565","24495838","24496627","789"
"SL2.50ch02:24497847-24498453","214","24497847","24498453","606"
"SL2.50ch02:24497872-24498348","213","24497872","24498348","476"
"SL2.50ch02:24507100-24507673","241","24507100","24507673","573"
"SL2.50ch02:24507156-24507711","241","24507156","24507711","555"
"SL2.50ch02:24512859-24514476","1719","24512859","24514476","1617"
"SL2.50ch02:24512867-24514509","1719","24512867","24514509","1642"
"SL2.50ch02:24531766-24533080","1096","24531766","24533080","1314"
"SL2.50ch02:24531811-24533117","1098","24531811","24533117","1306"
"SL2.50ch02:24850228-24850639","47","24850228","24850639","411"
"SL2.50ch02:24948053-24951171","156","24948053","24951171","3118"
"SL2.50ch02:24978476-24978986","25","24978476","24978986","510"
"SL2.50ch02:24987144-24988110","71","24987144","24988110","966"
"SL2.50ch02:24999075-24999406","41","24999075","24999406","331"
"SL2.50ch02:25003025-25006388","204","25003025","25006388","3363"
"SL2.50ch02:25015526-25016734","75","25015526","25016734","1208"
"SL2.50ch02:25022033-25022414","8","25022033","25022414","381"
"SL2.50ch02:26874689-26875105","66","26874689","26875105","416"
"SL2.50ch02:2908928-2909609","327","2908928","2909609","681"
"SL2.50ch02:2908986-2909736","325","2908986","2909736","750"
"SL2.50ch02:30278226-30278703","51","30278226","30278703","477"
"SL2.50ch02:30278278-30278682","50","30278278","30278682","404"
"SL2.50ch02:30497802-30498183","301","30497802","30498183","381"
"SL2.50ch02:31141816-31142341","27","31141816","31142341","525"
"SL2.50ch02:31406371-31406949","31","31406371","31406949","578"
"SL2.50ch02:32942115-32942594","26","32942115","32942594","479"
"SL2.50ch02:32942122-32942503","23","32942122","32942503","381"
"SL2.50ch02:32963117-32963498","60","32963117","32963498","381"
"SL2.50ch02:32973574-32973905","47","32973574","32973905","331"
"SL2.50ch02:32973617-32974123","59","32973617","32974123","506"
"SL2.50ch02:32976656-32977061","64","32976656","32977061","405"
"SL2.50ch02:32984562-32984978","53","32984562","32984978","416"
"SL2.50ch02:33077633-33077947","21","33077633","33077947","314"
"SL2.50ch02:36472031-36472412","20","36472031","36472412","381"
"SL2.50ch02:36474435-36479246","566","36474435","36479246","4811"
"SL2.50ch02:36474509-36478841","542","36474509","36478841","4332"
"SL2.50ch02:36945306-36945687","21","36945306","36945687","381"
"SL2.50ch02:37743077-37743458","335","37743077","37743458","381"
"SL2.50ch02:37743115-37743429","335","37743115","37743429","314"
"SL2.50ch02:38735776-38736107","38","38735776","38736107","331"
"SL2.50ch02:39031505-39031909","36","39031505","39031909","404"
"SL2.50ch02:39033808-39034637","59","39033808","39034637","829"
"SL2.50ch02:39033861-39034488","53","39033861","39034488","627"
"SL2.50ch02:41500703-41501189","101","41500703","41501189","486"
"SL2.50ch02:41500770-41501174","101","41500770","41501174","404"
"SL2.50ch02:41740526-41746005","455","41740526","41746005","5479"
"SL2.50ch02:41742793-41747605","412","41742793","41747605","4812"
"SL2.50ch02:41747630-41749102","119","41747630","41749102","1472"
"SL2.50ch02:41958508-41958839","102","41958508","41958839","331"
"SL2.50ch02:44549133-44549754","2749","44549133","44549754","621"
"SL2.50ch02:44549141-44549732","2749","44549141","44549732","591"
"SL2.50ch02:44818399-44819146","4559","44818399","44819146","747"
"SL2.50ch02:44818552-44819123","4557","44818552","44819123","571"
"SL2.50ch02:45016484-45016815","47","45016484","45016815","331"
"SL2.50ch02:45768024-45768355","43","45768024","45768355","331"
"SL2.50ch02:47573514-47573845","37","47573514","47573845","331"
"SL2.50ch02:47588308-47588712","20","47588308","47588712","404"
"SL2.50ch02:47694739-47695070","55","47694739","47695070","331"
"SL2.50ch02:48371660-48372144","96","48371660","48372144","484"
"SL2.50ch02:48371716-48372177","95","48371716","48372177","461"
"SL2.50ch02:48732997-48733856","94","48732997","48733856","859"
"SL2.50ch02:48733190-48733850","78","48733190","48733850","660"
"SL2.50ch02:49313147-49313478","39","49313147","49313478","331"
"SL2.50ch02:49904154-49904808","50","49904154","49904808","654"
"SL2.50ch02:49904278-49904659","46","49904278","49904659","381"
"SL2.50ch02:51682010-51682391","77","51682010","51682391","381"
"SL2.50ch02:51682021-51682425","77","51682021","51682425","404"
"SL2.50ch02:5181503-5181884","32","5181503","5181884","381"
"SL2.50ch02:52487696-52488109","54","52487696","52488109","413"
"SL2.50ch02:52487726-52488168","57","52487726","52488168","442"
"SL2.50ch02:53630270-53630674","97","53630270","53630674","404"
"SL2.50ch02:53630278-53630659","97","53630278","53630659","381"
"SL2.50ch02:61080-61962","40","61080","61962","882"
"SL2.50ch02:6346252-6346737","92","6346252","6346737","485"
"SL2.50ch02:6346354-6346685","85","6346354","6346685","331"
"SL2.50ch02:6347850-6348384","57","6347850","6348384","534"
"SL2.50ch02:8193589-8193920","75","8193589","8193920","331"
"SL2.50ch02:8462188-8462569","29","8462188","8462569","381"
"SL2.50ch02:8892026-8893262","71","8892026","8893262","1236"
"SL2.50ch02:9251199-9251834","354","9251199","9251834","635"
"SL2.50ch02:9324555-9324936","11","9324555","9324936","381"
"SL2.50ch02:9407238-9419280","1501","9407238","9419280","12042"
"SL2.50ch02:9423880-9427239","388","9423880","9427239","3359"
"SL2.50ch02:9522461-9523269","43","9522461","9523269","808"
"SL2.50ch03:1058317-1058710","63","1058317","1058710","393"
"SL2.50ch03:1058318-1058722","63","1058318","1058722","404"
"SL2.50ch03:11745710-11748231","218","11745710","11748231","2521"
"SL2.50ch03:12705966-12706508","65","12705966","12706508","542"
"SL2.50ch03:13311547-13311928","27","13311547","13311928","381"
"SL2.50ch03:13318242-13320196","247","13318242","13320196","1954"
"SL2.50ch03:13345110-13345650","90","13345110","13345650","540"
"SL2.50ch03:13346186-13346662","51","13346186","13346662","476"
"SL2.50ch03:13361771-13363248","213","13361771","13363248","1477"
"SL2.50ch03:13361894-13363260","213","13361894","13363260","1366"
"SL2.50ch03:13366641-13367356","79","13366641","13367356","715"
"SL2.50ch03:13366659-13367442","80","13366659","13367442","783"
"SL2.50ch03:13368063-13372304","519","13368063","13372304","4241"
"SL2.50ch03:15952973-15954262","206","15952973","15954262","1289"
"SL2.50ch03:15955771-15957606","286","15955771","15957606","1835"
"SL2.50ch03:15955780-15957531","286","15955780","15957531","1751"
"SL2.50ch03:15958712-15960873","290","15958712","15960873","2161"
"SL2.50ch03:15958762-15960717","278","15958762","15960717","1955"
"SL2.50ch03:1596313-1596727","72","1596313","1596727","414"
"SL2.50ch03:15969035-15969863","525","15969035","15969863","828"
"SL2.50ch03:15969117-15970109","526","15969117","15970109","992"
"SL2.50ch03:15971446-15973065","443","15971446","15973065","1619"
"SL2.50ch03:15971661-15973115","428","15971661","15973115","1454"
"SL2.50ch03:15974113-15977441","952","15974113","15977441","3328"
"SL2.50ch03:15974260-15974674","87","15974260","15974674","414"
"SL2.50ch03:15975126-15977534","851","15975126","15977534","2408"
"SL2.50ch03:16158911-16159242","35","16158911","16159242","331"
"SL2.50ch03:16290483-16291380","105","16290483","16291380","897"
"SL2.50ch03:16781741-16782486","23","16781741","16782486","745"
"SL2.50ch03:16813615-16814156","121","16813615","16814156","541"
"SL2.50ch03:16813701-16814086","118","16813701","16814086","385"
"SL2.50ch03:16988842-16989467","88","16988842","16989467","625"
"SL2.50ch03:16988892-16989402","88","16988892","16989402","510"
"SL2.50ch03:18337424-18337805","29","18337424","18337805","381"
"SL2.50ch03:19264433-19265103","51","19264433","19265103","670"
"SL2.50ch03:19264699-19265080","42","19264699","19265080","381"
"SL2.50ch03:19394226-19394607","15","19394226","19394607","381"
"SL2.50ch03:1949080-1949567","50","1949080","1949567","487"
"SL2.50ch03:19647429-19647810","10","19647429","19647810","381"
"SL2.50ch03:19922927-19923406","8","19922927","19923406","479"
"SL2.50ch03:20510356-20510926","76","20510356","20510926","570"
"SL2.50ch03:20510518-20510906","74","20510518","20510906","388"
"SL2.50ch03:21396540-21396921","34","21396540","21396921","381"
"SL2.50ch03:21452593-21452974","22","21452593","21452974","381"
"SL2.50ch03:22923133-22923817","25","22923133","22923817","684"
"SL2.50ch03:22923320-22923701","21","22923320","22923701","381"
"SL2.50ch03:23694487-23695402","753","23694487","23695402","915"
"SL2.50ch03:23694570-23695391","753","23694570","23695391","821"
"SL2.50ch03:23696853-23697416","304","23696853","23697416","563"
"SL2.50ch03:23696863-23697427","304","23696863","23697427","564"
"SL2.50ch03:24533819-24534239","38","24533819","24534239","420"
"SL2.50ch03:25795003-25795664","998","25795003","25795664","661"
"SL2.50ch03:25795086-25795500","993","25795086","25795500","414"
"SL2.50ch03:29000823-29001154","37","29000823","29001154","331"
"SL2.50ch03:29749990-29750798","49","29749990","29750798","808"
"SL2.50ch03:30365258-30370045","2586","30365258","30370045","4787"
"SL2.50ch03:30365362-30369911","2584","30365362","30369911","4549"
"SL2.50ch03:30882310-30882641","56","30882310","30882641","331"
"SL2.50ch03:31622139-31623807","239","31622139","31623807","1668"
"SL2.50ch03:3174764-3175236","80","3174764","3175236","472"
"SL2.50ch03:3174801-3175182","80","3174801","3175182","381"
"SL2.50ch03:32171053-32172261","2028","32171053","32172261","1208"
"SL2.50ch03:32171158-32172318","2027","32171158","32172318","1160"
"SL2.50ch03:3264920-3265251","86","3264920","3265251","331"
"SL2.50ch03:33136406-33137028","8694","33136406","33137028","622"
"SL2.50ch03:33136430-33137011","8694","33136430","33137011","581"
"SL2.50ch03:33645135-33645516","26","33645135","33645516","381"
"SL2.50ch03:33785250-33785654","15","33785250","33785654","404"
"SL2.50ch03:34590888-34592949","634","34590888","34592949","2061"
"SL2.50ch03:34595118-34596134","339","34595118","34596134","1016"
"SL2.50ch03:34595177-34596062","335","34595177","34596062","885"
"SL2.50ch03:34597537-34598912","483","34597537","34598912","1375"
"SL2.50ch03:34597548-34598952","485","34597548","34598952","1404"
"SL2.50ch03:34599575-34601701","1673","34599575","34601701","2126"
"SL2.50ch03:34599897-34601556","1664","34599897","34601556","1659"
"SL2.50ch03:34605836-34608910","2107","34605836","34608910","3074"
"SL2.50ch03:34606158-34608868","2100","34606158","34608868","2710"
"SL2.50ch03:36362070-36362451","18","36362070","36362451","381"
"SL2.50ch03:37388170-37388998","561","37388170","37388998","828"
"SL2.50ch03:37388317-37389021","560","37388317","37389021","704"
"SL2.50ch03:37793068-37793615","35","37793068","37793615","547"
"SL2.50ch03:3963188-3963579","40","3963188","3963579","391"
"SL2.50ch03:39746106-39747541","155","39746106","39747541","1435"
"SL2.50ch03:39746229-39747518","152","39746229","39747518","1289"
"SL2.50ch03:40339033-40339364","36","40339033","40339364","331"
"SL2.50ch03:407189-407972","75","407189","407972","783"
"SL2.50ch03:407380-407915","73","407380","407915","535"
"SL2.50ch03:41347342-41347919","289","41347342","41347919","577"
"SL2.50ch03:41347361-41347842","289","41347361","41347842","481"
"SL2.50ch03:41525374-41525958","90","41525374","41525958","584"
"SL2.50ch03:41526620-41528858","189","41526620","41528858","2238"
"SL2.50ch03:44111860-44114474","5160","44111860","44114474","2614"
"SL2.50ch03:44112081-44114465","5159","44112081","44114465","2384"
"SL2.50ch03:44115847-44117045","5670","44115847","44117045","1198"
"SL2.50ch03:44115883-44116989","5646","44115883","44116989","1106"
"SL2.50ch03:44391801-44392283","95","44391801","44392283","482"
"SL2.50ch03:44452817-44453309","62","44452817","44453309","492"
"SL2.50ch03:44457183-44457618","65","44457183","44457618","435"
"SL2.50ch03:44459272-44459690","60","44459272","44459690","418"
"SL2.50ch03:45183694-45184302","19","45183694","45184302","608"
"SL2.50ch03:45379864-45380535","63","45379864","45380535","671"
"SL2.50ch03:45802648-45803172","21","45802648","45803172","524"
"SL2.50ch03:46424746-46425077","56","46424746","46425077","331"
"SL2.50ch03:46578184-46580068","112","46578184","46580068","1884"
"SL2.50ch03:48907463-48909035","320","48907463","48909035","1572"
"SL2.50ch03:48907468-48908450","301","48907468","48908450","982"
"SL2.50ch03:50332867-50333433","25","50332867","50333433","566"
"SL2.50ch03:51702380-51703024","761","51702380","51703024","644"
"SL2.50ch03:51702397-51702993","756","51702397","51702993","596"
"SL2.50ch03:52270746-52271863","122","52270746","52271863","1117"
"SL2.50ch03:52597412-52597793","69","52597412","52597793","381"
"SL2.50ch03:52597428-52597871","71","52597428","52597871","443"
"SL2.50ch03:53569737-53570118","55","53569737","53570118","381"
"SL2.50ch03:53623586-53624166","171","53623586","53624166","580"
"SL2.50ch03:53623660-53624115","167","53623660","53624115","455"
"SL2.50ch03:53627847-53628538","783","53627847","53628538","691"
"SL2.50ch03:53627897-53628562","783","53627897","53628562","665"
"SL2.50ch03:53931251-53932697","198","53931251","53932697","1446"
"SL2.50ch03:53931260-53932687","198","53931260","53932687","1427"
"SL2.50ch03:54169521-54172079","270","54169521","54172079","2558"
"SL2.50ch03:54169545-54173017","309","54169545","54173017","3472"
"SL2.50ch03:54176311-54177270","112","54176311","54177270","959"
"SL2.50ch03:54176482-54177200","110","54176482","54177200","718"
"SL2.50ch03:54178552-54178933","27","54178552","54178933","381"
"SL2.50ch03:54181376-54181794","78","54181376","54181794","418"
"SL2.50ch03:54184133-54185223","95","54184133","54185223","1090"
"SL2.50ch03:56488712-56490419","1798","56488712","56490419","1707"
"SL2.50ch03:56488743-56490393","1794","56488743","56490393","1650"
"SL2.50ch03:59443405-59443736","54","59443405","59443736","331"
"SL2.50ch03:5997176-5997655","36","5997176","5997655","479"
"SL2.50ch03:60238707-60239292","41","60238707","60239292","585"
"SL2.50ch03:60259367-60259698","44","60259367","60259698","331"
"SL2.50ch03:60833776-60835353","82","60833776","60835353","1577"
"SL2.50ch03:60837758-60838548","91","60837758","60838548","790"
"SL2.50ch03:60877408-60877838","61","60877408","60877838","430"
"SL2.50ch03:60887023-60887890","46","60887023","60887890","867"
"SL2.50ch03:62569572-62569953","176","62569572","62569953","381"
"SL2.50ch03:6433412-6434088","44","6433412","6434088","676"
"SL2.50ch03:6433585-6433966","24","6433585","6433966","381"
"SL2.50ch03:6454508-6455101","80","6454508","6455101","593"
"SL2.50ch03:64820415-64821556","122","64820415","64821556","1141"
"SL2.50ch03:64827514-64828534","57","64827514","64828534","1020"
"SL2.50ch03:64829794-64830331","17","64829794","64830331","537"
"SL2.50ch03:64835372-64835703","46","64835372","64835703","331"
"SL2.50ch03:64925645-64929544","281","64925645","64929544","3899"
"SL2.50ch03:65655543-65655992","77","65655543","65655992","449"
"SL2.50ch03:65655611-65656015","76","65655611","65656015","404"
"SL2.50ch03:65838805-65839386","130","65838805","65839386","581"
"SL2.50ch03:65838875-65839279","122","65838875","65839279","404"
"SL2.50ch03:6838333-6838947","50","6838333","6838947","614"
"SL2.50ch03:6838427-6839096","53","6838427","6839096","669"
"SL2.50ch03:6842160-6843334","71","6842160","6843334","1174"
"SL2.50ch03:6846720-6847146","58","6846720","6847146","426"
"SL2.50ch03:6857162-6858973","213","6857162","6858973","1811"
"SL2.50ch03:6857252-6859124","216","6857252","6859124","1872"
"SL2.50ch03:6868406-6870317","152","6868406","6870317","1911"
"SL2.50ch03:6871197-6872353","75","6871197","6872353","1156"
"SL2.50ch03:6883183-6884180","61","6883183","6884180","997"
"SL2.50ch03:6883219-6884161","61","6883219","6884161","942"
"SL2.50ch03:6921438-6922525","61","6921438","6922525","1087"
"SL2.50ch03:6921908-6922783","62","6921908","6922783","875"
"SL2.50ch03:6938417-6939798","81","6938417","6939798","1381"
"SL2.50ch03:6947107-6948856","186","6947107","6948856","1749"
"SL2.50ch03:6947149-6948532","182","6947149","6948532","1383"
"SL2.50ch03:6951415-6952931","181","6951415","6952931","1516"
"SL2.50ch03:6951458-6953280","190","6951458","6953280","1822"
"SL2.50ch03:6965402-6966234","97","6965402","6966234","832"
"SL2.50ch03:70528901-70529381","231","70528901","70529381","480"
"SL2.50ch03:70528934-70529411","231","70528934","70529411","477"
"SL2.50ch03:7105740-7106154","83","7105740","7106154","414"
"SL2.50ch03:7109711-7110042","46","7109711","7110042","331"
"SL2.50ch03:9711046-9711377","43","9711046","9711377","331"
"SL2.50ch04:11167926-11168307","253","11167926","11168307","381"
"SL2.50ch04:11568557-11568938","76","11568557","11568938","381"
"SL2.50ch04:11568580-11568984","76","11568580","11568984","404"
"SL2.50ch04:12098243-12099159","67","12098243","12099159","916"
"SL2.50ch04:12101156-12101792","60","12101156","12101792","636"
"SL2.50ch04:12101275-12101773","55","12101275","12101773","498"
"SL2.50ch04:13811358-13811739","24","13811358","13811739","381"
"SL2.50ch04:14616245-14616921","100","14616245","14616921","676"
"SL2.50ch04:14616362-14616870","100","14616362","14616870","508"
"SL2.50ch04:14685495-14686456","58","14685495","14686456","961"
"SL2.50ch04:14731562-14732266","45","14731562","14732266","704"
"SL2.50ch04:14738437-14739052","61","14738437","14739052","615"
"SL2.50ch04:14738906-14739287","31","14738906","14739287","381"
"SL2.50ch04:14742378-14743652","123","14742378","14743652","1274"
"SL2.50ch04:14768522-14769939","97","14768522","14769939","1417"
"SL2.50ch04:14768650-14769717","78","14768650","14769717","1067"
"SL2.50ch04:14808043-14809946","173","14808043","14809946","1903"
"SL2.50ch04:14814113-14814610","44","14814113","14814610","497"
"SL2.50ch04:14834318-14836915","142","14834318","14836915","2597"
"SL2.50ch04:14841425-14842026","44","14841425","14842026","601"
"SL2.50ch04:15038357-15041426","263","15038357","15041426","3069"
"SL2.50ch04:15038450-15041435","262","15038450","15041435","2985"
"SL2.50ch04:16897815-16898196","21","16897815","16898196","381"
"SL2.50ch04:17160905-17161286","21","17160905","17161286","381"
"SL2.50ch04:17450904-17451334","72","17450904","17451334","430"
"SL2.50ch04:17950940-17951321","28","17950940","17951321","381"
"SL2.50ch04:18560486-18561108","437","18560486","18561108","622"
"SL2.50ch04:18560509-18561081","437","18560509","18561081","572"
"SL2.50ch04:19321854-19322395","28","19321854","19322395","541"
"SL2.50ch04:19324757-19325964","37","19324757","19325964","1207"
"SL2.50ch04:19336793-19337124","47","19336793","19337124","331"
"SL2.50ch04:21631398-21631886","2","21631398","21631886","488"
"SL2.50ch04:22738936-22739317","17","22738936","22739317","381"
"SL2.50ch04:248035-248441","116","248035","248441","406"
"SL2.50ch04:248047-248451","116","248047","248451","404"
"SL2.50ch04:2506311-2506692","9","2506311","2506692","381"
"SL2.50ch04:26603102-26603834","47","26603102","26603834","732"
"SL2.50ch04:26611415-26614562","211","26611415","26614562","3147"
"SL2.50ch04:26623139-26623792","34","26623139","26623792","653"
"SL2.50ch04:26631151-26631482","41","26631151","26631482","331"
"SL2.50ch04:26662602-26662933","36","26662602","26662933","331"
"SL2.50ch04:26679587-26679968","22","26679587","26679968","381"
"SL2.50ch04:26681867-26683221","82","26681867","26683221","1354"
"SL2.50ch04:26718296-26720437","162","26718296","26720437","2141"
"SL2.50ch04:26721036-26722679","118","26721036","26722679","1643"
"SL2.50ch04:26724649-26725030","16","26724649","26725030","381"
"SL2.50ch04:26730814-26731195","30","26730814","26731195","381"
"SL2.50ch04:26736129-26736533","25","26736129","26736533","404"
"SL2.50ch04:26738374-26738948","42","26738374","26738948","574"
"SL2.50ch04:26745585-26745916","49","26745585","26745916","331"
"SL2.50ch04:26747946-26748260","12","26747946","26748260","314"
"SL2.50ch04:26759022-26759516","84","26759022","26759516","494"
"SL2.50ch04:26812505-26813601","33","26812505","26813601","1096"
"SL2.50ch04:26827281-26827696","55","26827281","26827696","415"
"SL2.50ch04:26830969-26831458","27","26830969","26831458","489"
"SL2.50ch04:30142735-30143508","79","30142735","30143508","773"
"SL2.50ch04:30142793-30143207","71","30142793","30143207","414"
"SL2.50ch04:30599050-30599381","40","30599050","30599381","331"
"SL2.50ch04:31286884-31287606","938","31286884","31287606","722"
"SL2.50ch04:31286913-31287498","938","31286913","31287498","585"
"SL2.50ch04:32065961-32066292","42","32065961","32066292","331"
"SL2.50ch04:3316578-3317091","507","3316578","3317091","513"
"SL2.50ch04:33411833-33412514","243","33411833","33412514","681"
"SL2.50ch04:33411924-33412528","242","33411924","33412528","604"
"SL2.50ch04:33600222-33600774","284","33600222","33600774","552"
"SL2.50ch04:33600272-33600716","284","33600272","33600716","444"
"SL2.50ch04:33964686-33965817","438","33964686","33965817","1131"
"SL2.50ch04:33964729-33967848","838","33964729","33967848","3119"
"SL2.50ch04:33966498-33967356","348","33966498","33967356","858"
"SL2.50ch04:35026645-35027706","47","35026645","35027706","1061"
"SL2.50ch04:35026684-35027088","30","35026684","35027088","404"
"SL2.50ch04:36284887-36285330","67","36284887","36285330","443"
"SL2.50ch04:37281328-37281732","8","37281328","37281732","404"
"SL2.50ch04:39274784-39275165","17","39274784","39275165","381"
"SL2.50ch04:4062282-4062871","143","4062282","4062871","589"
"SL2.50ch04:4062370-4062848","139","4062370","4062848","478"
"SL2.50ch04:41198481-41199118","106","41198481","41199118","637"
"SL2.50ch04:41209999-41210708","78","41209999","41210708","709"
"SL2.50ch04:41212066-41213957","445","41212066","41213957","1891"
"SL2.50ch04:42564925-42565329","122","42564925","42565329","404"
"SL2.50ch04:42564940-42565321","122","42564940","42565321","381"
"SL2.50ch04:42679549-42679880","36","42679549","42679880","331"
"SL2.50ch04:42863861-42864250","81","42863861","42864250","389"
"SL2.50ch04:43245826-43246241","124","43245826","43246241","415"
"SL2.50ch04:43245904-43246329","125","43245904","43246329","425"
"SL2.50ch04:4399766-4400170","37","4399766","4400170","404"
"SL2.50ch04:4482019-4482333","121","4482019","4482333","314"
"SL2.50ch04:4488477-4488858","17","4488477","4488858","381"
"SL2.50ch04:48279740-48280213","80","48279740","48280213","473"
"SL2.50ch04:48279793-48280124","80","48279793","48280124","331"
"SL2.50ch04:49644302-49644683","28","49644302","49644683","381"
"SL2.50ch04:50234376-50234780","54","50234376","50234780","404"
"SL2.50ch04:51272935-51273524","35","51272935","51273524","589"
"SL2.50ch04:51484281-51484595","10","51484281","51484595","314"
"SL2.50ch04:51485088-51485419","38","51485088","51485419","331"
"SL2.50ch04:51500439-51501036","26","51500439","51501036","597"
"SL2.50ch04:51505549-51506054","65","51505549","51506054","505"
"SL2.50ch04:52006935-52007508","33","52006935","52007508","573"
"SL2.50ch04:52330422-52330973","53","52330422","52330973","551"
"SL2.50ch04:52330550-52330881","47","52330550","52330881","331"
"SL2.50ch04:53900148-53901223","95","53900148","53901223","1075"
"SL2.50ch04:53903218-53903751","42","53903218","53903751","533"
"SL2.50ch04:54063060-54063441","88","54063060","54063441","381"
"SL2.50ch04:54063066-54063470","88","54063066","54063470","404"
"SL2.50ch04:55558117-55558552","49","55558117","55558552","435"
"SL2.50ch04:55561929-55563076","103","55561929","55563076","1147"
"SL2.50ch04:55565197-55566978","231","55565197","55566978","1781"
"SL2.50ch04:55565245-55566562","193","55565245","55566562","1317"
"SL2.50ch04:55572877-55573415","12","55572877","55573415","538"
"SL2.50ch04:55661207-55661538","49","55661207","55661538","331"
"SL2.50ch04:56149343-56149851","115","56149343","56149851","508"
"SL2.50ch04:56149445-56149922","101","56149445","56149922","477"
"SL2.50ch04:58235770-58236246","420","58235770","58236246","476"
"SL2.50ch04:59105601-59105932","42","59105601","59105932","331"
"SL2.50ch04:59156129-59156636","53","59156129","59156636","507"
"SL2.50ch04:60977337-60977741","56","60977337","60977741","404"
"SL2.50ch04:60977351-60977682","56","60977351","60977682","331"
"SL2.50ch04:64832176-64832716","175","64832176","64832716","540"
"SL2.50ch04:66134287-66134764","88","66134287","66134764","477"
"SL2.50ch04:66134319-66134650","86","66134319","66134650","331"
"SL2.50ch04:6910535-6910916","240","6910535","6910916","381"
"SL2.50ch04:6910540-6910984","240","6910540","6910984","444"
"SL2.50ch04:7355584-7356830","96","7355584","7356830","1246"
"SL2.50ch04:7365607-7368298","179","7365607","7368298","2691"
"SL2.50ch04:7380510-7381292","68","7380510","7381292","782"
"SL2.50ch04:7455432-7455865","56","7455432","7455865","433"
"SL2.50ch04:7571576-7571907","35","7571576","7571907","331"
"SL2.50ch04:7573563-7574260","36","7573563","7574260","697"
"SL2.50ch05:10221772-10222261","24","10221772","10222261","489"
"SL2.50ch05:11785106-11785510","276","11785106","11785510","404"
"SL2.50ch05:11785125-11785601","272","11785125","11785601","476"
"SL2.50ch05:124689-125267","155","124689","125267","578"
"SL2.50ch05:124706-125207","153","124706","125207","501"
"SL2.50ch05:12490821-12491152","44","12490821","12491152","331"
"SL2.50ch05:12893036-12893417","35","12893036","12893417","381"
"SL2.50ch05:13793519-13794167","50","13793519","13794167","648"
"SL2.50ch05:13793604-13794217","43","13793604","13794217","613"
"SL2.50ch05:14606008-14607052","3338","14606008","14607052","1044"
"SL2.50ch05:14606055-14607014","3338","14606055","14607014","959"
"SL2.50ch05:16312811-16313192","29","16312811","16313192","381"
"SL2.50ch05:16783662-16784043","3","16783662","16784043","381"
"SL2.50ch05:17047934-17048591","62","17047934","17048591","657"
"SL2.50ch05:17049662-17050637","79","17049662","17050637","975"
"SL2.50ch05:17051721-17052102","27","17051721","17052102","381"
"SL2.50ch05:17063457-17063861","20","17063457","17063861","404"
"SL2.50ch05:18129069-18129572","111","18129069","18129572","503"
"SL2.50ch05:19524275-19525076","44","19524275","19525076","801"
"SL2.50ch05:19525770-19526777","79","19525770","19526777","1007"
"SL2.50ch05:19598004-19598318","15","19598004","19598318","314"
"SL2.50ch05:19599523-19600251","51","19599523","19600251","728"
"SL2.50ch05:19600643-19601146","52","19600643","19601146","503"
"SL2.50ch05:19601659-19603553","207","19601659","19603553","1894"
"SL2.50ch05:19671082-19671918","66","19671082","19671918","836"
"SL2.50ch05:19674403-19674734","40","19674403","19674734","331"
"SL2.50ch05:19678494-19678825","49","19678494","19678825","331"
"SL2.50ch05:19685741-19686330","51","19685741","19686330","589"
"SL2.50ch05:19708053-19708384","44","19708053","19708384","331"
"SL2.50ch05:19711216-19711706","33","19711216","19711706","490"
"SL2.50ch05:19759005-19759336","41","19759005","19759336","331"
"SL2.50ch05:19853440-19855026","100","19853440","19855026","1586"
"SL2.50ch05:19856632-19857957","86","19856632","19857957","1325"
"SL2.50ch05:19861412-19861816","17","19861412","19861816","404"
"SL2.50ch05:19862602-19863006","33","19862602","19863006","404"
"SL2.50ch05:20083995-20084376","12","20083995","20084376","381"
"SL2.50ch05:2203078-2203720","785","2203078","2203720","642"
"SL2.50ch05:2203124-2203700","782","2203124","2203700","576"
"SL2.50ch05:22229509-22229943","89","22229509","22229943","434"
"SL2.50ch05:24103037-24103418","14","24103037","24103418","381"
"SL2.50ch05:24201496-24201877","38","24201496","24201877","381"
"SL2.50ch05:24361731-24362416","365","24361731","24362416","685"
"SL2.50ch05:24361792-24362383","362","24361792","24362383","591"
"SL2.50ch05:25812462-25813223","1584","25812462","25813223","761"
"SL2.50ch05:25812555-25813179","1574","25812555","25813179","624"
"SL2.50ch05:26626513-26626894","291","26626513","26626894","381"
"SL2.50ch05:26633231-26633719","27","26633231","26633719","488"
"SL2.50ch05:27332331-27332808","100","27332331","27332808","477"
"SL2.50ch05:27332339-27332743","100","27332339","27332743","404"
"SL2.50ch05:28301302-28301954","1467","28301302","28301954","652"
"SL2.50ch05:28301333-28301965","1467","28301333","28301965","632"
"SL2.50ch05:28401561-28401892","42","28401561","28401892","331"
"SL2.50ch05:29349509-29349922","83","29349509","29349922","413"
"SL2.50ch05:30096129-30096547","61","30096129","30096547","418"
"SL2.50ch05:30114820-30115151","51","30114820","30115151","331"
"SL2.50ch05:30138122-30138697","71","30138122","30138697","575"
"SL2.50ch05:30147627-30148491","109","30147627","30148491","864"
"SL2.50ch05:30147746-30148650","113","30147746","30148650","904"
"SL2.50ch05:30152644-30154543","292","30152644","30154543","1899"
"SL2.50ch05:30152985-30154006","248","30152985","30154006","1021"
"SL2.50ch05:30156828-30157232","119","30156828","30157232","404"
"SL2.50ch05:30156852-30157233","119","30156852","30157233","381"
"SL2.50ch05:30363697-30364389","44","30363697","30364389","692"
"SL2.50ch05:34059094-34059674","281","34059094","34059674","580"
"SL2.50ch05:34059144-34059617","276","34059144","34059617","473"
"SL2.50ch05:34096226-34097364","5983","34096226","34097364","1138"
"SL2.50ch05:34096261-34097447","5989","34096261","34097447","1186"
"SL2.50ch05:34099408-34100806","37562","34099408","34100806","1398"
"SL2.50ch05:34099451-34100853","37559","34099451","34100853","1402"
"SL2.50ch05:34480723-34481104","3","34480723","34481104","381"
"SL2.50ch05:35110282-35110857","44","35110282","35110857","575"
"SL2.50ch05:35110320-35110651","37","35110320","35110651","331"
"SL2.50ch05:35698357-35699539","612","35698357","35699539","1182"
"SL2.50ch05:35698543-35699463","607","35698543","35699463","920"
"SL2.50ch05:36962640-36963113","339","36962640","36963113","473"
"SL2.50ch05:36962682-36963063","339","36962682","36963063","381"
"SL2.50ch05:3700932-3702233","75","3700932","3702233","1301"
"SL2.50ch05:3701791-3702230","49","3701791","3702230","439"
"SL2.50ch05:39240018-39240584","39","39240018","39240584","566"
"SL2.50ch05:39394971-39395579","27","39394971","39395579","608"
"SL2.50ch05:39395236-39395617","25","39395236","39395617","381"
"SL2.50ch05:39968353-39972493","376","39968353","39972493","4140"
"SL2.50ch05:39973315-39974018","87","39973315","39974018","703"
"SL2.50ch05:40067756-40069087","329","40067756","40069087","1331"
"SL2.50ch05:40068143-40069037","298","40068143","40069037","894"
"SL2.50ch05:42981754-42982235","55","42981754","42982235","481"
"SL2.50ch05:42985502-42986002","46","42985502","42986002","500"
"SL2.50ch05:42985526-42986002","46","42985526","42986002","476"
"SL2.50ch05:45135281-45135914","909","45135281","45135914","633"
"SL2.50ch05:45135327-45135881","908","45135327","45135881","554"
"SL2.50ch05:47294856-47295187","38","47294856","47295187","331"
"SL2.50ch05:47671717-47672048","55","47671717","47672048","331"
"SL2.50ch05:47779945-47780427","62","47779945","47780427","482"
"SL2.50ch05:48771151-48771886","50","48771151","48771886","735"
"SL2.50ch05:49830528-49830994","33","49830528","49830994","466"
"SL2.50ch05:49929892-49930514","240","49929892","49930514","622"
"SL2.50ch05:49929931-49930553","242","49929931","49930553","622"
"SL2.50ch05:50407719-50408100","19","50407719","50408100","381"
"SL2.50ch05:51313841-51315982","4021","51313841","51315982","2141"
"SL2.50ch05:51314141-51315271","3989","51314141","51315271","1130"
"SL2.50ch05:51317108-51317439","61","51317108","51317439","331"
"SL2.50ch05:51467418-51467901","33","51467418","51467901","483"
"SL2.50ch05:51486830-51487211","34","51486830","51487211","381"
"SL2.50ch05:54806564-54806945","28","54806564","54806945","381"
"SL2.50ch05:56642259-56642640","24","56642259","56642640","381"
"SL2.50ch05:56674141-56674472","41","56674141","56674472","331"
"SL2.50ch05:56705782-56706417","117","56705782","56706417","635"
"SL2.50ch05:56705831-56706270","117","56705831","56706270","439"
"SL2.50ch05:57568879-57571321","554","57568879","57571321","2442"
"SL2.50ch05:57571883-57572825","1232","57571883","57572825","942"
"SL2.50ch05:57574709-57576547","545","57574709","57576547","1838"
"SL2.50ch05:57574805-57576091","523","57574805","57576091","1286"
"SL2.50ch05:57583802-57584494","82","57583802","57584494","692"
"SL2.50ch05:57583997-57584401","80","57583997","57584401","404"
"SL2.50ch05:58886999-58887587","61","58886999","58887587","588"
"SL2.50ch05:58892119-58892799","2616","58892119","58892799","680"
"SL2.50ch05:58892194-58892774","2615","58892194","58892774","580"
"SL2.50ch05:60997418-60998297","460","60997418","60998297","879"
"SL2.50ch05:60997468-60998204","456","60997468","60998204","736"
"SL2.50ch05:61296040-61296421","52","61296040","61296421","381"
"SL2.50ch05:6201149-6201625","30","6201149","6201625","476"
"SL2.50ch05:62772319-62772973","743","62772319","62772973","654"
"SL2.50ch05:62772347-62772953","743","62772347","62772953","606"
"SL2.50ch05:62857645-62858218","81","62857645","62858218","573"
"SL2.50ch05:62857730-62858111","81","62857730","62858111","381"
"SL2.50ch05:64187011-64187408","43","64187011","64187408","397"
"SL2.50ch05:64808149-64808463","90","64808149","64808463","314"
"SL2.50ch05:64808156-64809141","169","64808156","64809141","985"
"SL2.50ch05:6498403-6499131","2856","6498403","6499131","728"
"SL2.50ch05:6498423-6499134","2856","6498423","6499134","711"
"SL2.50ch05:6728520-6728851","211","6728520","6728851","331"
"SL2.50ch05:6773458-6774010","399","6773458","6774010","552"
"SL2.50ch05:6773554-6773995","399","6773554","6773995","441"
"SL2.50ch05:8436040-8436421","45","8436040","8436421","381"
"SL2.50ch05:9087800-9088496","44","9087800","9088496","696"
"SL2.50ch06:10947409-10948377","76","10947409","10948377","968"
"SL2.50ch06:10950513-10951823","124","10950513","10951823","1310"
"SL2.50ch06:10957115-10958211","141","10957115","10958211","1096"
"SL2.50ch06:10961074-10962307","162","10961074","10962307","1233"
"SL2.50ch06:10963169-10964427","153","10963169","10964427","1258"
"SL2.50ch06:10965926-10966653","94","10965926","10966653","727"
"SL2.50ch06:10966185-10966589","73","10966185","10966589","404"
"SL2.50ch06:10968867-10970263","134","10968867","10970263","1396"
"SL2.50ch06:10971723-10972891","176","10971723","10972891","1168"
"SL2.50ch06:10971728-10972909","176","10971728","10972909","1181"
"SL2.50ch06:10979407-10980101","91","10979407","10980101","694"
"SL2.50ch06:10979446-10980177","91","10979446","10980177","731"
"SL2.50ch06:10982165-10983036","96","10982165","10983036","871"
"SL2.50ch06:10982174-10983088","96","10982174","10983088","914"
"SL2.50ch06:10986776-10990133","454","10986776","10990133","3357"
"SL2.50ch06:10986793-10990146","454","10986793","10990146","3353"
"SL2.50ch06:10996653-10998982","325","10996653","10998982","2329"
"SL2.50ch06:11000018-11000938","262","11000018","11000938","920"
"SL2.50ch06:11000031-11001002","262","11000031","11001002","971"
"SL2.50ch06:11009017-11014358","612","11009017","11014358","5341"
"SL2.50ch06:11019681-11027346","1558","11019681","11027346","7665"
"SL2.50ch06:11019690-11027373","1558","11019690","11027373","7683"
"SL2.50ch06:11032844-11037074","627","11032844","11037074","4230"
"SL2.50ch06:11032910-11037102","627","11032910","11037102","4192"
"SL2.50ch06:11037841-11040305","386","11037841","11040305","2464"
"SL2.50ch06:11040940-11044030","433","11040940","11044030","3090"
"SL2.50ch06:11050128-11054360","884","11050128","11054360","4232"
"SL2.50ch06:11050137-11054383","884","11050137","11054383","4246"
"SL2.50ch06:11067918-11068400","79","11067918","11068400","482"
"SL2.50ch06:11101554-11102380","42","11101554","11102380","826"
"SL2.50ch06:11121999-11124431","390","11121999","11124431","2432"
"SL2.50ch06:11125470-11127116","186","11125470","11127116","1646"
"SL2.50ch06:11127577-11128833","176","11127577","11128833","1256"
"SL2.50ch06:11137608-11138028","55","11137608","11138028","420"
"SL2.50ch06:11142266-11148185","615","11142266","11148185","5919"
"SL2.50ch06:11149965-11152499","413","11149965","11152499","2534"
"SL2.50ch06:11150240-11152056","314","11150240","11152056","1816"
"SL2.50ch06:11154178-11155976","205","11154178","11155976","1798"
"SL2.50ch06:11182085-11183486","115","11182085","11183486","1401"
"SL2.50ch06:11189145-11189476","61","11189145","11189476","331"
"SL2.50ch06:11225806-11226137","47","11225806","11226137","331"
"SL2.50ch06:11227199-11227858","12","11227199","11227858","659"
"SL2.50ch06:11232258-11232639","38","11232258","11232639","381"
"SL2.50ch06:11249962-11250548","22","11249962","11250548","586"
"SL2.50ch06:11282449-11282780","48","11282449","11282780","331"
"SL2.50ch06:11373336-11373815","30","11373336","11373815","479"
"SL2.50ch06:11374132-11374823","46","11374132","11374823","691"
"SL2.50ch06:11374397-11374728","34","11374397","11374728","331"
"SL2.50ch06:11537565-11538079","68","11537565","11538079","514"
"SL2.50ch06:11541452-11541783","55","11541452","11541783","331"
"SL2.50ch06:11564987-11566222","198","11564987","11566222","1235"
"SL2.50ch06:11565009-11565513","124","11565009","11565513","504"
"SL2.50ch06:11578387-11578768","50","11578387","11578768","381"
"SL2.50ch06:11581506-11581837","63","11581506","11581837","331"
"SL2.50ch06:11592346-11593517","193","11592346","11593517","1171"
"SL2.50ch06:11600456-11601309","110","11600456","11601309","853"
"SL2.50ch06:11605185-11606283","119","11605185","11606283","1098"
"SL2.50ch06:11607730-11609234","291","11607730","11609234","1504"
"SL2.50ch06:11607751-11609192","285","11607751","11609192","1441"
"SL2.50ch06:11610339-11612353","271","11610339","11612353","2014"
"SL2.50ch06:11615867-11616398","68","11615867","11616398","531"
"SL2.50ch06:11622835-11624534","276","11622835","11624534","1699"
"SL2.50ch06:11622845-11624328","270","11622845","11624328","1483"
"SL2.50ch06:11632052-11632718","168","11632052","11632718","666"
"SL2.50ch06:11632082-11632652","168","11632082","11632652","570"
"SL2.50ch06:11634548-11636811","438","11634548","11636811","2263"
"SL2.50ch06:11634549-11636814","438","11634549","11636814","2265"
"SL2.50ch06:12253948-12255474","278","12253948","12255474","1526"
"SL2.50ch06:12260916-12261634","116","12260916","12261634","718"
"SL2.50ch06:12264007-12268154","1072","12264007","12268154","4147"
"SL2.50ch06:12268798-12269790","114","12268798","12269790","992"
"SL2.50ch06:12391176-12391618","53","12391176","12391618","442"
"SL2.50ch06:12412041-12412372","37","12412041","12412372","331"
"SL2.50ch06:12444950-12445993","68","12444950","12445993","1043"
"SL2.50ch06:12445028-12445966","64","12445028","12445966","938"
"SL2.50ch06:12447390-12448808","88","12447390","12448808","1418"
"SL2.50ch06:12513906-12514643","52","12513906","12514643","737"
"SL2.50ch06:12647474-12647855","4","12647474","12647855","381"
"SL2.50ch06:12661829-12662323","25","12661829","12662323","494"
"SL2.50ch06:12747589-12748565","56","12747589","12748565","976"
"SL2.50ch06:12761552-12761883","34","12761552","12761883","331"
"SL2.50ch06:12785820-12786361","27","12785820","12786361","541"
"SL2.50ch06:12849422-12850298","372","12849422","12850298","876"
"SL2.50ch06:12849583-12850366","374","12849583","12850366","783"
"SL2.50ch06:12875194-12875525","41","12875194","12875525","331"
"SL2.50ch06:12891357-12891738","38","12891357","12891738","381"
"SL2.50ch06:12931056-12931437","17","12931056","12931437","381"
"SL2.50ch06:12986616-12986997","17","12986616","12986997","381"
"SL2.50ch06:13010303-13011118","32","13010303","13011118","815"
"SL2.50ch06:13018711-13019092","40","13018711","13019092","381"
"SL2.50ch06:13052196-13052697","67","13052196","13052697","501"
"SL2.50ch06:13424117-13425113","411","13424117","13425113","996"
"SL2.50ch06:13424223-13425105","409","13424223","13425105","882"
"SL2.50ch06:16354420-16354824","15","16354420","16354824","404"
"SL2.50ch06:19992401-19992782","10","19992401","19992782","381"
"SL2.50ch06:20128520-20129249","3168","20128520","20129249","729"
"SL2.50ch06:20129767-20130271","5894","20129767","20130271","504"
"SL2.50ch06:20515088-20515533","113","20515088","20515533","445"
"SL2.50ch06:20515111-20515588","115","20515111","20515588","477"
"SL2.50ch06:20964739-20965120","32","20964739","20965120","381"
"SL2.50ch06:21340971-21341487","824","21340971","21341487","516"
"SL2.50ch06:21340997-21341474","824","21340997","21341474","477"
"SL2.50ch06:21771206-21772206","116","21771206","21772206","1000"
"SL2.50ch06:21771437-21772110","115","21771437","21772110","673"
"SL2.50ch06:22980971-22981374","10","22980971","22981374","403"
"SL2.50ch06:24095780-24096111","54","24095780","24096111","331"
"SL2.50ch06:24168452-24168833","358","24168452","24168833","381"
"SL2.50ch06:24363884-24364282","46","24363884","24364282","398"
"SL2.50ch06:24536183-24536661","400","24536183","24536661","478"
"SL2.50ch06:26056901-26057232","55","26056901","26057232","331"
"SL2.50ch06:27436698-27437251","101","27436698","27437251","553"
"SL2.50ch06:27436707-27437301","99","27436707","27437301","594"
"SL2.50ch06:27475434-27477639","109","27475434","27477639","2205"
"SL2.50ch06:27691687-27692018","36","27691687","27692018","331"
"SL2.50ch06:29957413-29957917","37","29957413","29957917","504"
"SL2.50ch06:30643930-30644261","45","30643930","30644261","331"
"SL2.50ch06:30951068-30951467","45","30951068","30951467","399"
"SL2.50ch06:31135931-31136493","134","31135931","31136493","562"
"SL2.50ch06:31135949-31136534","134","31135949","31136534","585"
"SL2.50ch06:31144477-31144791","26","31144477","31144791","314"
"SL2.50ch06:32472516-32473343","50","32472516","32473343","827"
"SL2.50ch06:32472677-32473264","48","32472677","32473264","587"
"SL2.50ch06:3332788-3333307","67","3332788","3333307","519"
"SL2.50ch06:3332805-3333282","67","3332805","3333282","477"
"SL2.50ch06:33858355-33858984","110","33858355","33858984","629"
"SL2.50ch06:33858408-33858912","105","33858408","33858912","504"
"SL2.50ch06:3414446-3415308","99","3414446","3415308","862"
"SL2.50ch06:3424470-3424956","18","3424470","3424956","486"
"SL2.50ch06:3450859-3454807","338","3450859","3454807","3948"
"SL2.50ch06:3455247-3456666","72","3455247","3456666","1419"
"SL2.50ch06:34686221-34686640","56","34686221","34686640","419"
"SL2.50ch06:34686354-34686685","53","34686354","34686685","331"
"SL2.50ch06:3473858-3474189","47","3473858","3474189","331"
"SL2.50ch06:35232434-35232930","33","35232434","35232930","496"
"SL2.50ch06:35232443-35233047","35","35232443","35233047","604"
"SL2.50ch06:35841143-35842116","52","35841143","35842116","973"
"SL2.50ch06:35849344-35849894","58","35849344","35849894","550"
"SL2.50ch06:35855396-35855826","45","35855396","35855826","430"
"SL2.50ch06:36203477-36203864","67","36203477","36203864","387"
"SL2.50ch06:36593577-36594084","1156","36593577","36594084","507"
"SL2.50ch06:36593589-36594065","1156","36593589","36594065","476"
"SL2.50ch06:38692663-38693044","89","38692663","38693044","381"
"SL2.50ch06:38692679-38693089","89","38692679","38693089","410"
"SL2.50ch06:39340497-39340878","221","39340497","39340878","381"
"SL2.50ch06:39340502-39340906","222","39340502","39340906","404"
"SL2.50ch06:40138794-40139305","233","40138794","40139305","511"
"SL2.50ch06:40138835-40139291","233","40138835","40139291","456"
"SL2.50ch06:40454554-40455489","130","40454554","40455489","935"
"SL2.50ch06:42038148-42038552","92","42038148","42038552","404"
"SL2.50ch06:42038173-42038504","92","42038173","42038504","331"
"SL2.50ch06:4241451-4242037","157","4241451","4242037","586"
"SL2.50ch06:4241551-4241973","150","4241551","4241973","422"
"SL2.50ch06:42662943-42663546","1825","42662943","42663546","603"
"SL2.50ch06:42662979-42663474","1823","42662979","42663474","495"
"SL2.50ch06:4357169-4357799","558","4357169","4357799","630"
"SL2.50ch06:4357287-4357860","558","4357287","4357860","573"
"SL2.50ch06:43986841-43987261","143","43986841","43987261","420"
"SL2.50ch06:43986871-43987275","143","43986871","43987275","404"
"SL2.50ch06:44551082-44551775","38","44551082","44551775","693"
"SL2.50ch06:44654974-44655464","113","44654974","44655464","490"
"SL2.50ch06:44655030-44655411","112","44655030","44655411","381"
"SL2.50ch06:44744106-44744650","1721","44744106","44744650","544"
"SL2.50ch06:44744152-44744589","1718","44744152","44744589","437"
"SL2.50ch06:46138834-46139495","86","46138834","46139495","661"
"SL2.50ch06:46139046-46139467","81","46139046","46139467","421"
"SL2.50ch06:46145254-46148688","5863","46145254","46148688","3434"
"SL2.50ch06:46145319-46148663","5858","46145319","46148663","3344"
"SL2.50ch06:47239543-47240018","134","47239543","47240018","475"
"SL2.50ch06:47239593-47239976","134","47239593","47239976","383"
"SL2.50ch06:47293479-47294053","467","47293479","47294053","574"
"SL2.50ch06:47293625-47294071","467","47293625","47294071","446"
"SL2.50ch06:49737650-49738665","103","49737650","49738665","1015"
"SL2.50ch06:49737695-49738545","100","49737695","49738545","850"
"SL2.50ch06:5004425-5004927","8","5004425","5004927","502"
"SL2.50ch06:5008489-5008870","14","5008489","5008870","381"
"SL2.50ch06:5066776-5067157","19","5066776","5067157","381"
"SL2.50ch06:5075824-5076205","18","5075824","5076205","381"
"SL2.50ch06:5224495-5224826","33","5224495","5224826","331"
"SL2.50ch06:5261672-5262257","101","5261672","5262257","585"
"SL2.50ch06:5261686-5262235","101","5261686","5262235","549"
"SL2.50ch06:5300754-5301239","111","5300754","5301239","485"
"SL2.50ch06:5539405-5539736","51","5539405","5539736","331"
"SL2.50ch06:5771307-5772133","108","5771307","5772133","826"
"SL2.50ch06:5771379-5771910","71","5771379","5771910","531"
"SL2.50ch06:5967206-5967587","27","5967206","5967587","381"
"SL2.50ch06:6389557-6390114","285","6389557","6390114","557"
"SL2.50ch06:6389582-6390202","291","6389582","6390202","620"
"SL2.50ch06:6707638-6707969","53","6707638","6707969","331"
"SL2.50ch06:7067797-7068178","40","7067797","7068178","381"
"SL2.50ch06:7575695-7576076","40","7575695","7576076","381"
"SL2.50ch06:7609806-7610281","115","7609806","7610281","475"
"SL2.50ch06:7609870-7610251","115","7609870","7610251","381"
"SL2.50ch06:7918580-7919090","49","7918580","7919090","510"
"SL2.50ch06:8571905-8572751","106","8571905","8572751","846"
"SL2.50ch06:8594302-8596098","130","8594302","8596098","1796"
"SL2.50ch07:10484474-10485393","193","10484474","10485393","919"
"SL2.50ch07:10484584-10485404","184","10484584","10485404","820"
"SL2.50ch07:10490137-10490882","835","10490137","10490882","745"
"SL2.50ch07:10490157-10490846","835","10490157","10490846","689"
"SL2.50ch07:11631182-11631753","64","11631182","11631753","571"
"SL2.50ch07:11631232-11631655","64","11631232","11631655","423"
"SL2.50ch07:11852517-11854058","381","11852517","11854058","1541"
"SL2.50ch07:11852568-11854114","386","11852568","11854114","1546"
"SL2.50ch07:11854828-11856849","935","11854828","11856849","2021"
"SL2.50ch07:11854838-11856909","936","11854838","11856909","2071"
"SL2.50ch07:12792028-12792566","68","12792028","12792566","538"
"SL2.50ch07:13061177-13061558","18","13061177","13061558","381"
"SL2.50ch07:14185905-14186286","8","14185905","14186286","381"
"SL2.50ch07:14895177-14895660","21","14895177","14895660","483"
"SL2.50ch07:154-644","112","154","644","490"
"SL2.50ch07:16218905-16219478","19","16218905","16219478","573"
"SL2.50ch07:16794790-16795121","47","16794790","16795121","331"
"SL2.50ch07:19797843-19798311","60","19797843","19798311","468"
"SL2.50ch07:19804202-19804706","34","19804202","19804706","504"
"SL2.50ch07:19824914-19825318","16","19824914","19825318","404"
"SL2.50ch07:19845517-19845848","39","19845517","19845848","331"
"SL2.50ch07:19862962-19864091","45","19862962","19864091","1129"
"SL2.50ch07:19882116-19882627","40","19882116","19882627","511"
"SL2.50ch07:19882263-19882743","42","19882263","19882743","480"
"SL2.50ch07:19886335-19887665","116","19886335","19887665","1330"
"SL2.50ch07:19950344-19950963","55","19950344","19950963","619"
"SL2.50ch07:2038-2579","98","2038","2579","541"
"SL2.50ch07:222-2571","296","222","2571","2349"
"SL2.50ch07:2361885-2362270","89","2361885","2362270","385"
"SL2.50ch07:26467738-26468069","45","26467738","26468069","331"
"SL2.50ch07:27291275-27291834","63","27291275","27291834","559"
"SL2.50ch07:27969921-27970302","22","27969921","27970302","381"
"SL2.50ch07:28302964-28303555","1207","28302964","28303555","591"
"SL2.50ch07:28303048-28303619","1212","28303048","28303619","571"
"SL2.50ch07:29209556-29210196","240","29209556","29210196","640"
"SL2.50ch07:29209644-29210025","240","29209644","29210025","381"
"SL2.50ch07:29621993-29622555","16","29621993","29622555","562"
"SL2.50ch07:29775314-29775846","101","29775314","29775846","532"
"SL2.50ch07:2999380-3000365","126","2999380","3000365","985"
"SL2.50ch07:2999657-3000382","114","2999657","3000382","725"
"SL2.50ch07:30901950-30903433","272","30901950","30903433","1483"
"SL2.50ch07:30901983-30903426","272","30901983","30903426","1443"
"SL2.50ch07:30904001-30904867","83","30904001","30904867","866"
"SL2.50ch07:30904013-30904344","52","30904013","30904344","331"
"SL2.50ch07:30906088-30906620","157","30906088","30906620","532"
"SL2.50ch07:30906121-30906581","157","30906121","30906581","460"
"SL2.50ch07:32432778-32433597","774","32432778","32433597","819"
"SL2.50ch07:32433027-32433607","772","32433027","32433607","580"
"SL2.50ch07:34439305-34439686","22","34439305","34439686","381"
"SL2.50ch07:35067189-35067570","14","35067189","35067570","381"
"SL2.50ch07:36068583-36069109","107","36068583","36069109","526"
"SL2.50ch07:36068623-36069186","107","36068623","36069186","563"
"SL2.50ch07:3774928-3776334","97","3774928","3776334","1406"
"SL2.50ch07:38161094-38161653","32","38161094","38161653","559"
"SL2.50ch07:39115128-39115459","55","39115128","39115459","331"
"SL2.50ch07:39119631-39120035","90","39119631","39120035","404"
"SL2.50ch07:39119691-39120022","86","39119691","39120022","331"
"SL2.50ch07:4007330-4008116","347","4007330","4008116","786"
"SL2.50ch07:4007359-4008082","347","4007359","4008082","723"
"SL2.50ch07:44373280-44373661","28","44373280","44373661","381"
"SL2.50ch07:44383776-44384209","123","44383776","44384209","433"
"SL2.50ch07:44383777-44384198","123","44383777","44384198","421"
"SL2.50ch07:44576879-44577295","60","44576879","44577295","416"
"SL2.50ch07:45281877-45282258","6","45281877","45282258","381"
"SL2.50ch07:45560506-45560994","110","45560506","45560994","488"
"SL2.50ch07:47753072-47753453","10","47753072","47753453","381"
"SL2.50ch07:4797941-4798272","42","4797941","4798272","331"
"SL2.50ch07:48041097-48041612","74","48041097","48041612","515"
"SL2.50ch07:48381568-48382040","54","48381568","48382040","472"
"SL2.50ch07:4895812-4896296","35","4895812","4896296","484"
"SL2.50ch07:50218675-50219079","63","50218675","50219079","404"
"SL2.50ch07:50218773-50219104","60","50218773","50219104","331"
"SL2.50ch07:5061098-5061517","70","5061098","5061517","419"
"SL2.50ch07:50623432-50623911","65","50623432","50623911","479"
"SL2.50ch07:50623456-50624030","61","50623456","50624030","574"
"SL2.50ch07:5066460-5067638","118","5066460","5067638","1178"
"SL2.50ch07:52229717-52230208","158","52229717","52230208","491"
"SL2.50ch07:52229815-52230196","158","52229815","52230196","381"
"SL2.50ch07:52359458-52359772","6","52359458","52359772","314"
"SL2.50ch07:52372224-52372538","37","52372224","52372538","314"
"SL2.50ch07:5329634-5330048","68","5329634","5330048","414"
"SL2.50ch07:5355046-5355716","60","5355046","5355716","670"
"SL2.50ch07:5356731-5357135","29","5356731","5357135","404"
"SL2.50ch07:5385939-5386418","14","5385939","5386418","479"
"SL2.50ch07:5390060-5390391","48","5390060","5390391","331"
"SL2.50ch07:53975469-53975850","225","53975469","53975850","381"
"SL2.50ch07:5413307-5413638","54","5413307","5413638","331"
"SL2.50ch07:5450366-5452125","137","5450366","5452125","1759"
"SL2.50ch07:54736727-54737286","300","54736727","54737286","559"
"SL2.50ch07:54736814-54737356","299","54736814","54737356","542"
"SL2.50ch07:55282872-55283203","169","55282872","55283203","331"
"SL2.50ch07:55624036-55624417","60","55624036","55624417","381"
"SL2.50ch07:55632636-55633402","79","55632636","55633402","766"
"SL2.50ch07:55632892-55633419","63","55632892","55633419","527"
"SL2.50ch07:5584381-5585173","106","5584381","5585173","792"
"SL2.50ch07:5586876-5587257","21","5586876","5587257","381"
"SL2.50ch07:56095617-56096086","23","56095617","56096086","469"
"SL2.50ch07:56754920-56755411","43","56754920","56755411","491"
"SL2.50ch07:56755026-56755357","39","56755026","56755357","331"
"SL2.50ch07:56757178-56757964","86","56757178","56757964","786"
"SL2.50ch07:56757244-56757688","78","56757244","56757688","444"
"SL2.50ch07:57398904-57399485","48","57398904","57399485","581"
"SL2.50ch07:57399017-57399450","46","57399017","57399450","433"
"SL2.50ch07:57399966-57400347","27","57399966","57400347","381"
"SL2.50ch07:57401731-57402243","27","57401731","57402243","512"
"SL2.50ch07:57406415-57407105","34","57406415","57407105","690"
"SL2.50ch07:57431514-57431928","40","57431514","57431928","414"
"SL2.50ch07:58301158-58301618","105","58301158","58301618","460"
"SL2.50ch07:58301216-58301699","107","58301216","58301699","483"
"SL2.50ch07:58802339-58805033","246","58802339","58805033","2694"
"SL2.50ch07:59388865-59389400","200","59388865","59389400","535"
"SL2.50ch07:59388872-59389382","198","59388872","59389382","510"
"SL2.50ch07:59507081-59507651","2105","59507081","59507651","570"
"SL2.50ch07:59507100-59507681","2107","59507100","59507681","581"
"SL2.50ch07:61301593-61302334","273","61301593","61302334","741"
"SL2.50ch07:61301628-61302228","269","61301628","61302228","600"
"SL2.50ch07:62472101-62472482","31","62472101","62472482","381"
"SL2.50ch07:64790110-64790491","64","64790110","64790491","381"
"SL2.50ch07:65784674-65785078","137","65784674","65785078","404"
"SL2.50ch07:65784723-65785054","137","65784723","65785054","331"
"SL2.50ch07:67284176-67284832","35","67284176","67284832","656"
"SL2.50ch07:67912732-67913063","34","67912732","67913063","331"
"SL2.50ch07:6845941-6846255","15","6845941","6846255","314"
"SL2.50ch07:7832010-7832632","207","7832010","7832632","622"
"SL2.50ch07:7832066-7832643","205","7832066","7832643","577"
"SL2.50ch07:8823263-8824031","59","8823263","8824031","768"
"SL2.50ch07:8823669-8824050","32","8823669","8824050","381"
"SL2.50ch07:8824548-8825026","59","8824548","8825026","478"
"SL2.50ch07:9898065-9898700","76","9898065","9898700","635"
"SL2.50ch07:9898163-9898669","69","9898163","9898669","506"
"SL2.50ch07:9909935-9910328","35","9909935","9910328","393"
"SL2.50ch08:10002647-10004817","367","10002647","10004817","2170"
"SL2.50ch08:10005533-10006891","184","10005533","10006891","1358"
"SL2.50ch08:10005568-10006873","183","10005568","10006873","1305"
"SL2.50ch08:10011790-10013473","327","10011790","10013473","1683"
"SL2.50ch08:10011801-10013458","327","10011801","10013458","1657"
"SL2.50ch08:10015712-10017858","547","10015712","10017858","2146"
"SL2.50ch08:10015740-10017922","547","10015740","10017922","2182"
"SL2.50ch08:10024208-10028275","817","10024208","10028275","4067"
"SL2.50ch08:10024251-10028292","815","10024251","10028292","4041"
"SL2.50ch08:10030595-10031855","160","10030595","10031855","1260"
"SL2.50ch08:10032600-10036508","530","10032600","10036508","3908"
"SL2.50ch08:10118904-10119390","41","10118904","10119390","486"
"SL2.50ch08:10118930-10119322","41","10118930","10119322","392"
"SL2.50ch08:10428374-10428886","41","10428374","10428886","512"
"SL2.50ch08:10428946-10430169","93","10428946","10430169","1223"
"SL2.50ch08:10429599-10430003","53","10429599","10430003","404"
"SL2.50ch08:10434563-10437241","264","10434563","10437241","2678"
"SL2.50ch08:10445638-10446435","97","10445638","10446435","797"
"SL2.50ch08:10751620-10752185","30","10751620","10752185","565"
"SL2.50ch08:10821079-10821882","40","10821079","10821882","803"
"SL2.50ch08:10888296-10889971","110","10888296","10889971","1675"
"SL2.50ch08:10943904-10944540","67","10943904","10944540","636"
"SL2.50ch08:10943984-10944315","65","10943984","10944315","331"
"SL2.50ch08:11082853-11083390","183","11082853","11083390","537"
"SL2.50ch08:11082916-11083320","183","11082916","11083320","404"
"SL2.50ch08:11130561-11131537","313","11130561","11131537","976"
"SL2.50ch08:11130610-11131455","313","11130610","11131455","845"
"SL2.50ch08:11137944-11141315","5993","11137944","11141315","3371"
"SL2.50ch08:11137972-11141241","5993","11137972","11141241","3269"
"SL2.50ch08:11147893-11149553","623","11147893","11149553","1660"
"SL2.50ch08:11147992-11149016","614","11147992","11149016","1024"
"SL2.50ch08:11732661-11733614","205","11732661","11733614","953"
"SL2.50ch08:11732707-11733646","205","11732707","11733646","939"
"SL2.50ch08:11881136-11881517","27","11881136","11881517","381"
"SL2.50ch08:12167350-12167897","25","12167350","12167897","547"
"SL2.50ch08:14782902-14783428","32","14782902","14783428","526"
"SL2.50ch08:14814597-14814928","41","14814597","14814928","331"
"SL2.50ch08:14999691-15000656","328","14999691","15000656","965"
"SL2.50ch08:14999740-15000606","326","14999740","15000606","866"
"SL2.50ch08:15167804-15168524","287","15167804","15168524","720"
"SL2.50ch08:15167815-15168517","285","15167815","15168517","702"
"SL2.50ch08:15513806-15514870","105","15513806","15514870","1064"
"SL2.50ch08:15515420-15516377","93","15515420","15516377","957"
"SL2.50ch08:15515544-15516319","88","15515544","15516319","775"
"SL2.50ch08:15517604-15518082","35","15517604","15518082","478"
"SL2.50ch08:15542570-15543146","43","15542570","15543146","576"
"SL2.50ch08:15547426-15547934","43","15547426","15547934","508"
"SL2.50ch08:15554959-15555500","47","15554959","15555500","541"
"SL2.50ch08:15554971-15555471","47","15554971","15555471","500"
"SL2.50ch08:15556237-15557294","75","15556237","15557294","1057"
"SL2.50ch08:15556337-15556952","47","15556337","15556952","615"
"SL2.50ch08:15599337-15599668","33","15599337","15599668","331"
"SL2.50ch08:15611848-15612373","38","15611848","15612373","525"
"SL2.50ch08:15611858-15612262","34","15611858","15612262","404"
"SL2.50ch08:15838864-15839355","91","15838864","15839355","491"
"SL2.50ch08:15838937-15839341","91","15838937","15839341","404"
"SL2.50ch08:15840171-15840654","137","15840171","15840654","483"
"SL2.50ch08:15840223-15840700","137","15840223","15840700","477"
"SL2.50ch08:15842234-15842741","118","15842234","15842741","507"
"SL2.50ch08:15842254-15842829","121","15842254","15842829","575"
"SL2.50ch08:15843700-15844081","73","15843700","15844081","381"
"SL2.50ch08:15847434-15847878","91","15847434","15847878","444"
"SL2.50ch08:15847471-15847852","90","15847471","15847852","381"
"SL2.50ch08:16026869-16027904","290","16026869","16027904","1035"
"SL2.50ch08:16026903-16027866","288","16026903","16027866","963"
"SL2.50ch08:16031640-16032073","106","16031640","16032073","433"
"SL2.50ch08:16806935-16807249","20","16806935","16807249","314"
"SL2.50ch08:17270165-17270546","24","17270165","17270546","381"
"SL2.50ch08:17908895-17909226","32","17908895","17909226","331"
"SL2.50ch08:18438023-18438427","47","18438023","18438427","404"
"SL2.50ch08:20104688-20105019","59","20104688","20105019","331"
"SL2.50ch08:22009830-22010344","35","22009830","22010344","514"
"SL2.50ch08:22076676-22077080","28","22076676","22077080","404"
"SL2.50ch08:22534316-22534721","52","22534316","22534721","405"
"SL2.50ch08:24010344-24010725","17","24010344","24010725","381"
"SL2.50ch08:25335964-25336450","67","25335964","25336450","486"
"SL2.50ch08:25669393-25670020","113","25669393","25670020","627"
"SL2.50ch08:25669541-25669872","112","25669541","25669872","331"
"SL2.50ch08:2620359-2620865","157","2620359","2620865","506"
"SL2.50ch08:2620388-2620769","156","2620388","2620769","381"
"SL2.50ch08:26692777-26693800","101","26692777","26693800","1023"
"SL2.50ch08:27633104-27633749","2464","27633104","27633749","645"
"SL2.50ch08:27633182-27633720","2463","27633182","27633720","538"
"SL2.50ch08:28156057-28156388","57","28156057","28156388","331"
"SL2.50ch08:28974492-28975079","31","28974492","28975079","587"
"SL2.50ch08:29077358-29077772","48","29077358","29077772","414"
"SL2.50ch08:30786206-30786950","86","30786206","30786950","744"
"SL2.50ch08:30793548-30793929","34","30793548","30793929","381"
"SL2.50ch08:31765704-31766610","1375","31765704","31766610","906"
"SL2.50ch08:31765782-31766550","1373","31765782","31766550","768"
"SL2.50ch08:32821682-32822263","246","32821682","32822263","581"
"SL2.50ch08:32821774-32822279","244","32821774","32822279","505"
"SL2.50ch08:33047344-33047675","49","33047344","33047675","331"
"SL2.50ch08:34430564-34431484","72","34430564","34431484","920"
"SL2.50ch08:36327433-36327764","53","36327433","36327764","331"
"SL2.50ch08:36793005-36793386","43","36793005","36793386","381"
"SL2.50ch08:37202422-37203959","220","37202422","37203959","1537"
"SL2.50ch08:37202647-37203707","211","37202647","37203707","1060"
"SL2.50ch08:37401957-37402433","315","37401957","37402433","476"
"SL2.50ch08:39144874-39154075","8003","39144874","39154075","9201"
"SL2.50ch08:39144954-39146361","932","39144954","39146361","1407"
"SL2.50ch08:39148354-39154081","6100","39148354","39154081","5727"
"SL2.50ch08:39368577-39368908","52","39368577","39368908","331"
"SL2.50ch08:39823771-39824152","16","39823771","39824152","381"
"SL2.50ch08:40203197-40203674","10","40203197","40203674","477"
"SL2.50ch08:40547974-40548655","76","40547974","40548655","681"
"SL2.50ch08:41015930-41016311","14","41015930","41016311","381"
"SL2.50ch08:41075542-41076191","44","41075542","41076191","649"
"SL2.50ch08:41469338-41470035","42","41469338","41470035","697"
"SL2.50ch08:42177168-42177549","48","42177168","42177549","381"
"SL2.50ch08:42861626-42862141","39","42861626","42862141","515"
"SL2.50ch08:43103112-43103493","34","43103112","43103493","381"
"SL2.50ch08:4393994-4394436","224","4393994","4394436","442"
"SL2.50ch08:4393998-4394439","221","4393998","4394439","441"
"SL2.50ch08:44452684-44453110","56","44452684","44453110","426"
"SL2.50ch08:44453900-44454707","48","44453900","44454707","807"
"SL2.50ch08:44453955-44454807","44","44453955","44454807","852"
"SL2.50ch08:44703510-44703921","77","44703510","44703921","411"
"SL2.50ch08:45328710-45329041","42","45328710","45329041","331"
"SL2.50ch08:46709361-46710441","371","46709361","46710441","1080"
"SL2.50ch08:46709638-46710359","356","46709638","46710359","721"
"SL2.50ch08:46711088-46711419","47","46711088","46711419","331"
"SL2.50ch08:46953388-46956864","10579","46953388","46956864","3476"
"SL2.50ch08:46953415-46956255","10556","46953415","46956255","2840"
"SL2.50ch08:48239831-48240908","227","48239831","48240908","1077"
"SL2.50ch08:48239875-48240887","227","48239875","48240887","1012"
"SL2.50ch08:49240268-49240824","6","49240268","49240824","556"
"SL2.50ch08:50477308-50478101","70","50477308","50478101","793"
"SL2.50ch08:50497942-50498323","38","50497942","50498323","381"
"SL2.50ch08:50544007-50544528","36","50544007","50544528","521"
"SL2.50ch08:5160554-5160885","40","5160554","5160885","331"
"SL2.50ch08:51743953-51744426","534","51743953","51744426","473"
"SL2.50ch08:51879524-51880278","61","51879524","51880278","754"
"SL2.50ch08:52271090-52271421","49","52271090","52271421","331"
"SL2.50ch08:5420200-5420795","27","5420200","5420795","595"
"SL2.50ch08:54478649-54479041","687","54478649","54479041","392"
"SL2.50ch08:54823862-54824451","65","54823862","54824451","589"
"SL2.50ch08:54901586-54901917","74","54901586","54901917","331"
"SL2.50ch08:54992822-54994428","162","54992822","54994428","1606"
"SL2.50ch08:54992918-54994412","157","54992918","54994412","1494"
"SL2.50ch08:57456480-57456922","295","57456480","57456922","442"
"SL2.50ch08:57456497-57456878","295","57456497","57456878","381"
"SL2.50ch08:57485275-57486166","1069","57485275","57486166","891"
"SL2.50ch08:57485318-57486127","1063","57485318","57486127","809"
"SL2.50ch08:57859970-57863383","293","57859970","57863383","3413"
"SL2.50ch08:60628938-60630113","152","60628938","60630113","1175"
"SL2.50ch08:60629025-60629899","141","60629025","60629899","874"
"SL2.50ch08:61394563-61394946","62","61394563","61394946","383"
"SL2.50ch08:63628678-63629726","60","63628678","63629726","1048"
"SL2.50ch08:65065998-65066664","77","65065998","65066664","666"
"SL2.50ch08:65133233-65133737","68","65133233","65133737","504"
"SL2.50ch08:65133290-65133715","67","65133290","65133715","425"
"SL2.50ch08:65307754-65308248","66","65307754","65308248","494"
"SL2.50ch08:65307832-65308213","65","65307832","65308213","381"
"SL2.50ch08:6538025-6538356","49","6538025","6538356","331"
"SL2.50ch08:6548254-6548871","763","6548254","6548871","617"
"SL2.50ch08:7035515-7035997","82","7035515","7035997","482"
"SL2.50ch08:7035551-7035934","80","7035551","7035934","383"
"SL2.50ch08:7188815-7190115","49","7188815","7190115","1300"
"SL2.50ch08:7751707-7752126","59","7751707","7752126","419"
"SL2.50ch08:9428445-9429609","100","9428445","9429609","1164"
"SL2.50ch08:9453312-9453643","45","9453312","9453643","331"
"SL2.50ch08:9465674-9467113","139","9465674","9467113","1439"
"SL2.50ch08:9985700-9986431","175","9985700","9986431","731"
"SL2.50ch08:9985738-9986349","175","9985738","9986349","611"
"SL2.50ch08:9987917-9990374","822","9987917","9990374","2457"
"SL2.50ch08:9987980-9990352","815","9987980","9990352","2372"
"SL2.50ch08:9993060-9995894","846","9993060","9995894","2834"
"SL2.50ch08:9993110-9995845","835","9993110","9995845","2735"
"SL2.50ch09:10572288-10572752","54","10572288","10572752","464"
"SL2.50ch09:11297372-11304280","6142","11297372","11304280","6908"
"SL2.50ch09:11297455-11301487","3841","11297455","11301487","4032"
"SL2.50ch09:11302205-11304217","2275","11302205","11304217","2012"
"SL2.50ch09:11306416-11308324","1426","11306416","11308324","1908"
"SL2.50ch09:11306567-11308222","1426","11306567","11308222","1655"
"SL2.50ch09:11310024-11314093","1903","11310024","11314093","4069"
"SL2.50ch09:11310074-11312436","1790","11310074","11312436","2362"
"SL2.50ch09:11312983-11313898","105","11312983","11313898","915"
"SL2.50ch09:11838269-11838600","62","11838269","11838600","331"
"SL2.50ch09:13565000-13565471","58","13565000","13565471","471"
"SL2.50ch09:13687955-13688340","175","13687955","13688340","385"
"SL2.50ch09:13697408-13698632","104","13697408","13698632","1224"
"SL2.50ch09:15004929-15005310","99","15004929","15005310","381"
"SL2.50ch09:1555948-1556329","157","1555948","1556329","381"
"SL2.50ch09:1555956-1556389","157","1555956","1556389","433"
"SL2.50ch09:16106991-16107322","49","16106991","16107322","331"
"SL2.50ch09:17060794-17061198","100","17060794","17061198","404"
"SL2.50ch09:17060804-17061135","100","17060804","17061135","331"
"SL2.50ch09:17597972-17598353","12","17597972","17598353","381"
"SL2.50ch09:17852973-17853411","38","17852973","17853411","438"
"SL2.50ch09:17853002-17853383","38","17853002","17853383","381"
"SL2.50ch09:18467903-18468328","55","18467903","18468328","425"
"SL2.50ch09:18938957-18939338","191","18938957","18939338","381"
"SL2.50ch09:21762754-21763135","36","21762754","21763135","381"
"SL2.50ch09:21821098-21821429","43","21821098","21821429","331"
"SL2.50ch09:21941177-21941508","40","21941177","21941508","331"
"SL2.50ch09:22135943-22136274","40","22135943","22136274","331"
"SL2.50ch09:22431248-22431629","17","22431248","22431629","381"
"SL2.50ch09:22437801-22438132","39","22437801","22438132","331"
"SL2.50ch09:22897093-22897424","56","22897093","22897424","331"
"SL2.50ch09:2437108-2437694","566","2437108","2437694","586"
"SL2.50ch09:2437132-2437672","562","2437132","2437672","540"
"SL2.50ch09:24474565-24475346","727","24474565","24475346","781"
"SL2.50ch09:24474571-24475431","732","24474571","24475431","860"
"SL2.50ch09:25663452-25663766","23","25663452","25663766","314"
"SL2.50ch09:25887279-25887683","98","25887279","25887683","404"
"SL2.50ch09:25887332-25887713","100","25887332","25887713","381"
"SL2.50ch09:26984447-26984828","30","26984447","26984828","381"
"SL2.50ch09:27413762-27414450","48","27413762","27414450","688"
"SL2.50ch09:27651027-27651544","65","27651027","27651544","517"
"SL2.50ch09:29279607-29280010","19","29279607","29280010","403"
"SL2.50ch09:29381878-29382209","38","29381878","29382209","331"
"SL2.50ch09:35300706-35302558","2141","35300706","35302558","1852"
"SL2.50ch09:35300711-35302502","2141","35300711","35302502","1791"
"SL2.50ch09:35303361-35309113","4358","35303361","35309113","5752"
"SL2.50ch09:37523012-37523659","203","37523012","37523659","647"
"SL2.50ch09:37523144-37523629","199","37523144","37523629","485"
"SL2.50ch09:37543881-37544373","26","37543881","37544373","492"
"SL2.50ch09:37849789-37850170","2","37849789","37850170","381"
"SL2.50ch09:3963936-3964267","80","3963936","3964267","331"
"SL2.50ch09:39657490-39657821","50","39657490","39657821","331"
"SL2.50ch09:40280143-40281553","18865","40280143","40281553","1410"
"SL2.50ch09:40280172-40281545","18864","40280172","40281545","1373"
"SL2.50ch09:40947194-40947781","99","40947194","40947781","587"
"SL2.50ch09:40947203-40947715","96","40947203","40947715","512"
"SL2.50ch09:41017563-41017894","63","41017563","41017894","331"
"SL2.50ch09:41491452-41491783","60","41491452","41491783","331"
"SL2.50ch09:41909205-41909648","40","41909205","41909648","443"
"SL2.50ch09:41911466-41912964","148","41911466","41912964","1498"
"SL2.50ch09:42412888-42413390","56","42412888","42413390","502"
"SL2.50ch09:42668675-42669276","19","42668675","42669276","601"
"SL2.50ch09:43219510-43219841","46","43219510","43219841","331"
"SL2.50ch09:44296701-44297082","29","44296701","44297082","381"
"SL2.50ch09:45297510-45298512","79","45297510","45298512","1002"
"SL2.50ch09:45297710-45298261","48","45297710","45298261","551"
"SL2.50ch09:45397104-45398205","633","45397104","45398205","1101"
"SL2.50ch09:45397113-45398181","633","45397113","45398181","1068"
"SL2.50ch09:45750930-45751311","37","45750930","45751311","381"
"SL2.50ch09:46223872-46224276","25","46223872","46224276","404"
"SL2.50ch09:46262512-46263393","5504","46262512","46263393","881"
"SL2.50ch09:46262519-46263341","5504","46262519","46263341","822"
"SL2.50ch09:46687672-46688188","53","46687672","46688188","516"
"SL2.50ch09:46687826-46688157","51","46687826","46688157","331"
"SL2.50ch09:48658671-48659075","12","48658671","48659075","404"
"SL2.50ch09:48889000-48889623","75","48889000","48889623","623"
"SL2.50ch09:48889173-48889607","69","48889173","48889607","434"
"SL2.50ch09:49473050-49473529","44","49473050","49473529","479"
"SL2.50ch09:49777729-49778110","12","49777729","49778110","381"
"SL2.50ch09:50745655-50746138","198","50745655","50746138","483"
"SL2.50ch09:50745734-50746148","199","50745734","50746148","414"
"SL2.50ch09:51276055-51276436","414","51276055","51276436","381"
"SL2.50ch09:51473938-51474319","18","51473938","51474319","381"
"SL2.50ch09:52104855-52105186","76","52104855","52105186","331"
"SL2.50ch09:53088477-53090485","2406","53088477","53090485","2008"
"SL2.50ch09:53088577-53090450","2405","53088577","53090450","1873"
"SL2.50ch09:53498611-53499037","48","53498611","53499037","426"
"SL2.50ch09:56322360-56322811","138","56322360","56322811","451"
"SL2.50ch09:56413626-56414046","56","56413626","56414046","420"
"SL2.50ch09:56413745-56414076","54","56413745","56414076","331"
"SL2.50ch09:57813604-57814516","88","57813604","57814516","912"
"SL2.50ch09:58995843-58996883","1969","58995843","58996883","1040"
"SL2.50ch09:58995972-58996780","1962","58995972","58996780","808"
"SL2.50ch09:60656738-60657422","287","60656738","60657422","684"
"SL2.50ch09:60656793-60657396","281","60656793","60657396","603"
"SL2.50ch09:61857443-61858157","2308","61857443","61858157","714"
"SL2.50ch09:61857460-61858188","2309","61857460","61858188","728"
"SL2.50ch09:62110648-62111029","300","62110648","62111029","381"
"SL2.50ch09:63828888-63829269","50","63828888","63829269","381"
"SL2.50ch09:63970902-63971418","2157","63970902","63971418","516"
"SL2.50ch09:63970917-63971489","2158","63970917","63971489","572"
"SL2.50ch09:63993860-63994241","195","63993860","63994241","381"
"SL2.50ch09:64377909-64378414","41","64377909","64378414","505"
"SL2.50ch09:6479807-6480138","42","6479807","6480138","331"
"SL2.50ch09:64935394-64937239","199","64935394","64937239","1845"
"SL2.50ch09:64935641-64936588","137","64935641","64936588","947"
"SL2.50ch09:67002243-67003144","75","67002243","67003144","901"
"SL2.50ch09:67002297-67003131","75","67002297","67003131","834"
"SL2.50ch09:6789966-6791370","400","6789966","6791370","1404"
"SL2.50ch09:6789982-6791313","400","6789982","6791313","1331"
"SL2.50ch09:68836714-68838170","114","68836714","68838170","1456"
"SL2.50ch09:68836781-68838147","106","68836781","68838147","1366"
"SL2.50ch09:70696428-70697064","436","70696428","70697064","636"
"SL2.50ch09:70696558-70697034","436","70696558","70697034","476"
"SL2.50ch09:71690438-71690842","18","71690438","71690842","404"
"SL2.50ch09:7384113-7384507","39","7384113","7384507","394"
"SL2.50ch09:7384153-7384467","39","7384153","7384467","314"
"SL2.50ch09:8551095-8551787","189","8551095","8551787","692"
"SL2.50ch09:8786499-8786830","59","8786499","8786830","331"
"SL2.50ch10:10731620-10732316","239","10731620","10732316","696"
"SL2.50ch10:10731672-10732352","239","10731672","10732352","680"
"SL2.50ch10:10733685-10734225","148","10733685","10734225","540"
"SL2.50ch10:10733693-10734261","148","10733693","10734261","568"
"SL2.50ch10:10734837-10735485","215","10734837","10735485","648"
"SL2.50ch10:10734970-10735446","212","10734970","10735446","476"
"SL2.50ch10:11251487-11251966","87","11251487","11251966","479"
"SL2.50ch10:11251503-11251927","84","11251503","11251927","424"
"SL2.50ch10:11687715-11688411","49","11687715","11688411","696"
"SL2.50ch10:11928798-11929179","6","11928798","11929179","381"
"SL2.50ch10:13079170-13079551","24","13079170","13079551","381"
"SL2.50ch10:13112776-13113266","22","13112776","13113266","490"
"SL2.50ch10:13192538-13193260","28","13192538","13193260","722"
"SL2.50ch10:14905372-14905761","61","14905372","14905761","389"
"SL2.50ch10:15241490-15242831","10377","15241490","15242831","1341"
"SL2.50ch10:15241521-15242839","10376","15241521","15242839","1318"
"SL2.50ch10:15272457-15273031","59","15272457","15273031","574"
"SL2.50ch10:15654082-15654413","40","15654082","15654413","331"
"SL2.50ch10:15739002-15739471","65","15739002","15739471","469"
"SL2.50ch10:15756893-15757307","52","15756893","15757307","414"
"SL2.50ch10:15785019-15785706","49","15785019","15785706","687"
"SL2.50ch10:15809046-15809427","36","15809046","15809427","381"
"SL2.50ch10:15828403-15828933","23","15828403","15828933","530"
"SL2.50ch10:15836524-15837418","50","15836524","15837418","894"
"SL2.50ch10:16038644-16038958","16","16038644","16038958","314"
"SL2.50ch10:16338841-16339222","35","16338841","16339222","381"
"SL2.50ch10:16959772-16960153","23","16959772","16960153","381"
"SL2.50ch10:17152475-17152806","42","17152475","17152806","331"
"SL2.50ch10:17488601-17488932","34","17488601","17488932","331"
"SL2.50ch10:17728555-17728936","11","17728555","17728936","381"
"SL2.50ch10:18055037-18055568","24","18055037","18055568","531"
"SL2.50ch10:18417889-18421988","439","18417889","18421988","4099"
"SL2.50ch10:18419554-18421837","342","18419554","18421837","2283"
"SL2.50ch10:19554684-19555161","15","19554684","19555161","477"
"SL2.50ch10:21219810-21221049","87","21219810","21221049","1239"
"SL2.50ch10:21220717-21221098","29","21220717","21221098","381"
"SL2.50ch10:21226044-21227861","159","21226044","21227861","1817"
"SL2.50ch10:21231503-21232793","176","21231503","21232793","1290"
"SL2.50ch10:21236697-21237727","63","21236697","21237727","1030"
"SL2.50ch10:21247095-21247945","151","21247095","21247945","850"
"SL2.50ch10:21909257-21909638","44","21909257","21909638","381"
"SL2.50ch10:21912336-21912895","53","21912336","21912895","559"
"SL2.50ch10:21912523-21912854","46","21912523","21912854","331"
"SL2.50ch10:22463263-22463644","243","22463263","22463644","381"
"SL2.50ch10:22665357-22665920","194","22665357","22665920","563"
"SL2.50ch10:22665366-22665842","194","22665366","22665842","476"
"SL2.50ch10:23944414-23944745","84","23944414","23944745","331"
"SL2.50ch10:23945481-23946086","132","23945481","23946086","605"
"SL2.50ch10:23945593-23945997","125","23945593","23945997","404"
"SL2.50ch10:23948670-23949189","82","23948670","23949189","519"
"SL2.50ch10:23948721-23949209","81","23948721","23949209","488"
"SL2.50ch10:23987423-23987829","76","23987423","23987829","406"
"SL2.50ch10:23987430-23987921","77","23987430","23987921","491"
"SL2.50ch10:24143875-24144206","44","24143875","24144206","331"
"SL2.50ch10:24144714-24145133","154","24144714","24145133","419"
"SL2.50ch10:25777284-25778078","1068","25777284","25778078","794"
"SL2.50ch10:26351606-26353632","255","26351606","26353632","2026"
"SL2.50ch10:26364063-26364988","162","26364063","26364988","925"
"SL2.50ch10:26372427-26374567","171","26372427","26374567","2140"
"SL2.50ch10:26801345-26803921","4879","26801345","26803921","2576"
"SL2.50ch10:26801376-26803810","4875","26801376","26803810","2434"
"SL2.50ch10:26805624-26806588","1588","26805624","26806588","964"
"SL2.50ch10:26805673-26806571","1588","26805673","26806571","898"
"SL2.50ch10:27361328-27361709","21","27361328","27361709","381"
"SL2.50ch10:27367963-27368518","1044","27367963","27368518","555"
"SL2.50ch10:2743197-2744195","103","2743197","2744195","998"
"SL2.50ch10:27729001-27729332","45","27729001","27729332","331"
"SL2.50ch10:27831882-27832263","19","27831882","27832263","381"
"SL2.50ch10:28297984-28299299","181","28297984","28299299","1315"
"SL2.50ch10:28300057-28300751","77","28300057","28300751","694"
"SL2.50ch10:28302218-28303445","61","28302218","28303445","1227"
"SL2.50ch10:28333904-28334285","17","28333904","28334285","381"
"SL2.50ch10:3100881-3101351","214","3100881","3101351","470"
"SL2.50ch10:3100943-3101358","209","3100943","3101358","415"
"SL2.50ch10:33008469-33009405","109","33008469","33009405","936"
"SL2.50ch10:33012053-33012679","49","33012053","33012679","626"
"SL2.50ch10:33013242-33015279","157","33013242","33015279","2037"
"SL2.50ch10:33025491-33026363","115","33025491","33026363","872"
"SL2.50ch10:33027836-33028167","40","33027836","33028167","331"
"SL2.50ch10:33367682-33368161","94","33367682","33368161","479"
"SL2.50ch10:34942527-34942858","51","34942527","34942858","331"
"SL2.50ch10:3515258-3517489","145","3515258","3517489","2231"
"SL2.50ch10:36684473-36685261","206","36684473","36685261","788"
"SL2.50ch10:36684506-36685324","215","36684506","36685324","818"
"SL2.50ch10:36692920-36693393","68","36692920","36693393","473"
"SL2.50ch10:36692976-36693357","68","36692976","36693357","381"
"SL2.50ch10:37167936-37168372","55","37167936","37168372","436"
"SL2.50ch10:37171205-37171832","798","37171205","37171832","627"
"SL2.50ch10:37433232-37433563","41","37433232","37433563","331"
"SL2.50ch10:3749220-3749731","17","3749220","3749731","511"
"SL2.50ch10:3771256-3771649","22","3771256","3771649","393"
"SL2.50ch10:3774237-3775333","131","3774237","3775333","1096"
"SL2.50ch10:37795371-37795911","86","37795371","37795911","540"
"SL2.50ch10:37795420-37795834","79","37795420","37795834","414"
"SL2.50ch10:38097440-38098119","83","38097440","38098119","679"
"SL2.50ch10:38103513-38105024","159","38103513","38105024","1511"
"SL2.50ch10:38148179-38148560","7","38148179","38148560","381"
"SL2.50ch10:3825346-3826282","57","3825346","3826282","936"
"SL2.50ch10:38518278-38518682","22","38518278","38518682","404"
"SL2.50ch10:38788572-38788903","48","38788572","38788903","331"
"SL2.50ch10:39018173-39019106","286","39018173","39019106","933"
"SL2.50ch10:39018177-39019168","289","39018177","39019168","991"
"SL2.50ch10:39505430-39506024","772","39505430","39506024","594"
"SL2.50ch10:39505488-39505961","762","39505488","39505961","473"
"SL2.50ch10:40514730-40515367","29","40514730","40515367","637"
"SL2.50ch10:40794625-40797335","2771","40794625","40797335","2710"
"SL2.50ch10:40798540-40800270","3985","40798540","40800270","1730"
"SL2.50ch10:40803618-40804361","617","40803618","40804361","743"
"SL2.50ch10:40803668-40804243","615","40803668","40804243","575"
"SL2.50ch10:41052210-41052591","84","41052210","41052591","381"
"SL2.50ch10:41646838-41647325","151","41646838","41647325","487"
"SL2.50ch10:4216994-4217610","82","4216994","4217610","616"
"SL2.50ch10:4223331-4223712","10","4223331","4223712","381"
"SL2.50ch10:42461282-42461695","53","42461282","42461695","413"
"SL2.50ch10:43054947-43058129","501","43054947","43058129","3182"
"SL2.50ch10:43054961-43058440","528","43054961","43058440","3479"
"SL2.50ch10:43331276-43331607","33","43331276","43331607","331"
"SL2.50ch10:43880868-43882563","3921","43880868","43882563","1695"
"SL2.50ch10:43880893-43882499","3910","43880893","43882499","1606"
"SL2.50ch10:43884406-43885636","1783","43884406","43885636","1230"
"SL2.50ch10:43884432-43885580","1780","43884432","43885580","1148"
"SL2.50ch10:43886611-43888316","4214","43886611","43888316","1705"
"SL2.50ch10:43886619-43888345","4214","43886619","43888345","1726"
"SL2.50ch10:43892734-43893347","665","43892734","43893347","613"
"SL2.50ch10:43892739-43893413","665","43892739","43893413","674"
"SL2.50ch10:45905566-45906318","1160","45905566","45906318","752"
"SL2.50ch10:45905589-45906284","1160","45905589","45906284","695"
"SL2.50ch10:46079402-46079935","45","46079402","46079935","533"
"SL2.50ch10:46186212-46186627","68","46186212","46186627","415"
"SL2.50ch10:47-562","121","47","562","515"
"SL2.50ch10:4700026-4700922","2518","4700026","4700922","896"
"SL2.50ch10:4700081-4700864","2517","4700081","4700864","783"
"SL2.50ch10:47369452-47369936","38","47369452","47369936","484"
"SL2.50ch10:47369559-47369942","38","47369559","47369942","383"
"SL2.50ch10:47595913-47598242","209","47595913","47598242","2329"
"SL2.50ch10:47607064-47607863","49","47607064","47607863","799"
"SL2.50ch10:48524361-48524742","172","48524361","48524742","381"
"SL2.50ch10:50260688-50261069","23","50260688","50261069","381"
"SL2.50ch10:52429802-52430183","16","52429802","52430183","381"
"SL2.50ch10:53322801-53323370","1305","53322801","53323370","569"
"SL2.50ch10:53322881-53323357","1305","53322881","53323357","476"
"SL2.50ch10:53466316-53466803","78","53466316","53466803","487"
"SL2.50ch10:53525560-53526223","337","53525560","53526223","663"
"SL2.50ch10:53525600-53526245","339","53525600","53526245","645"
"SL2.50ch10:54023122-54024529","118","54023122","54024529","1407"
"SL2.50ch10:54026985-54027366","35","54026985","54027366","381"
"SL2.50ch10:54033977-54034308","52","54033977","54034308","331"
"SL2.50ch10:57-646","124","57","646","589"
"SL2.50ch10:57564317-57565777","148","57564317","57565777","1460"
"SL2.50ch10:57574723-57575319","35","57574723","57575319","596"
"SL2.50ch10:57576102-57578546","284","57576102","57578546","2444"
"SL2.50ch10:57584248-57584871","72","57584248","57584871","623"
"SL2.50ch10:57584364-57584790","67","57584364","57584790","426"
"SL2.50ch10:57587455-57588500","98","57587455","57588500","1045"
"SL2.50ch10:57594384-57595207","88","57594384","57595207","823"
"SL2.50ch10:57594506-57595182","87","57594506","57595182","676"
"SL2.50ch10:57633781-57634112","47","57633781","57634112","331"
"SL2.50ch10:57635553-57635884","43","57635553","57635884","331"
"SL2.50ch10:57640306-57641896","153","57640306","57641896","1590"
"SL2.50ch10:57640331-57642120","169","57640331","57642120","1789"
"SL2.50ch10:57648449-57648853","37","57648449","57648853","404"
"SL2.50ch10:57659220-57660471","105","57659220","57660471","1251"
"SL2.50ch10:57659290-57660280","101","57659290","57660280","990"
"SL2.50ch10:57663451-57664326","74","57663451","57664326","875"
"SL2.50ch10:57664883-57665515","66","57664883","57665515","632"
"SL2.50ch10:57686786-57687387","25","57686786","57687387","601"
"SL2.50ch10:57697919-57699039","106","57697919","57699039","1120"
"SL2.50ch10:57698011-57699110","106","57698011","57699110","1099"
"SL2.50ch10:57700938-57702308","142","57700938","57702308","1370"
"SL2.50ch10:57701011-57702306","142","57701011","57702306","1295"
"SL2.50ch10:60633557-60633961","26","60633557","60633961","404"
"SL2.50ch10:6175256-6186574","24548","6175256","6186574","11318"
"SL2.50ch10:6175273-6186606","24548","6175273","6186606","11333"
"SL2.50ch10:6187256-6187865","574","6187256","6187865","609"
"SL2.50ch10:6187267-6187841","574","6187267","6187841","574"
"SL2.50ch10:62954773-62955154","27","62954773","62955154","381"
"SL2.50ch10:62960379-62960792","66","62960379","62960792","413"
"SL2.50ch10:63001181-63001750","40","63001181","63001750","569"
"SL2.50ch10:63001270-63001774","37","63001270","63001774","504"
"SL2.50ch10:65521147-65522487","126","65521147","65522487","1340"
"SL2.50ch10:65523634-65525509","244","65523634","65525509","1875"
"SL2.50ch10:65523654-65525477","244","65523654","65525477","1823"
"SL2.50ch10:7372366-7372794","134","7372366","7372794","428"
"SL2.50ch10:7372371-7372752","134","7372371","7372752","381"
"SL2.50ch10:7893911-7894584","46","7893911","7894584","673"
"SL2.50ch10:8660010-8660414","13","8660010","8660414","404"
"SL2.50ch10:9020980-9021472","137","9020980","9021472","492"
"SL2.50ch10:9021051-9021481","137","9021051","9021481","430"
"SL2.50ch11:10491901-10492282","21","10491901","10492282","381"
"SL2.50ch11:10763052-10763578","34","10763052","10763578","526"
"SL2.50ch11:10861838-10862311","192","10861838","10862311","473"
"SL2.50ch11:10861882-10862263","192","10861882","10862263","381"
"SL2.50ch11:11073228-11074951","121","11073228","11074951","1723"
"SL2.50ch11:11073297-11074938","118","11073297","11074938","1641"
"SL2.50ch11:11075926-11076497","30","11075926","11076497","571"
"SL2.50ch11:11078484-11081752","152","11078484","11081752","3268"
"SL2.50ch11:11078491-11080974","102","11078491","11080974","2483"
"SL2.50ch11:11090778-11091159","24","11090778","11091159","381"
"SL2.50ch11:11287975-11288821","106","11287975","11288821","846"
"SL2.50ch11:11288233-11288822","100","11288233","11288822","589"
"SL2.50ch11:12015871-12016420","493","12015871","12016420","549"
"SL2.50ch11:12015943-12016356","489","12015943","12016356","413"
"SL2.50ch11:12656102-12656433","51","12656102","12656433","331"
"SL2.50ch11:12908974-12909779","51","12908974","12909779","805"
"SL2.50ch11:13246427-13247114","59","13246427","13247114","687"
"SL2.50ch11:13365977-13367097","64","13365977","13367097","1120"
"SL2.50ch11:13377601-13380916","9431","13377601","13380916","3315"
"SL2.50ch11:13378088-13380856","9414","13378088","13380856","2768"
"SL2.50ch11:13383738-13384910","2002","13383738","13384910","1172"
"SL2.50ch11:13383747-13385922","2274","13383747","13385922","2175"
"SL2.50ch11:13386594-13388325","5521","13386594","13388325","1731"
"SL2.50ch11:13386665-13388384","5521","13386665","13388384","1719"
"SL2.50ch11:13390197-13392203","7032","13390197","13392203","2006"
"SL2.50ch11:13390252-13392190","7007","13390252","13392190","1938"
"SL2.50ch11:13394721-13400012","13801","13394721","13400012","5291"
"SL2.50ch11:13394732-13399929","13800","13394732","13399929","5197"
"SL2.50ch11:13401106-13402132","585","13401106","13402132","1026"
"SL2.50ch11:13401324-13402133","554","13401324","13402133","809"
"SL2.50ch11:13495308-13495639","84","13495308","13495639","331"
"SL2.50ch11:13967680-13968061","36","13967680","13968061","381"
"SL2.50ch11:14383538-14383942","146","14383538","14383942","404"
"SL2.50ch11:14383567-14383948","146","14383567","14383948","381"
"SL2.50ch11:16103009-16104472","621","16103009","16104472","1463"
"SL2.50ch11:16103077-16104555","620","16103077","16104555","1478"
"SL2.50ch11:16828350-16828836","52","16828350","16828836","486"
"SL2.50ch11:17210281-17210848","607","17210281","17210848","567"
"SL2.50ch11:17210342-17210853","607","17210342","17210853","511"
"SL2.50ch11:17769163-17769784","2001","17769163","17769784","621"
"SL2.50ch11:17769250-17769808","2001","17769250","17769808","558"
"SL2.50ch11:17840381-17840899","45","17840381","17840899","518"
"SL2.50ch11:17851102-17851547","81","17851102","17851547","445"
"SL2.50ch11:17872804-17873937","1075","17872804","17873937","1133"
"SL2.50ch11:17887367-17887748","13","17887367","17887748","381"
"SL2.50ch11:17912310-17912804","55","17912310","17912804","494"
"SL2.50ch11:17948294-17948718","60","17948294","17948718","424"
"SL2.50ch11:17952839-17953362","57","17952839","17953362","523"
"SL2.50ch11:17953562-17954874","98","17953562","17954874","1312"
"SL2.50ch11:17956504-17957248","62","17956504","17957248","744"
"SL2.50ch11:17984426-17985006","41","17984426","17985006","580"
"SL2.50ch11:17987923-17989566","158","17987923","17989566","1643"
"SL2.50ch11:17990667-17991355","78","17990667","17991355","688"
"SL2.50ch11:17991856-17992755","75","17991856","17992755","899"
"SL2.50ch11:17998476-18002583","520","17998476","18002583","4107"
"SL2.50ch11:18006145-18006622","73","18006145","18006622","477"
"SL2.50ch11:18015335-18019259","210","18015335","18019259","3924"
"SL2.50ch11:18020893-18026619","677","18020893","18026619","5726"
"SL2.50ch11:18031880-18033730","152","18031880","18033730","1850"
"SL2.50ch11:18034215-18034546","44","18034215","18034546","331"
"SL2.50ch11:18035075-18037182","270","18035075","18037182","2107"
"SL2.50ch11:18573852-18574332","30","18573852","18574332","480"
"SL2.50ch11:18614111-18614770","32","18614111","18614770","659"
"SL2.50ch11:18618766-18619147","42","18618766","18619147","381"
"SL2.50ch11:18627266-18627879","25","18627266","18627879","613"
"SL2.50ch11:18645294-18645625","57","18645294","18645625","331"
"SL2.50ch11:18669146-18669564","137","18669146","18669564","418"
"SL2.50ch11:18669153-18669534","137","18669153","18669534","381"
"SL2.50ch11:18682069-18682473","110","18682069","18682473","404"
"SL2.50ch11:18682100-18682482","110","18682100","18682482","382"
"SL2.50ch11:18737518-18738246","287","18737518","18738246","728"
"SL2.50ch11:19130493-19130874","26","19130493","19130874","381"
"SL2.50ch11:19331016-19331347","52","19331016","19331347","331"
"SL2.50ch11:2007375-2007851","345","2007375","2007851","476"
"SL2.50ch11:2007377-2007881","347","2007377","2007881","504"
"SL2.50ch11:20225376-20225757","29","20225376","20225757","381"
"SL2.50ch11:20415610-20416661","260","20415610","20416661","1051"
"SL2.50ch11:20415801-20416652","246","20415801","20416652","851"
"SL2.50ch11:20419008-20420298","399","20419008","20420298","1290"
"SL2.50ch11:20419096-20420352","400","20419096","20420352","1256"
"SL2.50ch11:20421066-20423091","1325","20421066","20423091","2025"
"SL2.50ch11:20421606-20423006","1307","20421606","20423006","1400"
"SL2.50ch11:20424390-20425175","133","20424390","20425175","785"
"SL2.50ch11:20424401-20425118","128","20424401","20425118","717"
"SL2.50ch11:20800179-20801675","130","20800179","20801675","1496"
"SL2.50ch11:20846608-20846939","50","20846608","20846939","331"
"SL2.50ch11:20849550-20849864","36","20849550","20849864","314"
"SL2.50ch11:21922467-21923181","232","21922467","21923181","714"
"SL2.50ch11:21922576-21923209","228","21922576","21923209","633"
"SL2.50ch11:22290552-22290933","6","22290552","22290933","381"
"SL2.50ch11:23447790-23448368","83","23447790","23448368","578"
"SL2.50ch11:23447797-23448375","83","23447797","23448375","578"
"SL2.50ch11:23452090-23452660","114","23452090","23452660","570"
"SL2.50ch11:23452184-23452620","114","23452184","23452620","436"
"SL2.50ch11:23453096-23454251","135","23453096","23454251","1155"
"SL2.50ch11:23453138-23454118","129","23453138","23454118","980"
"SL2.50ch11:23915533-23916385","48","23915533","23916385","852"
"SL2.50ch11:24012808-24014097","87","24012808","24014097","1289"
"SL2.50ch11:25050931-25051882","58","25050931","25051882","951"
"SL2.50ch11:25053151-25053482","36","25053151","25053482","331"
"SL2.50ch11:26225813-26226217","10","26225813","26226217","404"
"SL2.50ch11:27896404-27896867","34","27896404","27896867","463"
"SL2.50ch11:28356052-28357167","32","28356052","28357167","1115"
"SL2.50ch11:28357833-28360601","209","28357833","28360601","2768"
"SL2.50ch11:28756969-28757350","14","28756969","28757350","381"
"SL2.50ch11:29290879-29291260","35","29290879","29291260","381"
"SL2.50ch11:30180460-30180882","71","30180460","30180882","422"
"SL2.50ch11:30597977-30599970","422","30597977","30599970","1993"
"SL2.50ch11:30608750-30609194","130","30608750","30609194","444"
"SL2.50ch11:30608770-30609174","125","30608770","30609174","404"
"SL2.50ch11:30742579-30743572","89","30742579","30743572","993"
"SL2.50ch11:30742605-30743633","89","30742605","30743633","1028"
"SL2.50ch11:31298306-31298848","848","31298306","31298848","542"
"SL2.50ch11:31585982-31587719","1886","31585982","31587719","1737"
"SL2.50ch11:31586061-31587703","1886","31586061","31587703","1642"
"SL2.50ch11:32406653-32407261","55","32406653","32407261","608"
"SL2.50ch11:32409690-32410071","205","32409690","32410071","381"
"SL2.50ch11:32422768-32423161","57","32422768","32423161","393"
"SL2.50ch11:32424044-32426753","4500","32424044","32426753","2709"
"SL2.50ch11:32424052-32426791","4500","32424052","32426791","2739"
"SL2.50ch11:33038646-33039127","130","33038646","33039127","481"
"SL2.50ch11:33038691-33039168","131","33038691","33039168","477"
"SL2.50ch11:33838579-33838960","19","33838579","33838960","381"
"SL2.50ch11:35150940-35151378","56","35150940","35151378","438"
"SL2.50ch11:35906758-35907139","20","35906758","35907139","381"
"SL2.50ch11:37407268-37407599","51","37407268","37407599","331"
"SL2.50ch11:38194546-38196205","255","38194546","38196205","1659"
"SL2.50ch11:38194617-38196159","253","38194617","38196159","1542"
"SL2.50ch11:38960956-38961687","62","38960956","38961687","731"
"SL2.50ch11:38976843-38977174","54","38976843","38977174","331"
"SL2.50ch11:39377269-39377690","72","39377269","39377690","421"
"SL2.50ch11:40159204-40159535","45","40159204","40159535","331"
"SL2.50ch11:40317208-40320411","3678","40317208","40320411","3203"
"SL2.50ch11:40317209-40320529","3679","40317209","40320529","3320"
"SL2.50ch11:41197754-41198085","48","41197754","41198085","331"
"SL2.50ch11:41847128-41847661","9","41847128","41847661","533"
"SL2.50ch11:42918211-42918845","202","42918211","42918845","634"
"SL2.50ch11:42918269-42918859","204","42918269","42918859","590"
"SL2.50ch11:43122285-43122616","72","43122285","43122616","331"
"SL2.50ch11:43436495-43436876","20","43436495","43436876","381"
"SL2.50ch11:45233504-45239706","9181","45233504","45239706","6202"
"SL2.50ch11:45233663-45239720","9174","45233663","45239720","6057"
"SL2.50ch11:45246294-45248276","2502","45246294","45248276","1982"
"SL2.50ch11:45246295-45248318","2502","45246295","45248318","2023"
"SL2.50ch11:45250517-45251257","1586","45250517","45251257","740"
"SL2.50ch11:45250523-45251236","1586","45250523","45251236","713"
"SL2.50ch11:45252815-45254411","2042","45252815","45254411","1596"
"SL2.50ch11:45252840-45254378","2024","45252840","45254378","1538"
"SL2.50ch11:45255655-45260484","6800","45255655","45260484","4829"
"SL2.50ch11:45255683-45260439","6800","45255683","45260439","4756"
"SL2.50ch11:45336960-45338883","2605","45336960","45338883","1923"
"SL2.50ch11:45337036-45338896","2598","45337036","45338896","1860"
"SL2.50ch11:45339571-45342127","2992","45339571","45342127","2556"
"SL2.50ch11:45339892-45342146","2963","45339892","45342146","2254"
"SL2.50ch11:45343888-45345757","2686","45343888","45345757","1869"
"SL2.50ch11:45343932-45345750","2646","45343932","45345750","1818"
"SL2.50ch11:45350101-45351451","1903","45350101","45351451","1350"
"SL2.50ch11:45350111-45351438","1903","45350111","45351438","1327"
"SL2.50ch11:45354471-45355948","1839","45354471","45355948","1477"
"SL2.50ch11:45354492-45356028","1839","45354492","45356028","1536"
"SL2.50ch11:45357921-45358671","708","45357921","45358671","750"
"SL2.50ch11:45357991-45358650","708","45357991","45358650","659"
"SL2.50ch11:45363873-45368149","7395","45363873","45368149","4276"
"SL2.50ch11:45363883-45368069","7395","45363883","45368069","4186"
"SL2.50ch11:45371016-45372698","990","45371016","45372698","1682"
"SL2.50ch11:45371030-45372657","990","45371030","45372657","1627"
"SL2.50ch11:45374308-45377789","3812","45374308","45377789","3481"
"SL2.50ch11:45374348-45377768","3805","45374348","45377768","3420"
"SL2.50ch11:45386705-45388208","2574","45386705","45388208","1503"
"SL2.50ch11:45386734-45388276","2559","45386734","45388276","1542"
"SL2.50ch11:45390084-45391167","1744","45390084","45391167","1083"
"SL2.50ch11:45390126-45391165","1738","45390126","45391165","1039"
"SL2.50ch11:45392558-45394301","1595","45392558","45394301","1743"
"SL2.50ch11:45392787-45394263","1585","45392787","45394263","1476"
"SL2.50ch11:45396272-45396781","132","45396272","45396781","509"
"SL2.50ch11:45397264-45397956","916","45397264","45397956","692"
"SL2.50ch11:45400822-45401203","59","45400822","45401203","381"
"SL2.50ch11:45403852-45404567","219","45403852","45404567","715"
"SL2.50ch11:45403892-45404869","225","45403892","45404869","977"
"SL2.50ch11:45405893-45406671","106","45405893","45406671","778"
"SL2.50ch11:45406140-45406635","79","45406140","45406635","495"
"SL2.50ch11:45411459-45413075","1905","45411459","45413075","1616"
"SL2.50ch11:45411475-45413034","1905","45411475","45413034","1559"
"SL2.50ch11:45417282-45418372","649","45417282","45418372","1090"
"SL2.50ch11:45417295-45418458","649","45417295","45418458","1163"
"SL2.50ch11:45422630-45423708","1347","45422630","45423708","1078"
"SL2.50ch11:45422641-45423626","1341","45422641","45423626","985"
"SL2.50ch11:45440153-45441044","724","45440153","45441044","891"
"SL2.50ch11:45440170-45440838","723","45440170","45440838","668"
"SL2.50ch11:45444371-45444962","425","45444371","45444962","591"
"SL2.50ch11:45444392-45444894","425","45444392","45444894","502"
"SL2.50ch11:45446480-45449019","2436","45446480","45449019","2539"
"SL2.50ch11:45446502-45448937","2436","45446502","45448937","2435"
"SL2.50ch11:45450066-45451953","1249","45450066","45451953","1887"
"SL2.50ch11:45450198-45451955","1248","45450198","45451955","1757"
"SL2.50ch11:45459831-45460436","1100","45459831","45460436","605"
"SL2.50ch11:45459847-45460418","1100","45459847","45460418","571"
"SL2.50ch11:45461232-45462107","708","45461232","45462107","875"
"SL2.50ch11:45461254-45462039","708","45461254","45462039","785"
"SL2.50ch11:45463523-45465560","1724","45463523","45465560","2037"
"SL2.50ch11:45463545-45465535","1724","45463545","45465535","1990"
"SL2.50ch11:45475487-45476009","278","45475487","45476009","522"
"SL2.50ch11:45475498-45475974","278","45475498","45475974","476"
"SL2.50ch11:45992516-45992847","38","45992516","45992847","331"
"SL2.50ch11:4671798-4672206","35","4671798","4672206","408"
"SL2.50ch11:4671846-4672227","30","4671846","4672227","381"
"SL2.50ch11:47166014-47166395","10","47166014","47166395","381"
"SL2.50ch11:48691879-48692369","69","48691879","48692369","490"
"SL2.50ch11:48691975-48692306","68","48691975","48692306","331"
"SL2.50ch11:48717907-48719584","2099","48717907","48719584","1677"
"SL2.50ch11:48717921-48719673","2099","48717921","48719673","1752"
"SL2.50ch11:48869744-48870859","3656","48869744","48870859","1115"
"SL2.50ch11:48869746-48871201","3667","48869746","48871201","1455"
"SL2.50ch11:49617738-49625597","7965","49617738","49625597","7859"
"SL2.50ch11:49617752-49620791","2911","49617752","49620791","3039"
"SL2.50ch11:49621163-49625553","5041","49621163","49625553","4390"
"SL2.50ch11:49629289-49636156","5599","49629289","49636156","6867"
"SL2.50ch11:49629359-49636101","5591","49629359","49636101","6742"
"SL2.50ch11:49638631-49640729","1190","49638631","49640729","2098"
"SL2.50ch11:49638814-49640579","1186","49638814","49640579","1765"
"SL2.50ch11:49641085-49644012","963","49641085","49644012","2927"
"SL2.50ch11:49641219-49643986","962","49641219","49643986","2767"
"SL2.50ch11:49648062-49649559","1697","49648062","49649559","1497"
"SL2.50ch11:49648129-49649470","1697","49648129","49649470","1341"
"SL2.50ch11:49740346-49741494","75","49740346","49741494","1148"
"SL2.50ch11:49740464-49741355","67","49740464","49741355","891"
"SL2.50ch11:49779907-49780311","20","49779907","49780311","404"
"SL2.50ch11:50255274-50255781","86","50255274","50255781","507"
"SL2.50ch11:50269947-50270376","89","50269947","50270376","429"
"SL2.50ch11:50794411-50795090","221","50794411","50795090","679"
"SL2.50ch11:50794589-50795065","217","50794589","50795065","476"
"SL2.50ch11:51012856-51013341","50","51012856","51013341","485"
"SL2.50ch11:51640933-51641462","44","51640933","51641462","529"
"SL2.50ch11:53074895-53075361","68","53074895","53075361","466"
"SL2.50ch11:53074921-53075337","68","53074921","53075337","416"
"SL2.50ch11:53587385-53587841","32","53587385","53587841","456"
"SL2.50ch11:53587433-53587916","33","53587433","53587916","483"
"SL2.50ch11:55434542-55435796","164","55434542","55435796","1254"
"SL2.50ch11:55434573-55435648","163","55434573","55435648","1075"
"SL2.50ch11:55436855-55437258","36","55436855","55437258","403"
"SL2.50ch11:5768913-5769332","181","5768913","5769332","419"
"SL2.50ch11:5768962-5769343","181","5768962","5769343","381"
"SL2.50ch11:7156237-7156814","75","7156237","7156814","577"
"SL2.50ch11:7156314-7156732","71","7156314","7156732","418"
"SL2.50ch11:7159640-7160120","117","7159640","7160120","480"
"SL2.50ch11:7159705-7160160","120","7159705","7160160","455"
"SL2.50ch11:7471982-7472313","38","7471982","7472313","331"
"SL2.50ch11:8470402-8472553","303","8470402","8472553","2151"
"SL2.50ch11:8470520-8472326","291","8470520","8472326","1806"
"SL2.50ch11:8485860-8486264","17","8485860","8486264","404"
"SL2.50ch11:8510015-8510759","64","8510015","8510759","744"
"SL2.50ch11:8510017-8510718","64","8510017","8510718","701"
"SL2.50ch11:8517017-8517422","25","8517017","8517422","405"
"SL2.50ch11:9479271-9479955","90","9479271","9479955","684"
"SL2.50ch11:9484236-9484982","74","9484236","9484982","746"
"SL2.50ch11:9484287-9485000","73","9484287","9485000","713"
"SL2.50ch12:11125605-11126177","265","11125605","11126177","572"
"SL2.50ch12:12332998-12333329","39","12332998","12333329","331"
"SL2.50ch12:1281270-1281935","2306","1281270","1281935","665"
"SL2.50ch12:1281330-1282010","2306","1281330","1282010","680"
"SL2.50ch12:13250700-13251294","224","13250700","13251294","594"
"SL2.50ch12:13250748-13251224","220","13250748","13251224","476"
"SL2.50ch12:14018476-14018807","33","14018476","14018807","331"
"SL2.50ch12:14493392-14493899","37","14493392","14493899","507"
"SL2.50ch12:14493555-14493936","37","14493555","14493936","381"
"SL2.50ch12:15148901-15149232","39","15148901","15149232","331"
"SL2.50ch12:15634492-15634969","106","15634492","15634969","477"
"SL2.50ch12:17330809-17331703","103","17330809","17331703","894"
"SL2.50ch12:17338044-17338589","69","17338044","17338589","545"
"SL2.50ch12:17343076-17343923","96","17343076","17343923","847"
"SL2.50ch12:17369783-17372098","235","17369783","17372098","2315"
"SL2.50ch12:17374178-17375468","117","17374178","17375468","1290"
"SL2.50ch12:17452322-17452808","19","17452322","17452808","486"
"SL2.50ch12:17453646-17454510","50","17453646","17454510","864"
"SL2.50ch12:17458286-17458617","40","17458286","17458617","331"
"SL2.50ch12:17462767-17463586","185","17462767","17463586","819"
"SL2.50ch12:17462792-17463626","185","17462792","17463626","834"
"SL2.50ch12:17468752-17470197","359","17468752","17470197","1445"
"SL2.50ch12:17468971-17470210","357","17468971","17470210","1239"
"SL2.50ch12:17570238-17572190","170","17570238","17572190","1952"
"SL2.50ch12:17582576-17583864","218","17582576","17583864","1288"
"SL2.50ch12:17582629-17583877","218","17582629","17583877","1248"
"SL2.50ch12:17584517-17586675","343","17584517","17586675","2158"
"SL2.50ch12:17584536-17586614","342","17584536","17586614","2078"
"SL2.50ch12:19350921-19351325","34","19350921","19351325","404"
"SL2.50ch12:19389610-19389991","38","19389610","19389991","381"
"SL2.50ch12:21139202-21139659","60","21139202","21139659","457"
"SL2.50ch12:21403404-21403840","49","21403404","21403840","436"
"SL2.50ch12:22366142-22366649","60","22366142","22366649","507"
"SL2.50ch12:22366240-22366645","59","22366240","22366645","405"
"SL2.50ch12:22466090-22469538","548","22466090","22469538","3448"
"SL2.50ch12:22467023-22469458","495","22467023","22469458","2435"
"SL2.50ch12:22471379-22472200","139","22471379","22472200","821"
"SL2.50ch12:22471407-22472087","136","22471407","22472087","680"
"SL2.50ch12:22476825-22478142","277","22476825","22478142","1317"
"SL2.50ch12:22476935-22478041","273","22476935","22478041","1106"
"SL2.50ch12:22571612-22572821","126","22571612","22572821","1209"
"SL2.50ch12:22571717-22572799","123","22571717","22572799","1082"
"SL2.50ch12:22575813-22577176","218","22575813","22577176","1363"
"SL2.50ch12:22587749-22588457","75","22587749","22588457","708"
"SL2.50ch12:22590590-22591176","63","22590590","22591176","586"
"SL2.50ch12:22599374-22600385","171","22599374","22600385","1011"
"SL2.50ch12:22610566-22610979","49","22610566","22610979","413"
"SL2.50ch12:22619644-22621023","288","22619644","22621023","1379"
"SL2.50ch12:22619701-22621095","288","22619701","22621095","1394"
"SL2.50ch12:22622908-22624182","202","22622908","22624182","1274"
"SL2.50ch12:22622918-22624219","202","22622918","22624219","1301"
"SL2.50ch12:22626855-22628226","130","22626855","22628226","1371"
"SL2.50ch12:22636260-22637117","176","22636260","22637117","857"
"SL2.50ch12:22636265-22637122","176","22636265","22637122","857"
"SL2.50ch12:22638809-22641705","619","22638809","22641705","2896"
"SL2.50ch12:22642990-22644299","179","22642990","22644299","1309"
"SL2.50ch12:22643043-22644316","177","22643043","22644316","1273"
"SL2.50ch12:22647684-22649182","248","22647684","22649182","1498"
"SL2.50ch12:22647724-22649179","246","22647724","22649179","1455"
"SL2.50ch12:22661770-22664397","250","22661770","22664397","2627"
"SL2.50ch12:22689890-22690369","53","22689890","22690369","479"
"SL2.50ch12:22698690-22699413","75","22698690","22699413","723"
"SL2.50ch12:22703614-22704318","42","22703614","22704318","704"
"SL2.50ch12:22765154-22770114","441","22765154","22770114","4960"
"SL2.50ch12:22770869-22773743","233","22770869","22773743","2874"
"SL2.50ch12:26321661-26322042","24","26321661","26322042","381"
"SL2.50ch12:26989483-26989864","19","26989483","26989864","381"
"SL2.50ch12:27481101-27481482","10","27481101","27481482","381"
"SL2.50ch12:29080778-29087823","538","29080778","29087823","7045"
"SL2.50ch12:29094883-29096025","97","29094883","29096025","1142"
"SL2.50ch12:29096668-29097262","76","29096668","29097262","594"
"SL2.50ch12:29097977-29099133","97","29097977","29099133","1156"
"SL2.50ch12:29986594-29986976","65","29986594","29986976","382"
"SL2.50ch12:30017686-30018067","481","30017686","30018067","381"
"SL2.50ch12:3209934-3210390","63","3209934","3210390","456"
"SL2.50ch12:3209999-3210380","63","3209999","3210380","381"
"SL2.50ch12:33269561-33270105","71","33269561","33270105","544"
"SL2.50ch12:33815397-33815892","152","33815397","33815892","495"
"SL2.50ch12:33815427-33815831","151","33815427","33815831","404"
"SL2.50ch12:33827505-33828188","39","33827505","33828188","683"
"SL2.50ch12:33829156-33829748","94","33829156","33829748","592"
"SL2.50ch12:33829226-33829607","92","33829226","33829607","381"
"SL2.50ch12:34295106-34305960","1319","34295106","34305960","10854"
"SL2.50ch12:34295125-34305784","1315","34295125","34305784","10659"
"SL2.50ch12:34306321-34317329","1387","34306321","34317329","11008"
"SL2.50ch12:34307944-34317175","1266","34307944","34317175","9231"
"SL2.50ch12:34329060-34333200","426","34329060","34333200","4140"
"SL2.50ch12:34329861-34331697","256","34329861","34331697","1836"
"SL2.50ch12:34333645-34333959","24","34333645","34333959","314"
"SL2.50ch12:34808288-34808669","178","34808288","34808669","381"
"SL2.50ch12:36108054-36136218","2587","36108054","36136218","28164"
"SL2.50ch12:36159277-36160089","97","36159277","36160089","812"
"SL2.50ch12:36180044-36180928","83","36180044","36180928","884"
"SL2.50ch12:36183812-36184673","98","36183812","36184673","861"
"SL2.50ch12:36228443-36228925","32","36228443","36228925","482"
"SL2.50ch12:36230006-36230387","17","36230006","36230387","381"
"SL2.50ch12:36243987-36244318","38","36243987","36244318","331"
"SL2.50ch12:36245646-36246132","33","36245646","36246132","486"
"SL2.50ch12:36251793-36252444","30","36251793","36252444","651"
"SL2.50ch12:37679933-37680505","250","37679933","37680505","572"
"SL2.50ch12:37679973-37680475","250","37679973","37680475","502"
"SL2.50ch12:38096630-38097066","39","38096630","38097066","436"
"SL2.50ch12:38096955-38098209","103","38096955","38098209","1254"
"SL2.50ch12:39449937-39450547","46","39449937","39450547","610"
"SL2.50ch12:39482866-39483197","53","39482866","39483197","331"
"SL2.50ch12:39785085-39785416","35","39785085","39785416","331"
"SL2.50ch12:41429927-41430258","48","41429927","41430258","331"
"SL2.50ch12:42325893-42326385","32","42325893","42326385","492"
"SL2.50ch12:42325980-42326361","29","42325980","42326361","381"
"SL2.50ch12:4279791-4283658","1710","4279791","4283658","3867"
"SL2.50ch12:4279793-4283758","1713","4279793","4283758","3965"
"SL2.50ch12:4296390-4297207","132","4296390","4297207","817"
"SL2.50ch12:4297763-4298673","94","4297763","4298673","910"
"SL2.50ch12:4297827-4298566","88","4297827","4298566","739"
"SL2.50ch12:4299696-4301289","104","4299696","4301289","1593"
"SL2.50ch12:4300238-4301278","81","4300238","4301278","1040"
"SL2.50ch12:4302878-4303292","56","4302878","4303292","414"
"SL2.50ch12:4308651-4310061","86","4308651","4310061","1410"
"SL2.50ch12:4311839-4312170","52","4311839","4312170","331"
"SL2.50ch12:4313018-4313834","60","4313018","4313834","816"
"SL2.50ch12:4313124-4313854","49","4313124","4313854","730"
"SL2.50ch12:4328830-4329758","170","4328830","4329758","928"
"SL2.50ch12:4328911-4329804","167","4328911","4329804","893"
"SL2.50ch12:4332757-4333958","139","4332757","4333958","1201"
"SL2.50ch12:4332795-4334013","136","4332795","4334013","1218"
"SL2.50ch12:4335203-4337241","183","4335203","4337241","2038"
"SL2.50ch12:4350353-4351259","100","4350353","4351259","906"
"SL2.50ch12:4350370-4351149","93","4350370","4351149","779"
"SL2.50ch12:44659011-44659469","82","44659011","44659469","458"
"SL2.50ch12:4498945-4499947","83","4498945","4499947","1002"
"SL2.50ch12:45738173-45738504","105","45738173","45738504","331"
"SL2.50ch12:47013502-47013833","34","47013502","47013833","331"
"SL2.50ch12:47850906-47851287","31","47850906","47851287","381"
"SL2.50ch12:49282766-49283277","636","49282766","49283277","511"
"SL2.50ch12:49282814-49283195","633","49282814","49283195","381"
"SL2.50ch12:49661976-49662526","1286","49661976","49662526","550"
"SL2.50ch12:49662034-49662510","1286","49662034","49662510","476"
"SL2.50ch12:49894199-49894848","70","49894199","49894848","649"
"SL2.50ch12:49894315-49894836","67","49894315","49894836","521"
"SL2.50ch12:49897234-49897821","20","49897234","49897821","587"
"SL2.50ch12:50172509-50173789","194","50172509","50173789","1280"
"SL2.50ch12:50172600-50173673","188","50172600","50173673","1073"
"SL2.50ch12:5093985-5094492","131","5093985","5094492","507"
"SL2.50ch12:5094025-5094411","127","5094025","5094411","386"
"SL2.50ch12:51038493-51039010","129","51038493","51039010","517"
"SL2.50ch12:51040353-51041261","471","51040353","51041261","908"
"SL2.50ch12:51040474-51042152","687","51040474","51042152","1678"
"SL2.50ch12:51041614-51042084","188","51041614","51042084","470"
"SL2.50ch12:51073484-51073975","138","51073484","51073975","491"
"SL2.50ch12:51073513-51073990","139","51073513","51073990","477"
"SL2.50ch12:51538100-51538911","174","51538100","51538911","811"
"SL2.50ch12:51538163-51538838","171","51538163","51538838","675"
"SL2.50ch12:51544192-51544877","157","51544192","51544877","685"
"SL2.50ch12:51544211-51545010","160","51544211","51545010","799"
"SL2.50ch12:51597182-51597823","701","51597182","51597823","641"
"SL2.50ch12:51597324-51597800","699","51597324","51597800","476"
"SL2.50ch12:5192271-5192750","44","5192271","5192750","479"
"SL2.50ch12:54256722-54257322","105","54256722","54257322","600"
"SL2.50ch12:54273682-54274338","756","54273682","54274338","656"
"SL2.50ch12:54273741-54274217","754","54273741","54274217","476"
"SL2.50ch12:54308714-54309197","63","54308714","54309197","483"
"SL2.50ch12:54318649-54319616","86","54318649","54319616","967"
"SL2.50ch12:54319025-54319406","69","54319025","54319406","381"
"SL2.50ch12:54590584-54591655","51","54590584","54591655","1071"
"SL2.50ch12:5488467-5488892","61","5488467","5488892","425"
"SL2.50ch12:55097793-55098124","48","55097793","55098124","331"
"SL2.50ch12:55224586-55225072","66","55224586","55225072","486"
"SL2.50ch12:55224654-55225051","62","55224654","55225051","397"
"SL2.50ch12:56077983-56078387","66","56077983","56078387","404"
"SL2.50ch12:56078034-56078365","66","56078034","56078365","331"
"SL2.50ch12:56908933-56910083","2612","56908933","56910083","1150"
"SL2.50ch12:56909006-56910116","2610","56909006","56910116","1110"
"SL2.50ch12:57552013-57553141","78","57552013","57553141","1128"
"SL2.50ch12:57552044-57553763","120","57552044","57553763","1719"
"SL2.50ch12:57621736-57622289","305","57621736","57622289","553"
"SL2.50ch12:57621782-57622238","302","57621782","57622238","456"
"SL2.50ch12:58130508-58130889","17","58130508","58130889","381"
"SL2.50ch12:59006940-59008045","43","59006940","59008045","1105"
"SL2.50ch12:60467750-60469546","108","60467750","60469546","1796"
"SL2.50ch12:60502840-60503511","38","60502840","60503511","671"
"SL2.50ch12:60503445-60503776","45","60503445","60503776","331"
"SL2.50ch12:60526848-60527334","20","60526848","60527334","486"
"SL2.50ch12:60534671-60537576","187","60534671","60537576","2905"
"SL2.50ch12:60546159-60552268","605","60546159","60552268","6109"
"SL2.50ch12:60556961-60564301","911","60556961","60564301","7340"
"SL2.50ch12:60565795-60567385","163","60565795","60567385","1590"
"SL2.50ch12:60569886-60573385","469","60569886","60573385","3499"
"SL2.50ch12:60586267-60590941","554","60586267","60590941","4674"
"SL2.50ch12:60593366-60593801","47","60593366","60593801","435"
"SL2.50ch12:60595078-60596221","131","60595078","60596221","1143"
"SL2.50ch12:60598684-60599309","69","60598684","60599309","625"
"SL2.50ch12:60610231-60618151","766","60610231","60618151","7920"
"SL2.50ch12:60624354-60631196","558","60624354","60631196","6842"
"SL2.50ch12:60637700-60641689","272","60637700","60641689","3989"
"SL2.50ch12:60643055-60643768","42","60643055","60643768","713"
"SL2.50ch12:60649865-60650474","67","60649865","60650474","609"
"SL2.50ch12:60651370-60651832","48","60651370","60651832","462"
"SL2.50ch12:60663344-60664212","105","60663344","60664212","868"
"SL2.50ch12:60669966-60670728","76","60669966","60670728","762"
"SL2.50ch12:60692608-60693779","101","60692608","60693779","1171"
"SL2.50ch12:60696892-60709033","1432","60696892","60709033","12141"
"SL2.50ch12:60697520-60709363","1431","60697520","60709363","11843"
"SL2.50ch12:60709890-60717733","1106","60709890","60717733","7843"
"SL2.50ch12:60711458-60717601","904","60711458","60717601","6143"
"SL2.50ch12:60718836-60737124","2443","60718836","60737124","18288"
"SL2.50ch12:60718857-60737164","2439","60718857","60737164","18307"
"SL2.50ch12:60921858-60922437","19","60921858","60922437","579"
"SL2.50ch12:60947806-60951643","1670","60947806","60951643","3837"
"SL2.50ch12:60947867-60949804","1546","60947867","60949804","1937"
"SL2.50ch12:60951150-60951596","64","60951150","60951596","446"
"SL2.50ch12:61002859-61005844","734","61002859","61005844","2985"
"SL2.50ch12:61002927-61004820","619","61002927","61004820","1893"
"SL2.50ch12:61005201-61005615","110","61005201","61005615","414"
"SL2.50ch12:6159373-6159853","39","6159373","6159853","480"
"SL2.50ch12:61617164-61618595","166","61617164","61618595","1431"
"SL2.50ch12:61617339-61618525","145","61617339","61618525","1186"
"SL2.50ch12:61625683-61626124","51","61625683","61626124","441"
"SL2.50ch12:61627518-61630158","317","61627518","61630158","2640"
"SL2.50ch12:61638041-61642381","596","61638041","61642381","4340"
"SL2.50ch12:61647075-61649066","239","61647075","61649066","1991"
"SL2.50ch12:61649839-61653854","522","61649839","61653854","4015"
"SL2.50ch12:61656910-61658152","142","61656910","61658152","1242"
"SL2.50ch12:6203932-6204684","47","6203932","6204684","752"
"SL2.50ch12:6204092-6204496","43","6204092","6204496","404"
"SL2.50ch12:6208307-6208825","14","6208307","6208825","518"
"SL2.50ch12:62260264-62260645","233","62260264","62260645","381"
"SL2.50ch12:62260268-62260702","233","62260268","62260702","434"
"SL2.50ch12:62672044-62673379","99","62672044","62673379","1335"
"SL2.50ch12:62677611-62678101","26","62677611","62678101","490"
"SL2.50ch12:62680291-62680622","36","62680291","62680622","331"
"SL2.50ch12:62685389-62686456","60","62685389","62686456","1067"
"SL2.50ch12:63804529-63805112","345","63804529","63805112","583"
"SL2.50ch12:63804551-63805133","345","63804551","63805133","582"
"SL2.50ch12:63885229-63885802","277","63885229","63885802","573"
"SL2.50ch12:63885259-63885825","277","63885259","63885825","566"
"SL2.50ch12:64875640-64876159","84","64875640","64876159","519"
"SL2.50ch12:65405444-65406020","858","65405444","65406020","576"
"SL2.50ch12:65405532-65406036","857","65405532","65406036","504"
"SL2.50ch12:65635988-65636918","3324","65635988","65636918","930"
"SL2.50ch12:65636138-65636835","3324","65636138","65636835","697"
"SL2.50ch12:65737636-65739323","165","65737636","65739323","1687"
"SL2.50ch12:65744964-65745563","250","65744964","65745563","599"
"SL2.50ch12:65745156-65745569","246","65745156","65745569","413"
"SL2.50ch12:7358534-7359257","2247","7358534","7359257","723"
"SL2.50ch12:7358610-7359322","2248","7358610","7359322","712"
"SL2.50ch12:7715540-7716044","25","7715540","7716044","504"
"SL2.50ch12:870451-871091","457","870451","871091","640"
"SL2.50ch12:870467-871043","457","870467","871043","576"
"SL2.50ch12:9622357-9622865","41","9622357","9622865","508"
"SL2.50ch12:9622529-9623515","47","9622529","9623515","986"
"__no_feature","15931368","__no_feature","__no_feature","Bad Read Size"
"__ambiguous","1784820","__ambiguous","__ambiguous","Bad Read Size"
"__too_low_aQual","2903250","__too_low_aQual","__too_low_aQual","Bad Read Size"
"__not_aligned","0","__not_aligned","__not_aligned","Bad Read Size"
"__alignment_not_unique","0","__alignment_not_unique","__alignment_not_unique","Bad Read Size"
