"SL2.50ch00:10005141-10011112","1289","10005141","10011112","5971"
"SL2.50ch00:10065487-10066763","230","10065487","10066763","1276"
"SL2.50ch00:10068907-10069554","142","10068907","10069554","647"
"SL2.50ch00:10077002-10077940","171","10077002","10077940","938"
"SL2.50ch00:10083677-10084008","46","10083677","10084008","331"
"SL2.50ch00:10083717-10084121","67","10083717","10084121","404"
"SL2.50ch00:10087141-10087522","41","10087141","10087522","381"
"SL2.50ch00:10091503-10092106","73","10091503","10092106","603"
"SL2.50ch00:10093140-10093724","75","10093140","10093724","584"
"SL2.50ch00:10103496-10104116","102","10103496","10104116","620"
"SL2.50ch00:10105984-10106392","47","10105984","10106392","408"
"SL2.50ch00:10108110-10108526","81","10108110","10108526","416"
"SL2.50ch00:10111024-10111355","34","10111024","10111355","331"
"SL2.50ch00:10117335-10118295","171","10117335","10118295","960"
"SL2.50ch00:10120087-10122222","457","10120087","10122222","2135"
"SL2.50ch00:10120718-10122214","371","10120718","10122214","1496"
"SL2.50ch00:10152460-10155800","906","10152460","10155800","3340"
"SL2.50ch00:10152754-10155689","885","10152754","10155689","2935"
"SL2.50ch00:10157628-10158609","181","10157628","10158609","981"
"SL2.50ch00:10157650-10158569","177","10157650","10158569","919"
"SL2.50ch00:10272221-10272832","178","10272221","10272832","611"
"SL2.50ch00:10279819-10280479","69","10279819","10280479","660"
"SL2.50ch00:10289422-10289901","65","10289422","10289901","479"
"SL2.50ch00:10290736-10291286","117","10290736","10291286","550"
"SL2.50ch00:10291703-10292158","74","10291703","10292158","455"
"SL2.50ch00:10297595-10298546","376","10297595","10298546","951"
"SL2.50ch00:10297703-10298485","369","10297703","10298485","782"
"SL2.50ch00:10299741-10300252","75","10299741","10300252","511"
"SL2.50ch00:10302592-10303453","153","10302592","10303453","861"
"SL2.50ch00:10307193-10307574","63","10307193","10307574","381"
"SL2.50ch00:10312875-10313412","134","10312875","10313412","537"
"SL2.50ch00:10399107-10400823","519","10399107","10400823","1716"
"SL2.50ch00:10399126-10400773","519","10399126","10400773","1647"
"SL2.50ch00:10401962-10403570","802","10401962","10403570","1608"
"SL2.50ch00:10402022-10403589","796","10402022","10403589","1567"
"SL2.50ch00:10405120-10406139","115","10405120","10406139","1019"
"SL2.50ch00:10410732-10412157","470","10410732","10412157","1425"
"SL2.50ch00:10413931-10414420","76","10413931","10414420","489"
"SL2.50ch00:10421271-10422036","122","10421271","10422036","765"
"SL2.50ch00:10421325-10421900","114","10421325","10421900","575"
"SL2.50ch00:10423992-10424622","100","10423992","10424622","630"
"SL2.50ch00:10428518-10429766","363","10428518","10429766","1248"
"SL2.50ch00:10428560-10429877","361","10428560","10429877","1317"
"SL2.50ch00:10431331-10432014","154","10431331","10432014","683"
"SL2.50ch00:10438317-10439161","200","10438317","10439161","844"
"SL2.50ch00:10476481-10481250","729","10476481","10481250","4769"
"SL2.50ch00:10482665-10483675","171","10482665","10483675","1010"
"SL2.50ch00:10485707-10487511","534","10485707","10487511","1804"
"SL2.50ch00:10502513-10503036","56","10502513","10503036","523"
"SL2.50ch00:10508200-10508581","48","10508200","10508581","381"
"SL2.50ch00:10512279-10513587","226","10512279","10513587","1308"
"SL2.50ch00:10574814-10576035","473","10574814","10576035","1221"
"SL2.50ch00:10574843-10576103","473","10574843","10576103","1260"
"SL2.50ch00:10577314-10578590","149","10577314","10578590","1276"
"SL2.50ch00:10581664-10582341","61","10581664","10582341","677"
"SL2.50ch00:10588136-10588834","138","10588136","10588834","698"
"SL2.50ch00:10600590-10600921","78","10600590","10600921","331"
"SL2.50ch00:10601253-10602032","221","10601253","10602032","779"
"SL2.50ch00:10603667-10606248","892","10603667","10606248","2581"
"SL2.50ch00:10604061-10606228","858","10604061","10606228","2167"
"SL2.50ch00:10607822-10610054","950","10607822","10610054","2232"
"SL2.50ch00:10607854-10610082","950","10607854","10610082","2228"
"SL2.50ch00:10617025-10618102","846","10617025","10618102","1077"
"SL2.50ch00:10617045-10618174","846","10617045","10618174","1129"
"SL2.50ch00:10627392-10628351","639","10627392","10628351","959"
"SL2.50ch00:10627420-10628331","639","10627420","10628331","911"
"SL2.50ch00:10630303-10630941","234","10630303","10630941","638"
"SL2.50ch00:10630322-10630895","234","10630322","10630895","573"
"SL2.50ch00:10632640-10636737","1529","10632640","10636737","4097"
"SL2.50ch00:10632707-10636726","1522","10632707","10636726","4019"
"SL2.50ch00:10638493-10640185","1683","10638493","10640185","1692"
"SL2.50ch00:10638591-10640187","1683","10638591","10640187","1596"
"SL2.50ch00:10642033-10643902","1245","10642033","10643902","1869"
"SL2.50ch00:10642037-10643846","1245","10642037","10643846","1809"
"SL2.50ch00:10644515-10646026","640","10644515","10646026","1511"
"SL2.50ch00:10644516-10645874","632","10644516","10645874","1358"
"SL2.50ch00:10651555-10652266","258","10651555","10652266","711"
"SL2.50ch00:10651628-10652252","254","10651628","10652252","624"
"SL2.50ch00:10653584-10655204","405","10653584","10655204","1620"
"SL2.50ch00:10656082-10657809","373","10656082","10657809","1727"
"SL2.50ch00:10659682-10660159","112","10659682","10660159","477"
"SL2.50ch00:10660575-10661051","71","10660575","10661051","476"
"SL2.50ch00:10664093-10664879","1158","10664093","10664879","786"
"SL2.50ch00:10665512-10666210","2306","10665512","10666210","698"
"SL2.50ch00:10665535-10666163","2306","10665535","10666163","628"
"SL2.50ch00:10667197-10669630","8880","10667197","10669630","2433"
"SL2.50ch00:10667249-10669624","8847","10667249","10669624","2375"
"SL2.50ch00:10672327-10672995","1673","10672327","10672995","668"
"SL2.50ch00:10672331-10673001","1673","10672331","10673001","670"
"SL2.50ch00:10675576-10676676","2061","10675576","10676676","1100"
"SL2.50ch00:10675601-10676553","2050","10675601","10676553","952"
"SL2.50ch00:10680500-10686366","22775","10680500","10686366","5866"
"SL2.50ch00:10680507-10686395","22775","10680507","10686395","5888"
"SL2.50ch00:10687183-10692743","19690","10687183","10692743","5560"
"SL2.50ch00:10687194-10692736","19690","10687194","10692736","5542"
"SL2.50ch00:10721202-10722706","218","10721202","10722706","1504"
"SL2.50ch00:10729266-10730646","707","10729266","10730646","1380"
"SL2.50ch00:10729366-10730692","697","10729366","10730692","1326"
"SL2.50ch00:10731640-10733467","1049","10731640","10733467","1827"
"SL2.50ch00:10735708-10737046","262","10735708","10737046","1338"
"SL2.50ch00:10739930-10740261","85","10739930","10740261","331"
"SL2.50ch00:10743581-10745195","445","10743581","10745195","1614"
"SL2.50ch00:10746713-10748833","468","10746713","10748833","2120"
"SL2.50ch00:10749908-10750239","33","10749908","10750239","331"
"SL2.50ch00:10751930-10752550","134","10751930","10752550","620"
"SL2.50ch00:10776616-10777858","282","10776616","10777858","1242"
"SL2.50ch00:10778540-10781054","413","10778540","10781054","2514"
"SL2.50ch00:10783354-10784036","211","10783354","10784036","682"
"SL2.50ch00:10783509-10783913","176","10783509","10783913","404"
"SL2.50ch00:10788509-10789242","253","10788509","10789242","733"
"SL2.50ch00:10788760-10789164","215","10788760","10789164","404"
"SL2.50ch00:10793463-10794063","157","10793463","10794063","600"
"SL2.50ch00:10793486-10794207","167","10793486","10794207","721"
"SL2.50ch00:10798448-10803540","930","10798448","10803540","5092"
"SL2.50ch00:10830646-10832242","772","10830646","10832242","1596"
"SL2.50ch00:10830818-10832276","772","10830818","10832276","1458"
"SL2.50ch00:10834896-10835805","373","10834896","10835805","909"
"SL2.50ch00:10834936-10835789","372","10834936","10835789","853"
"SL2.50ch00:10842071-10842585","179","10842071","10842585","514"
"SL2.50ch00:10842074-10842575","179","10842074","10842575","501"
"SL2.50ch00:10843896-10845227","276","10843896","10845227","1331"
"SL2.50ch00:10846170-10847034","403","10846170","10847034","864"
"SL2.50ch00:10846224-10847047","403","10846224","10847047","823"
"SL2.50ch00:10848807-10849976","302","10848807","10849976","1169"
"SL2.50ch00:10854621-10857569","600","10854621","10857569","2948"
"SL2.50ch00:10868809-10869190","73","10868809","10869190","381"
"SL2.50ch00:10910268-10911385","551","10910268","10911385","1117"
"SL2.50ch00:10910370-10911449","550","10910370","10911449","1079"
"SL2.50ch00:10914174-10914910","267","10914174","10914910","736"
"SL2.50ch00:10914338-10914844","239","10914338","10914844","506"
"SL2.50ch00:10917250-10919722","1812","10917250","10919722","2472"
"SL2.50ch00:10917261-10919734","1809","10917261","10919734","2473"
"SL2.50ch00:10926623-10928866","841","10926623","10928866","2243"
"SL2.50ch00:10926626-10929287","909","10926626","10929287","2661"
"SL2.50ch00:10930953-10933110","633","10930953","10933110","2157"
"SL2.50ch00:10931866-10933008","525","10931866","10933008","1142"
"SL2.50ch00:10936035-10937735","374","10936035","10937735","1700"
"SL2.50ch00:10940054-10943891","898","10940054","10943891","3837"
"SL2.50ch00:10945399-10946478","193","10945399","10946478","1079"
"SL2.50ch00:10947725-10954068","1000","10947725","10954068","6343"
"SL2.50ch00:10956482-10960667","763","10956482","10960667","4185"
"SL2.50ch00:10963552-10964142","178","10963552","10964142","590"
"SL2.50ch00:10971004-10972145","378","10971004","10972145","1141"
"SL2.50ch00:10971048-10972223","358","10971048","10972223","1175"
"SL2.50ch00:10985064-10986782","484","10985064","10986782","1718"
"SL2.50ch00:10985073-10986834","484","10985073","10986834","1761"
"SL2.50ch00:10990687-10995808","1137","10990687","10995808","5121"
"SL2.50ch00:10998618-11000310","524","10998618","11000310","1692"
"SL2.50ch00:11005052-11006987","672","11005052","11006987","1935"
"SL2.50ch00:11007680-11008269","136","11007680","11008269","589"
"SL2.50ch00:11012514-11012895","82","11012514","11012895","381"
"SL2.50ch00:11031644-11031975","40","11031644","11031975","331"
"SL2.50ch00:11055079-11077480","71223","11055079","11077480","22401"
"SL2.50ch00:11055103-11077486","71223","11055103","11077486","22383"
"SL2.50ch00:11141761-11146375","741","11141761","11146375","4614"
"SL2.50ch00:11147031-11148450","233","11147031","11148450","1419"
"SL2.50ch00:11147056-11148474","233","11147056","11148474","1418"
"SL2.50ch00:11156005-11156811","154","11156005","11156811","806"
"SL2.50ch00:11182413-11182990","202","11182413","11182990","577"
"SL2.50ch00:11182455-11182963","196","11182455","11182963","508"
"SL2.50ch00:11184554-11185987","407","11184554","11185987","1433"
"SL2.50ch00:11184559-11185963","407","11184559","11185963","1404"
"SL2.50ch00:11239943-11240920","189","11239943","11240920","977"
"SL2.50ch00:11242538-11243692","230","11242538","11243692","1154"
"SL2.50ch00:11244917-11246524","311","11244917","11246524","1607"
"SL2.50ch00:11251418-11254505","598","11251418","11254505","3087"
"SL2.50ch00:11251473-11254521","588","11251473","11254521","3048"
"SL2.50ch00:11256077-11257931","293","11256077","11257931","1854"
"SL2.50ch00:11293074-11293554","138","11293074","11293554","480"
"SL2.50ch00:11295501-11296038","120","11295501","11296038","537"
"SL2.50ch00:11297430-11297761","51","11297430","11297761","331"
"SL2.50ch00:11301434-11301838","116","11301434","11301838","404"
"SL2.50ch00:11301523-11301854","105","11301523","11301854","331"
"SL2.50ch00:11308046-11308427","112","11308046","11308427","381"
"SL2.50ch00:11310727-11313687","1174","11310727","11313687","2960"
"SL2.50ch00:11310886-11313674","1163","11310886","11313674","2788"
"SL2.50ch00:11314410-11315883","710","11314410","11315883","1473"
"SL2.50ch00:11314447-11315959","710","11314447","11315959","1512"
"SL2.50ch00:11317036-11318741","453","11317036","11318741","1705"
"SL2.50ch00:11321826-11325870","598","11321826","11325870","4044"
"SL2.50ch00:11326911-11336372","1568","11326911","11336372","9461"
"SL2.50ch00:11337261-11343309","1116","11337261","11343309","6048"
"SL2.50ch00:11344369-11345115","165","11344369","11345115","746"
"SL2.50ch00:11362846-11363749","358","11362846","11363749","903"
"SL2.50ch00:11362909-11363764","351","11362909","11363764","855"
"SL2.50ch00:11369358-11374033","965","11369358","11374033","4675"
"SL2.50ch00:11377464-11379406","593","11377464","11379406","1942"
"SL2.50ch00:11377992-11379414","499","11377992","11379414","1422"
"SL2.50ch00:11396268-11398033","608","11396268","11398033","1765"
"SL2.50ch00:11396281-11398063","606","11396281","11398063","1782"
"SL2.50ch00:11398844-11404525","1473","11398844","11404525","5681"
"SL2.50ch00:11411131-11412638","482","11411131","11412638","1507"
"SL2.50ch00:11411210-11412550","476","11411210","11412550","1340"
"SL2.50ch00:11435021-11435402","82","11435021","11435402","381"
"SL2.50ch00:11443840-11444538","134","11443840","11444538","698"
"SL2.50ch00:11479280-11479661","42","11479280","11479661","381"
"SL2.50ch00:11490693-11491596","199","11490693","11491596","903"
"SL2.50ch00:11492825-11494397","234","11492825","11494397","1572"
"SL2.50ch00:11495640-11497102","233","11495640","11497102","1462"
"SL2.50ch00:11499381-11501263","400","11499381","11501263","1882"
"SL2.50ch00:11501876-11503245","416","11501876","11503245","1369"
"SL2.50ch00:11501908-11503138","414","11501908","11503138","1230"
"SL2.50ch00:11504375-11505179","268","11504375","11505179","804"
"SL2.50ch00:11504386-11505193","265","11504386","11505193","807"
"SL2.50ch00:11510384-11512323","545","11510384","11512323","1939"
"SL2.50ch00:11516613-11517616","289","11516613","11517616","1003"
"SL2.50ch00:11516614-11517613","289","11516614","11517613","999"
"SL2.50ch00:11520028-11520796","140","11520028","11520796","768"
"SL2.50ch00:11531048-11531810","156","11531048","11531810","762"
"SL2.50ch00:11534129-11548181","5153","11534129","11548181","14052"
"SL2.50ch00:11565499-11566054","104","11565499","11566054","555"
"SL2.50ch00:11576949-11583147","1519","11576949","11583147","6198"
"SL2.50ch00:11650849-11651285","82","11650849","11651285","436"
"SL2.50ch00:11655343-11656870","1168","11655343","11656870","1527"
"SL2.50ch00:11655363-11656901","1168","11655363","11656901","1538"
"SL2.50ch00:11658373-11659357","329","11658373","11659357","984"
"SL2.50ch00:11658413-11659410","329","11658413","11659410","997"
"SL2.50ch00:11685738-11686901","399","11685738","11686901","1163"
"SL2.50ch00:11687500-11689613","548","11687500","11689613","2113"
"SL2.50ch00:11687565-11689537","548","11687565","11689537","1972"
"SL2.50ch00:11690472-11694305","865","11690472","11694305","3833"
"SL2.50ch00:11695255-11695660","158","11695255","11695660","405"
"SL2.50ch00:11697545-11698487","342","11697545","11698487","942"
"SL2.50ch00:11736257-11738084","1088","11736257","11738084","1827"
"SL2.50ch00:11736295-11738062","1088","11736295","11738062","1767"
"SL2.50ch00:11773888-11775696","5206","11773888","11775696","1808"
"SL2.50ch00:11773931-11775731","5180","11773931","11775731","1800"
"SL2.50ch00:11777402-11778481","3185","11777402","11778481","1079"
"SL2.50ch00:11777453-11778470","3071","11777453","11778470","1017"
"SL2.50ch00:11780895-11782018","2792","11780895","11782018","1123"
"SL2.50ch00:11780914-11782081","2778","11780914","11782081","1167"
"SL2.50ch00:11782576-11786164","9578","11782576","11786164","3588"
"SL2.50ch00:11782593-11786224","9586","11782593","11786224","3631"
"SL2.50ch00:11789600-11790182","131","11789600","11790182","582"
"SL2.50ch00:11789639-11790399","151","11789639","11790399","760"
"SL2.50ch00:11796752-11810419","45212","11796752","11810419","13667"
"SL2.50ch00:11798253-11810444","44956","11798253","11810444","12191"
"SL2.50ch00:11819282-11819771","108","11819282","11819771","489"
"SL2.50ch00:11851636-11852113","119","11851636","11852113","477"
"SL2.50ch00:11855496-11855877","52","11855496","11855877","381"
"SL2.50ch00:11857574-11857905","92","11857574","11857905","331"
"SL2.50ch00:11901425-11901973","88","11901425","11901973","548"
"SL2.50ch00:11913173-11913606","67","11913173","11913606","433"
"SL2.50ch00:11919657-11919988","20","11919657","11919988","331"
"SL2.50ch00:11922194-11922525","48","11922194","11922525","331"
"SL2.50ch00:11934769-11935958","272","11934769","11935958","1189"
"SL2.50ch00:11944473-11945832","372","11944473","11945832","1359"
"SL2.50ch00:11966724-11976904","32408","11966724","11976904","10180"
"SL2.50ch00:11966763-11976921","32404","11966763","11976921","10158"
"SL2.50ch00:11986901-11987970","467","11986901","11987970","1069"
"SL2.50ch00:11986947-11988035","467","11986947","11988035","1088"
"SL2.50ch00:11990826-11991727","217","11990826","11991727","901"
"SL2.50ch00:11993083-11994663","876","11993083","11994663","1580"
"SL2.50ch00:11993108-11994595","876","11993108","11994595","1487"
"SL2.50ch00:11996161-11996887","371","11996161","11996887","726"
"SL2.50ch00:11996165-11996956","371","11996165","11996956","791"
"SL2.50ch00:12005346-12016200","42595","12005346","12016200","10854"
"SL2.50ch00:12006247-12016261","42471","12006247","12016261","10014"
"SL2.50ch00:12039409-12041187","290","12039409","12041187","1778"
"SL2.50ch00:12088095-12089625","326","12088095","12089625","1530"
"SL2.50ch00:12090869-12091736","203","12090869","12091736","867"
"SL2.50ch00:12128069-12129195","415","12128069","12129195","1126"
"SL2.50ch00:12128080-12154019","57832","12128080","12154019","25939"
"SL2.50ch00:12129811-12133841","2156","12129811","12133841","4030"
"SL2.50ch00:12135070-12154020","54831","12135070","12154020","18950"
"SL2.50ch00:12211658-12219923","2739","12211658","12219923","8265"
"SL2.50ch00:12212183-12219705","2669","12212183","12219705","7522"
"SL2.50ch00:12266042-12266373","30","12266042","12266373","331"
"SL2.50ch00:12266855-12282012","49993","12266855","12282012","15157"
"SL2.50ch00:12266900-12282088","49993","12266900","12282088","15188"
"SL2.50ch00:12300631-12302445","455","12300631","12302445","1814"
"SL2.50ch00:12301258-12302308","361","12301258","12302308","1050"
"SL2.50ch00:12312511-12319827","1105","12312511","12319827","7316"
"SL2.50ch00:12322626-12323776","156","12322626","12323776","1150"
"SL2.50ch00:12327818-12328740","282","12327818","12328740","922"
"SL2.50ch00:12339756-12340219","101","12339756","12340219","463"
"SL2.50ch00:12348859-12349873","388","12348859","12349873","1014"
"SL2.50ch00:12348900-12349859","379","12348900","12349859","959"
"SL2.50ch00:12492800-12501089","2664","12492800","12501089","8289"
"SL2.50ch00:12492909-12499238","2396","12492909","12499238","6329"
"SL2.50ch00:12499680-12501104","209","12499680","12501104","1424"
"SL2.50ch00:12504572-12506066","181","12504572","12506066","1494"
"SL2.50ch00:12561321-12561702","92","12561321","12561702","381"
"SL2.50ch00:12570057-12572446","474","12570057","12572446","2389"
"SL2.50ch00:12643039-12645240","368","12643039","12645240","2201"
"SL2.50ch00:12646321-12647655","335","12646321","12647655","1334"
"SL2.50ch00:12648597-12648928","55","12648597","12648928","331"
"SL2.50ch00:12669261-12669592","33","12669261","12669592","331"
"SL2.50ch00:12704257-12704588","14","12704257","12704588","331"
"SL2.50ch00:12754371-12754752","89","12754371","12754752","381"
"SL2.50ch00:12756548-12757566","447","12756548","12757566","1018"
"SL2.50ch00:12756562-12757520","447","12756562","12757520","958"
"SL2.50ch00:12758317-12760221","1065","12758317","12760221","1904"
"SL2.50ch00:12758322-12760244","1065","12758322","12760244","1922"
"SL2.50ch00:12772555-12778363","1339","12772555","12778363","5808"
"SL2.50ch00:12783643-12784259","91","12783643","12784259","616"
"SL2.50ch00:12885083-12890446","1339","12885083","12890446","5363"
"SL2.50ch00:12935953-12936381","69","12935953","12936381","428"
"SL2.50ch00:12942422-12943337","359","12942422","12943337","915"
"SL2.50ch00:12944934-12947743","854","12944934","12947743","2809"
"SL2.50ch00:12953378-12958577","11762","12953378","12958577","5199"
"SL2.50ch00:12953577-12958707","11756","12953577","12958707","5130"
"SL2.50ch00:13043047-13043844","166","13043047","13043844","797"
"SL2.50ch00:13052241-13053765","324","13052241","13053765","1524"
"SL2.50ch00:13173913-13179168","1306","13173913","13179168","5255"
"SL2.50ch00:13173921-13179092","1306","13173921","13179092","5171"
"SL2.50ch00:13301729-13302241","407","13301729","13302241","512"
"SL2.50ch00:13301742-13302823","440","13301742","13302823","1081"
"SL2.50ch00:13305980-13306972","254","13305980","13306972","992"
"SL2.50ch00:13361691-13362228","81","13361691","13362228","537"
"SL2.50ch00:13374943-13375813","1787","13374943","13375813","870"
"SL2.50ch00:13374976-13375803","1786","13374976","13375803","827"
"SL2.50ch00:13379479-13380282","2866","13379479","13380282","803"
"SL2.50ch00:13379519-13380293","2867","13379519","13380293","774"
"SL2.50ch00:13386663-13388093","420","13386663","13388093","1430"
"SL2.50ch00:13386717-13388034","402","13386717","13388034","1317"
"SL2.50ch00:13458176-13459472","219","13458176","13459472","1296"
"SL2.50ch00:13460498-13460879","117","13460498","13460879","381"
"SL2.50ch00:13493342-13494542","382","13493342","13494542","1200"
"SL2.50ch00:13493457-13494539","381","13493457","13494539","1082"
"SL2.50ch00:13496769-13498228","471","13496769","13498228","1459"
"SL2.50ch00:13496785-13498305","471","13496785","13498305","1520"
"SL2.50ch00:13503356-13507621","6252","13503356","13507621","4265"
"SL2.50ch00:13503403-13508200","6289","13503403","13508200","4797"
"SL2.50ch00:13568829-13570343","409","13568829","13570343","1514"
"SL2.50ch00:13572199-13572797","148","13572199","13572797","598"
"SL2.50ch00:13602752-13608403","12855","13602752","13608403","5651"
"SL2.50ch00:13603461-13608253","12802","13603461","13608253","4792"
"SL2.50ch00:13633641-13634122","90","13633641","13634122","481"
"SL2.50ch00:13689157-13689857","421","13689157","13689857","700"
"SL2.50ch00:13689180-13689957","423","13689180","13689957","777"
"SL2.50ch00:13690408-13691287","324","13690408","13691287","879"
"SL2.50ch00:13690425-13691314","322","13690425","13691314","889"
"SL2.50ch00:13764589-13769479","12095","13764589","13769479","4890"
"SL2.50ch00:13764737-13769414","12092","13764737","13769414","4677"
"SL2.50ch00:13854221-13854967","75","13854221","13854967","746"
"SL2.50ch00:14017873-14019202","379","14017873","14019202","1329"
"SL2.50ch00:14038179-14039142","129","14038179","14039142","963"
"SL2.50ch00:14041264-14041595","67","14041264","14041595","331"
"SL2.50ch00:14094954-14095722","146","14094954","14095722","768"
"SL2.50ch00:14120430-14121460","267","14120430","14121460","1030"
"SL2.50ch00:14123191-14124822","348","14123191","14124822","1631"
"SL2.50ch00:14257985-14258578","190","14257985","14258578","593"
"SL2.50ch00:14287172-14287849","243","14287172","14287849","677"
"SL2.50ch00:14287293-14287697","216","14287293","14287697","404"
"SL2.50ch00:14290585-14291568","546","14290585","14291568","983"
"SL2.50ch00:14290663-14291631","545","14290663","14291631","968"
"SL2.50ch00:14296307-14297182","144","14296307","14297182","875"
"SL2.50ch00:14297986-14300488","338","14297986","14300488","2502"
"SL2.50ch00:14314049-14314915","136","14314049","14314915","866"
"SL2.50ch00:14317136-14318077","195","14317136","14318077","941"
"SL2.50ch00:14349829-14350343","153","14349829","14350343","514"
"SL2.50ch00:14351727-14353626","333","14351727","14353626","1899"
"SL2.50ch00:14409749-14411023","336","14409749","14411023","1274"
"SL2.50ch00:14437478-14441688","2166","14437478","14441688","4210"
"SL2.50ch00:14437498-14441691","2166","14437498","14441691","4193"
"SL2.50ch00:14505476-14506375","280","14505476","14506375","899"
"SL2.50ch00:14507677-14509080","790","14507677","14509080","1403"
"SL2.50ch00:14510949-14511428","184","14510949","14511428","479"
"SL2.50ch00:14514523-14515709","197","14514523","14515709","1186"
"SL2.50ch00:14520219-14524162","830","14520219","14524162","3943"
"SL2.50ch00:14545972-14550325","18439","14545972","14550325","4353"
"SL2.50ch00:14545992-14550404","18441","14545992","14550404","4412"
"SL2.50ch00:14561598-14562390","173","14561598","14562390","792"
"SL2.50ch00:14572010-14572963","184","14572010","14572963","953"
"SL2.50ch00:14575166-14576019","140","14575166","14576019","853"
"SL2.50ch00:14645339-14645670","78","14645339","14645670","331"
"SL2.50ch00:14653788-14654316","74","14653788","14654316","528"
"SL2.50ch00:14665275-14665864","79","14665275","14665864","589"
"SL2.50ch00:14670395-14675844","8957","14670395","14675844","5449"
"SL2.50ch00:14670525-14675767","8957","14670525","14675767","5242"
"SL2.50ch00:14677135-14679038","1107","14677135","14679038","1903"
"SL2.50ch00:14677163-14679046","1107","14677163","14679046","1883"
"SL2.50ch00:14696340-14697784","377","14696340","14697784","1444"
"SL2.50ch00:14696486-14697741","355","14696486","14697741","1255"
"SL2.50ch00:14734757-14735547","225","14734757","14735547","790"
"SL2.50ch00:14735013-14735427","203","14735013","14735427","414"
"SL2.50ch00:14736771-14737175","86","14736771","14737175","404"
"SL2.50ch00:14764000-14767741","817","14764000","14767741","3741"
"SL2.50ch00:14793282-14793762","126","14793282","14793762","480"
"SL2.50ch00:14793283-14793806","132","14793283","14793806","523"
"SL2.50ch00:14796368-14797271","266","14796368","14797271","903"
"SL2.50ch00:14796377-14797277","272","14796377","14797277","900"
"SL2.50ch00:14801714-14802210","71","14801714","14802210","496"
"SL2.50ch00:14801773-14802270","71","14801773","14802270","497"
"SL2.50ch00:14804058-14805706","996","14804058","14805706","1648"
"SL2.50ch00:14804095-14805725","995","14804095","14805725","1630"
"SL2.50ch00:14888134-14888815","192","14888134","14888815","681"
"SL2.50ch00:14959726-14961346","222","14959726","14961346","1620"
"SL2.50ch00:14962661-14963710","275","14962661","14963710","1049"
"SL2.50ch00:14962671-14963673","275","14962671","14963673","1002"
"SL2.50ch00:14992539-14993226","104","14992539","14993226","687"
"SL2.50ch00:14994776-14995888","124","14994776","14995888","1112"
"SL2.50ch00:14999669-15000581","239","14999669","15000581","912"
"SL2.50ch00:14999676-15000635","239","14999676","15000635","959"
"SL2.50ch00:15070998-15071624","154","15070998","15071624","626"
"SL2.50ch00:15134732-15135537","119","15134732","15135537","805"
"SL2.50ch00:15138691-15139738","443","15138691","15139738","1047"
"SL2.50ch00:15138813-15139728","418","15138813","15139728","915"
"SL2.50ch00:15142980-15144082","289","15142980","15144082","1102"
"SL2.50ch00:15145088-15146391","604","15145088","15146391","1303"
"SL2.50ch00:15154016-15154525","257","15154016","15154525","509"
"SL2.50ch00:15154030-15154559","257","15154030","15154559","529"
"SL2.50ch00:15290029-15291592","247","15290029","15291592","1563"
"SL2.50ch00:15292792-15293760","189","15292792","15293760","968"
"SL2.50ch00:15313888-15314555","101","15313888","15314555","667"
"SL2.50ch00:15321388-15322417","475","15321388","15322417","1029"
"SL2.50ch00:15321397-15322420","475","15321397","15322420","1023"
"SL2.50ch00:15324297-15325292","450","15324297","15325292","995"
"SL2.50ch00:15324335-15325255","450","15324335","15325255","920"
"SL2.50ch00:15345063-15346309","215","15345063","15346309","1246"
"SL2.50ch00:15348034-15348911","359","15348034","15348911","877"
"SL2.50ch00:15348056-15348874","359","15348056","15348874","818"
"SL2.50ch00:15360713-15361740","248","15360713","15361740","1027"
"SL2.50ch00:15363024-15364385","307","15363024","15364385","1361"
"SL2.50ch00:15385981-15387196","271","15385981","15387196","1215"
"SL2.50ch00:15450246-15451248","180","15450246","15451248","1002"
"SL2.50ch00:15452864-15453865","211","15452864","15453865","1001"
"SL2.50ch00:15473445-15477143","1134","15473445","15477143","3698"
"SL2.50ch00:15473462-15477114","1131","15473462","15477114","3652"
"SL2.50ch00:15534748-15536183","1783","15534748","15536183","1435"
"SL2.50ch00:15534758-15536224","1780","15534758","15536224","1466"
"SL2.50ch00:15538081-15542520","13569","15538081","15542520","4439"
"SL2.50ch00:15538103-15542548","13569","15538103","15542548","4445"
"SL2.50ch00:15578074-15578388","44","15578074","15578388","314"
"SL2.50ch00:15813952-15814601","218","15813952","15814601","649"
"SL2.50ch00:15813970-15814627","218","15813970","15814627","657"
"SL2.50ch00:15816234-15816914","118","15816234","15816914","680"
"SL2.50ch00:15864653-15865067","45","15864653","15865067","414"
"SL2.50ch00:15877075-15880575","1004","15877075","15880575","3500"
"SL2.50ch00:15885500-15887828","447","15885500","15887828","2328"
"SL2.50ch00:15902875-15903796","270","15902875","15903796","921"
"SL2.50ch00:15903091-15903778","202","15903091","15903778","687"
"SL2.50ch00:15905698-15906355","191","15905698","15906355","657"
"SL2.50ch00:15905708-15906356","191","15905708","15906356","648"
"SL2.50ch00:15918006-15920903","544","15918006","15920903","2897"
"SL2.50ch00:15961412-15961891","58","15961412","15961891","479"
"SL2.50ch00:15964571-15964902","124","15964571","15964902","331"
"SL2.50ch00:15997706-16001208","1338","15997706","16001208","3502"
"SL2.50ch00:15997711-16001117","1338","15997711","16001117","3406"
"SL2.50ch00:16026769-16030121","1065","16026769","16030121","3352"
"SL2.50ch00:16026779-16030092","1064","16026779","16030092","3313"
"SL2.50ch00:16051830-16055470","12700","16051830","16055470","3640"
"SL2.50ch00:16051969-16055507","12700","16051969","16055507","3538"
"SL2.50ch00:16145943-16146508","152","16145943","16146508","565"
"SL2.50ch00:16180734-16184190","10985","16180734","16184190","3456"
"SL2.50ch00:16180765-16184240","10988","16180765","16184240","3475"
"SL2.50ch00:16194906-16198191","1021","16194906","16198191","3285"
"SL2.50ch00:16195205-16198127","943","16195205","16198127","2922"
"SL2.50ch00:16210756-16211485","112","16210756","16211485","729"
"SL2.50ch00:16246756-16247263","134","16246756","16247263","507"
"SL2.50ch00:16246838-16247326","138","16246838","16247326","488"
"SL2.50ch00:16278313-16278791","120","16278313","16278791","478"
"SL2.50ch00:16310917-16312270","485","16310917","16312270","1353"
"SL2.50ch00:16310949-16312354","485","16310949","16312354","1405"
"SL2.50ch00:16313964-16314440","133","16313964","16314440","476"
"SL2.50ch00:16384298-16387525","896","16384298","16387525","3227"
"SL2.50ch00:16388450-16388781","35","16388450","16388781","331"
"SL2.50ch00:16397955-16401517","8006","16397955","16401517","3562"
"SL2.50ch00:16397999-16401447","8006","16397999","16401447","3448"
"SL2.50ch00:16430804-16431135","52","16430804","16431135","331"
"SL2.50ch00:16531969-16535132","849","16531969","16535132","3163"
"SL2.50ch00:16532007-16533836","564","16532007","16533836","1829"
"SL2.50ch00:16548945-16549634","150","16548945","16549634","689"
"SL2.50ch00:16548956-16549611","150","16548956","16549611","655"
"SL2.50ch00:16562494-16565702","1087","16562494","16565702","3208"
"SL2.50ch00:16562500-16565709","1087","16562500","16565709","3209"
"SL2.50ch00:16636841-16639820","4552","16636841","16639820","2979"
"SL2.50ch00:16636881-16639873","4552","16636881","16639873","2992"
"SL2.50ch00:16661165-16666646","1566","16661165","16666646","5481"
"SL2.50ch00:16663475-16666668","1236","16663475","16666668","3193"
"SL2.50ch00:16797253-16797657","72","16797253","16797657","404"
"SL2.50ch00:16878589-16880003","268","16878589","16880003","1414"
"SL2.50ch00:16879504-16880165","209","16879504","16880165","661"
"SL2.50ch00:16901279-16904607","1888","16901279","16904607","3328"
"SL2.50ch00:16950216-16951189","393","16950216","16951189","973"
"SL2.50ch00:16950256-16951168","393","16950256","16951168","912"
"SL2.50ch00:16952569-16953405","288","16952569","16953405","836"
"SL2.50ch00:16952609-16953413","288","16952609","16953413","804"
"SL2.50ch00:16963074-16963968","518","16963074","16963968","894"
"SL2.50ch00:16963082-16963996","518","16963082","16963996","914"
"SL2.50ch00:16965766-16966448","307","16965766","16966448","682"
"SL2.50ch00:16965791-16966390","304","16965791","16966390","599"
"SL2.50ch00:17011668-17014680","767","17011668","17014680","3012"
"SL2.50ch00:17108480-17109201","136","17108480","17109201","721"
"SL2.50ch00:17155544-17158777","8924","17155544","17158777","3233"
"SL2.50ch00:17155546-17158805","8928","17155546","17158805","3259"
"SL2.50ch00:17182659-17183378","110","17182659","17183378","719"
"SL2.50ch00:17231558-17234427","867","17231558","17234427","2869"
"SL2.50ch00:17297364-17300415","537","17297364","17300415","3051"
"SL2.50ch00:17347283-17350087","789","17347283","17350087","2804"
"SL2.50ch00:17347292-17350171","789","17347292","17350171","2879"
"SL2.50ch00:17458434-17461318","990","17458434","17461318","2884"
"SL2.50ch00:17458495-17461319","979","17458495","17461319","2824"
"SL2.50ch00:17522874-17525226","3704","17522874","17525226","2352"
"SL2.50ch00:17522889-17525278","3701","17522889","17525278","2389"
"SL2.50ch00:17606813-17607227","126","17606813","17607227","414"
"SL2.50ch00:17634547-17637649","1881","17634547","17637649","3102"
"SL2.50ch00:17634761-17637622","1862","17634761","17637622","2861"
"SL2.50ch00:17652875-17654256","173","17652875","17654256","1381"
"SL2.50ch00:17662605-17663003","53","17662605","17663003","398"
"SL2.50ch00:17769432-17772007","744","17769432","17772007","2575"
"SL2.50ch00:17836018-17836532","73","17836018","17836532","514"
"SL2.50ch00:17840077-17843083","8274","17840077","17843083","3006"
"SL2.50ch00:17840196-17843104","8274","17840196","17843104","2908"
"SL2.50ch00:17892171-17892552","75","17892171","17892552","381"
"SL2.50ch00:18009672-18010223","124","18009672","18010223","551"
"SL2.50ch00:18038938-18041196","429","18038938","18041196","2258"
"SL2.50ch00:18049283-18053552","2201","18049283","18053552","4269"
"SL2.50ch00:18049355-18052967","2121","18049355","18052967","3612"
"SL2.50ch00:18116598-18122150","2098","18116598","18122150","5552"
"SL2.50ch00:18116660-18121783","2054","18116660","18121783","5123"
"SL2.50ch00:18137599-18137930","12","18137599","18137930","331"
"SL2.50ch00:18176835-18178099","684","18176835","18178099","1264"
"SL2.50ch00:18176848-18178416","744","18176848","18178416","1568"
"SL2.50ch00:18179054-18179487","149","18179054","18179487","433"
"SL2.50ch00:18179162-18179493","124","18179162","18179493","331"
"SL2.50ch00:18194215-18194596","38","18194215","18194596","381"
"SL2.50ch00:18228174-18230796","786","18228174","18230796","2622"
"SL2.50ch00:18228184-18230875","786","18228184","18230875","2691"
"SL2.50ch00:18254279-18256460","417","18254279","18256460","2181"
"SL2.50ch00:18315775-18318681","4022","18315775","18318681","2906"
"SL2.50ch00:18315870-18318744","4022","18315870","18318744","2874"
"SL2.50ch00:18352333-18355283","9402","18352333","18355283","2950"
"SL2.50ch00:18352416-18355347","9398","18352416","18355347","2931"
"SL2.50ch00:18428537-18429641","190","18428537","18429641","1104"
"SL2.50ch00:18432632-18433517","342","18432632","18433517","885"
"SL2.50ch00:18432804-18433385","303","18432804","18433385","581"
"SL2.50ch00:18490010-18491237","553","18490010","18491237","1227"
"SL2.50ch00:18490245-18490886","475","18490245","18490886","641"
"SL2.50ch00:18581649-18582348","118","18581649","18582348","699"
"SL2.50ch00:18649134-18651349","736","18649134","18651349","2215"
"SL2.50ch00:18649169-18651636","788","18649169","18651636","2467"
"SL2.50ch00:18776737-18779461","1133","18776737","18779461","2724"
"SL2.50ch00:18776875-18779471","1133","18776875","18779471","2596"
"SL2.50ch00:1885338-1885820","78","1885338","1885820","482"
"SL2.50ch00:18865856-18866709","158","18865856","18866709","853"
"SL2.50ch00:18867677-18868170","105","18867677","18868170","493"
"SL2.50ch00:18909157-18910829","383","18909157","18910829","1672"
"SL2.50ch00:18980667-18983048","489","18980667","18983048","2381"
"SL2.50ch00:19091691-19094230","1005","19091691","19094230","2539"
"SL2.50ch00:19091698-19094232","1005","19091698","19094232","2534"
"SL2.50ch00:19120501-19123287","7116","19120501","19123287","2786"
"SL2.50ch00:19120525-19123230","7115","19120525","19123230","2705"
"SL2.50ch00:19131608-19132209","90","19131608","19132209","601"
"SL2.50ch00:19131950-19132504","78","19131950","19132504","554"
"SL2.50ch00:19180932-19181473","154","19180932","19181473","541"
"SL2.50ch00:19308067-19310382","700","19308067","19310382","2315"
"SL2.50ch00:19308098-19310458","694","19308098","19310458","2360"
"SL2.50ch00:19322220-19323243","219","19322220","19323243","1023"
"SL2.50ch00:19374874-19377192","556","19374874","19377192","2318"
"SL2.50ch00:19408079-19410522","1040","19408079","19410522","2443"
"SL2.50ch00:19408101-19410482","1036","19408101","19410482","2381"
"SL2.50ch00:19415713-19418074","360","19415713","19418074","2361"
"SL2.50ch00:19429051-19429382","67","19429051","19429382","331"
"SL2.50ch00:19514497-19514901","59","19514497","19514901","404"
"SL2.50ch00:19613113-19615861","20192","19613113","19615861","2748"
"SL2.50ch00:19613115-19615800","20192","19613115","19615800","2685"
"SL2.50ch00:19656469-19656850","688","19656469","19656850","381"
"SL2.50ch00:19703281-19705830","1491","19703281","19705830","2549"
"SL2.50ch00:19703414-19705826","1491","19703414","19705826","2412"
"SL2.50ch00:19810183-19812494","1168","19810183","19812494","2311"
"SL2.50ch00:19810216-19812455","1168","19810216","19812455","2239"
"SL2.50ch00:19862417-19862961","51","19862417","19862961","544"
"SL2.50ch00:19863641-19864151","38","19863641","19864151","510"
"SL2.50ch00:19880094-19880475","24","19880094","19880475","381"
"SL2.50ch00:19915935-19918331","5344","19915935","19918331","2396"
"SL2.50ch00:19916106-19918382","5344","19916106","19918382","2276"
"SL2.50ch00:19964863-19967219","2991","19964863","19967219","2356"
"SL2.50ch00:19964870-19967190","2991","19964870","19967190","2320"
"SL2.50ch00:19980221-19981086","161","19980221","19981086","865"
"SL2.50ch00:19987617-19988611","433","19987617","19988611","994"
"SL2.50ch00:19987645-19989080","560","19987645","19989080","1435"
"SL2.50ch00:20025783-20028020","674","20025783","20028020","2237"
"SL2.50ch00:20087225-20087703","109","20087225","20087703","478"
"SL2.50ch00:20105564-20107750","568","20105564","20107750","2186"
"SL2.50ch00:20105628-20107558","535","20105628","20107558","1930"
"SL2.50ch00:20160648-20163226","2413","20160648","20163226","2578"
"SL2.50ch00:20160692-20163201","2413","20160692","20163201","2509"
"SL2.50ch00:20173631-20174283","117","20173631","20174283","652"
"SL2.50ch00:20292068-20292865","372","20292068","20292865","797"
"SL2.50ch00:20292093-20292795","354","20292093","20292795","702"
"SL2.50ch00:20365240-20366583","385","20365240","20366583","1343"
"SL2.50ch00:20415234-20416037","89","20415234","20416037","803"
"SL2.50ch00:20417264-20417769","120","20417264","20417769","505"
"SL2.50ch00:20426195-20428426","490","20426195","20428426","2231"
"SL2.50ch00:20470636-20471139","106","20470636","20471139","503"
"SL2.50ch00:20491758-20492380","241","20491758","20492380","622"
"SL2.50ch00:20492857-20493771","307","20492857","20493771","914"
"SL2.50ch00:20530312-20530643","89","20530312","20530643","331"
"SL2.50ch00:20605664-20606045","35","20605664","20606045","381"
"SL2.50ch00:20710222-20711351","185","20710222","20711351","1129"
"SL2.50ch00:20749078-20749459","1085","20749078","20749459","381"
"SL2.50ch00:20749085-20749595","1089","20749085","20749595","510"
"SL2.50ch00:20777915-20780000","370","20777915","20780000","2085"
"SL2.50ch00:20784793-20785193","49","20784793","20785193","400"
"SL2.50ch00:20830070-20830987","599","20830070","20830987","917"
"SL2.50ch00:20830166-20830861","582","20830166","20830861","695"
"SL2.50ch00:20831358-20832314","664","20831358","20832314","956"
"SL2.50ch00:20831457-20832301","642","20831457","20832301","844"
"SL2.50ch00:20864257-20866167","359","20864257","20866167","1910"
"SL2.50ch00:20878069-20879473","292","20878069","20879473","1404"
"SL2.50ch00:20882006-20884381","1932","20882006","20884381","2375"
"SL2.50ch00:20882048-20884353","1927","20882048","20884353","2305"
"SL2.50ch00:20907004-20907534","197","20907004","20907534","530"
"SL2.50ch00:20907083-20907697","192","20907083","20907697","614"
"SL2.50ch00:21044568-21045013","116","21044568","21045013","445"
"SL2.50ch00:21068476-21068953","74","21068476","21068953","477"
"SL2.50ch00:21113313-21114882","260","21113313","21114882","1569"
"SL2.50ch00:21116064-21116378","42","21116064","21116378","314"
"SL2.50ch00:21116185-21116516","45","21116185","21116516","331"
"SL2.50ch00:21135846-21136930","192","21135846","21136930","1084"
"SL2.50ch00:21146210-21148266","2559","21146210","21148266","2056"
"SL2.50ch00:21146244-21148246","2538","21146244","21148246","2002"
"SL2.50ch00:2114752-2115336","96","2114752","2115336","584"
"SL2.50ch00:21174982-21176828","521","21174982","21176828","1846"
"SL2.50ch00:21188120-21188524","71","21188120","21188524","404"
"SL2.50ch00:21199080-21203445","1097","21199080","21203445","4365"
"SL2.50ch00:21199212-21203412","1097","21199212","21203412","4200"
"SL2.50ch00:21261347-21262919","444","21261347","21262919","1572"
"SL2.50ch00:21271917-21273901","327","21271917","21273901","1984"
"SL2.50ch00:21287693-21289149","417","21287693","21289149","1456"
"SL2.50ch00:2128936-2129666","61","2128936","2129666","730"
"SL2.50ch00:21301637-21302041","99","21301637","21302041","404"
"SL2.50ch00:21320571-21320984","44","21320571","21320984","413"
"SL2.50ch00:21346162-21348020","239","21346162","21348020","1858"
"SL2.50ch00:21458967-21459934","900","21458967","21459934","967"
"SL2.50ch00:21458976-21460861","1120","21458976","21460861","1885"
"SL2.50ch00:21460278-21460885","209","21460278","21460885","607"
"SL2.50ch00:21472624-21473911","246","21472624","21473911","1287"
"SL2.50ch00:2151051-2151649","167","2151051","2151649","598"
"SL2.50ch00:2152502-2153479","111","2152502","2153479","977"
"SL2.50ch00:21534232-21536466","4483","21534232","21536466","2234"
"SL2.50ch00:21534374-21536490","4483","21534374","21536490","2116"
"SL2.50ch00:21544960-21546933","604","21544960","21546933","1973"
"SL2.50ch00:21545013-21546964","604","21545013","21546964","1951"
"SL2.50ch00:21609090-21609930","1194","21609090","21609930","840"
"SL2.50ch00:21609101-21610027","1196","21609101","21610027","926"
"SL2.50ch00:21610769-21611150","119","21610769","21611150","381"
"SL2.50ch00:21610784-21611216","119","21610784","21611216","432"
"SL2.50ch00:2165685-2166066","117","2165685","2166066","381"
"SL2.50ch00:21691996-21694217","5894","21691996","21694217","2221"
"SL2.50ch00:21692076-21694771","5962","21692076","21694771","2695"
"SL2.50ch00:21702960-21704560","225","21702960","21704560","1600"
"SL2.50ch00:21723887-21725208","146","21723887","21725208","1321"
"SL2.50ch00:21747062-21748950","306","21747062","21748950","1888"
"SL2.50ch00:21751304-21752003","136","21751304","21752003","699"
"SL2.50ch00:21763937-21765897","437","21763937","21765897","1960"
"SL2.50ch00:21763942-21765934","437","21763942","21765934","1992"
"SL2.50ch00:21774466-21776406","222","21774466","21776406","1940"
"SL2.50ch00:2348479-2348971","64","2348479","2348971","492"
"SL2.50ch00:3299013-3299394","74","3299013","3299394","381"
"SL2.50ch00:4061651-4061982","30","4061651","4061982","331"
"SL2.50ch00:4157750-4160909","4081","4157750","4160909","3159"
"SL2.50ch00:4157756-4160945","4081","4157756","4160945","3189"
"SL2.50ch00:4161615-4164606","1433","4161615","4164606","2991"
"SL2.50ch00:4161618-4164579","1433","4161618","4164579","2961"
"SL2.50ch00:4167859-4177035","4646","4167859","4177035","9176"
"SL2.50ch00:4167874-4177035","4646","4167874","4177035","9161"
"SL2.50ch00:4276842-4277455","1167","4276842","4277455","613"
"SL2.50ch00:4276842-4277479","1176","4276842","4277479","637"
"SL2.50ch00:5616640-5620363","570","5616640","5620363","3723"
"SL2.50ch00:5633474-5633958","95","5633474","5633958","484"
"SL2.50ch00:5640469-5640850","31","5640469","5640850","381"
"SL2.50ch00:5642602-5643172","129","5642602","5643172","570"
"SL2.50ch00:5650451-5651372","146","5650451","5651372","921"
"SL2.50ch00:5663075-5664604","182","5663075","5664604","1529"
"SL2.50ch00:5670366-5671502","354","5670366","5671502","1136"
"SL2.50ch00:5678648-5680437","271","5678648","5680437","1789"
"SL2.50ch00:6997912-6998316","59","6997912","6998316","404"
"SL2.50ch00:7045751-7046155","68","7045751","7046155","404"
"SL2.50ch00:7101268-7101772","90","7101268","7101772","504"
"SL2.50ch00:7103674-7104919","213","7103674","7104919","1245"
"SL2.50ch00:7117855-7118835","173","7117855","7118835","980"
"SL2.50ch00:7128074-7128405","71","7128074","7128405","331"
"SL2.50ch00:7357050-7357431","66","7357050","7357431","381"
"SL2.50ch00:7367846-7369725","668","7367846","7369725","1879"
"SL2.50ch00:7367871-7369670","668","7367871","7369670","1799"
"SL2.50ch00:7371642-7372531","404","7371642","7372531","889"
"SL2.50ch00:7371688-7372642","401","7371688","7372642","954"
"SL2.50ch00:7383910-7384751","146","7383910","7384751","841"
"SL2.50ch00:7385175-7385556","24","7385175","7385556","381"
"SL2.50ch00:7398004-7398335","44","7398004","7398335","331"
"SL2.50ch00:7409757-7410235","37","7409757","7410235","478"
"SL2.50ch00:7411313-7411841","40","7411313","7411841","528"
"SL2.50ch00:7416677-7433620","4565","7416677","7433620","16943"
"SL2.50ch00:7439180-7440063","231","7439180","7440063","883"
"SL2.50ch00:7444731-7446486","253","7444731","7446486","1755"
"SL2.50ch00:7447128-7447722","149","7447128","7447722","594"
"SL2.50ch00:7450990-7452233","342","7450990","7452233","1243"
"SL2.50ch00:7471662-7472874","173","7471662","7472874","1212"
"SL2.50ch00:7473607-7476274","540","7473607","7476274","2667"
"SL2.50ch00:7480796-7482370","303","7480796","7482370","1574"
"SL2.50ch00:7483299-7486491","543","7483299","7486491","3192"
"SL2.50ch00:7489225-7489606","45","7489225","7489606","381"
"SL2.50ch00:7493647-7496794","647","7493647","7496794","3147"
"SL2.50ch00:7497691-7505701","1386","7497691","7505701","8010"
"SL2.50ch00:7548540-7549016","51","7548540","7549016","476"
"SL2.50ch00:7579535-7579916","192","7579535","7579916","381"
"SL2.50ch00:7579537-7579941","192","7579537","7579941","404"
"SL2.50ch00:7656812-7660521","648","7656812","7660521","3709"
"SL2.50ch00:7661257-7666762","1025","7661257","7666762","5505"
"SL2.50ch00:7671945-7672276","51","7671945","7672276","331"
"SL2.50ch00:7691363-7691814","44","7691363","7691814","451"
"SL2.50ch00:7721224-7722043","183","7721224","7722043","819"
"SL2.50ch00:7753861-7754192","23","7753861","7754192","331"
"SL2.50ch00:7759814-7760675","123","7759814","7760675","861"
"SL2.50ch00:7782569-7782900","48","7782569","7782900","331"
"SL2.50ch00:7785175-7785556","45","7785175","7785556","381"
"SL2.50ch00:7791369-7791750","48","7791369","7791750","381"
"SL2.50ch00:7799427-7805883","1590","7799427","7805883","6456"
"SL2.50ch00:7806307-7806912","171","7806307","7806912","605"
"SL2.50ch00:7806334-7806780","171","7806334","7806780","446"
"SL2.50ch00:7809352-7810164","101","7809352","7810164","812"
"SL2.50ch00:7814409-7815341","126","7814409","7815341","932"
"SL2.50ch00:7818026-7820661","604","7818026","7820661","2635"
"SL2.50ch00:7828659-7840838","1989","7828659","7840838","12179"
"SL2.50ch00:7844700-7847495","438","7844700","7847495","2795"
"SL2.50ch00:7851343-7857107","854","7851343","7857107","5764"
"SL2.50ch00:7861042-7865109","705","7861042","7865109","4067"
"SL2.50ch00:7865595-7869991","728","7865595","7869991","4396"
"SL2.50ch00:7874473-7875566","75","7874473","7875566","1093"
"SL2.50ch00:7894339-7894918","62","7894339","7894918","579"
"SL2.50ch00:7908152-7909933","349","7908152","7909933","1781"
"SL2.50ch00:7920594-7921036","79","7920594","7921036","442"
"SL2.50ch00:7929686-7930805","160","7929686","7930805","1119"
"SL2.50ch00:7932993-7933496","63","7932993","7933496","503"
"SL2.50ch00:7955702-7956245","72","7955702","7956245","543"
"SL2.50ch00:7981894-7984640","582","7981894","7984640","2746"
"SL2.50ch00:7992280-7995772","805","7992280","7995772","3492"
"SL2.50ch00:7997050-7999590","518","7997050","7999590","2540"
"SL2.50ch00:8003805-8008288","901","8003805","8008288","4483"
"SL2.50ch00:8211969-8213519","226","8211969","8213519","1550"
"SL2.50ch00:8215981-8216312","86","8215981","8216312","331"
"SL2.50ch00:8220236-8221108","96","8220236","8221108","872"
"SL2.50ch00:8226836-8227347","109","8226836","8227347","511"
"SL2.50ch00:8239260-8240239","240","8239260","8240239","979"
"SL2.50ch00:8239286-8240213","233","8239286","8240213","927"
"SL2.50ch00:8248127-8248821","107","8248127","8248821","694"
"SL2.50ch00:8261022-8261479","61","8261022","8261479","457"
"SL2.50ch00:8272962-8273984","210","8272962","8273984","1022"
"SL2.50ch00:8274420-8274933","130","8274420","8274933","513"
"SL2.50ch00:8278002-8278581","95","8278002","8278581","579"
"SL2.50ch00:8289099-8290072","115","8289099","8290072","973"
"SL2.50ch00:8290565-8291088","60","8290565","8291088","523"
"SL2.50ch00:8308289-8309515","287","8308289","8309515","1226"
"SL2.50ch00:8316667-8317356","79","8316667","8317356","689"
"SL2.50ch00:8317943-8318944","112","8317943","8318944","1001"
"SL2.50ch00:8337579-8338281","85","8337579","8338281","702"
"SL2.50ch00:8352245-8353277","2117","8352245","8353277","1032"
"SL2.50ch00:8364154-8364535","31","8364154","8364535","381"
"SL2.50ch00:8365619-8366000","69","8365619","8366000","381"
"SL2.50ch00:8373129-8374954","166","8373129","8374954","1825"
"SL2.50ch00:8390588-8391066","44","8390588","8391066","478"
"SL2.50ch00:8394886-8395764","179","8394886","8395764","878"
"SL2.50ch00:8397257-8398381","113","8397257","8398381","1124"
"SL2.50ch00:8404870-8407969","368","8404870","8407969","3099"
"SL2.50ch00:8408883-8412450","519","8408883","8412450","3567"
"SL2.50ch00:8594461-8594943","88","8594461","8594943","482"
"SL2.50ch00:8609823-8611996","407","8609823","8611996","2173"
"SL2.50ch00:8613794-8619779","1142","8613794","8619779","5985"
"SL2.50ch00:8620573-8625297","844","8620573","8625297","4724"
"SL2.50ch00:8634190-8643955","1801","8634190","8643955","9765"
"SL2.50ch00:8665372-8665998","120","8665372","8665998","626"
"SL2.50ch00:8693413-8694710","84","8693413","8694710","1297"
"SL2.50ch00:8718576-8718907","29","8718576","8718907","331"
"SL2.50ch00:8733703-8734280","175","8733703","8734280","577"
"SL2.50ch00:8733739-8734376","177","8733739","8734376","637"
"SL2.50ch00:8949323-8950643","328","8949323","8950643","1320"
"SL2.50ch00:8951629-8952554","200","8951629","8952554","925"
"SL2.50ch00:8956889-8957937","188","8956889","8957937","1048"
"SL2.50ch00:8959158-8961918","507","8959158","8961918","2760"
"SL2.50ch00:8964673-8967254","440","8964673","8967254","2581"
"SL2.50ch00:8968434-8969133","138","8968434","8969133","699"
"SL2.50ch00:8976463-8979122","786","8976463","8979122","2659"
"SL2.50ch00:8976500-8979074","786","8976500","8979074","2574"
"SL2.50ch00:8985607-8990373","695","8985607","8990373","4766"
"SL2.50ch00:8991170-8996945","871","8991170","8996945","5775"
"SL2.50ch00:9002719-9008080","932","9002719","9008080","5361"
"SL2.50ch00:9015043-9015861","264","9015043","9015861","818"
"SL2.50ch00:9017163-9020271","543","9017163","9020271","3108"
"SL2.50ch00:9030190-9032107","516","9030190","9032107","1917"
"SL2.50ch00:9032873-9033452","83","9032873","9033452","579"
"SL2.50ch00:9039135-9039732","76","9039135","9039732","597"
"SL2.50ch00:9046200-9047902","561","9046200","9047902","1702"
"SL2.50ch00:9046202-9047927","561","9046202","9047927","1725"
"SL2.50ch00:9049667-9051611","746","9049667","9051611","1944"
"SL2.50ch00:9049687-9051617","746","9049687","9051617","1930"
"SL2.50ch00:9055419-9056439","346","9055419","9056439","1020"
"SL2.50ch00:9058057-9062380","1684","9058057","9062380","4323"
"SL2.50ch00:9058130-9062366","1680","9058130","9062366","4236"
"SL2.50ch00:9068652-9071643","1117","9068652","9071643","2991"
"SL2.50ch00:9068669-9071580","1117","9068669","9071580","2911"
"SL2.50ch00:9078238-9081468","705","9078238","9081468","3230"
"SL2.50ch00:9090020-9091344","406","9090020","9091344","1324"
"SL2.50ch00:9090129-9091328","383","9090129","9091328","1199"
"SL2.50ch00:9096399-9098580","306","9096399","9098580","2181"
"SL2.50ch00:9098778-9101782","587","9098778","9101782","3004"
"SL2.50ch00:9123049-9123430","29","9123049","9123430","381"
"SL2.50ch00:9149049-9149380","70","9149049","9149380","331"
"SL2.50ch00:9239301-9242365","545","9239301","9242365","3064"
"SL2.50ch00:9254842-9256563","430","9254842","9256563","1721"
"SL2.50ch00:9255016-9256573","418","9255016","9256573","1557"
"SL2.50ch00:9258981-9260290","185","9258981","9260290","1309"
"SL2.50ch00:9261209-9262659","255","9261209","9262659","1450"
"SL2.50ch00:9271913-9272294","42","9271913","9272294","381"
"SL2.50ch00:9337679-9338502","96","9337679","9338502","823"
"SL2.50ch00:9342636-9343189","78","9342636","9343189","553"
"SL2.50ch00:9366793-9367269","102","9366793","9367269","476"
"SL2.50ch00:9368011-9368406","89","9368011","9368406","395"
"SL2.50ch00:9369290-9370561","165","9369290","9370561","1271"
"SL2.50ch00:9395581-9395962","38","9395581","9395962","381"
"SL2.50ch00:9405622-9406110","62","9405622","9406110","488"
"SL2.50ch00:9407427-9409207","251","9407427","9409207","1780"
"SL2.50ch00:9411353-9417249","981","9411353","9417249","5896"
"SL2.50ch00:9418329-9422868","745","9418329","9422868","4539"
"SL2.50ch00:9423650-9427773","978","9423650","9427773","4123"
"SL2.50ch00:9432373-9435895","654","9432373","9435895","3522"
"SL2.50ch00:9438461-9438842","32","9438461","9438842","381"
"SL2.50ch00:9450109-9458110","1540","9450109","9458110","8001"
"SL2.50ch00:9459722-9461061","179","9459722","9461061","1339"
"SL2.50ch00:9469117-9469704","165","9469117","9469704","587"
"SL2.50ch00:9469184-9469660","144","9469184","9469660","476"
"SL2.50ch00:9472299-9474303","375","9472299","9474303","2004"
"SL2.50ch00:9478102-9485702","1498","9478102","9485702","7600"
"SL2.50ch00:9499085-9500608","295","9499085","9500608","1523"
"SL2.50ch00:9526293-9526787","59","9526293","9526787","494"
"SL2.50ch00:9563167-9565730","471","9563167","9565730","2563"
"SL2.50ch00:9570000-9571436","260","9570000","9571436","1436"
"SL2.50ch00:9571925-9573357","229","9571925","9573357","1432"
"SL2.50ch00:9574017-9574759","112","9574017","9574759","742"
"SL2.50ch00:9588332-9589715","191","9588332","9589715","1383"
"SL2.50ch00:9599366-9599921","76","9599366","9599921","555"
"SL2.50ch00:9601085-9601527","33","9601085","9601527","442"
"SL2.50ch00:9610173-9610782","102","9610173","9610782","609"
"SL2.50ch00:9619051-9619527","93","9619051","9619527","476"
"SL2.50ch00:9621309-9625027","875","9621309","9625027","3718"
"SL2.50ch00:9626034-9626852","205","9626034","9626852","818"
"SL2.50ch00:9627319-9628335","224","9627319","9628335","1016"
"SL2.50ch00:9629895-9630299","103","9629895","9630299","404"
"SL2.50ch00:9629917-9630298","102","9629917","9630298","381"
"SL2.50ch00:9722309-9729289","1628","9722309","9729289","6980"
"SL2.50ch00:9753122-9755092","291","9753122","9755092","1970"
"SL2.50ch00:9757260-9760710","628","9757260","9760710","3450"
"SL2.50ch00:9771534-9776201","1001","9771534","9776201","4667"
"SL2.50ch00:9781941-9782556","114","9781941","9782556","615"
"SL2.50ch00:9784250-9784845","88","9784250","9784845","595"
"SL2.50ch00:9788325-9788922","150","9788325","9788922","597"
"SL2.50ch00:9790477-9791122","104","9790477","9791122","645"
"SL2.50ch00:9794415-9796017","2029","9794415","9796017","1602"
"SL2.50ch00:9802137-9804804","463","9802137","9804804","2667"
"SL2.50ch00:9814132-9815563","260","9814132","9815563","1431"
"SL2.50ch00:9819957-9820446","72","9819957","9820446","489"
"SL2.50ch00:9834856-9836719","505","9834856","9836719","1863"
"SL2.50ch00:9834870-9836717","502","9834870","9836717","1847"
"SL2.50ch00:9837981-9839049","253","9837981","9839049","1068"
"SL2.50ch00:9855831-9856465","33","9855831","9856465","634"
"SL2.50ch00:9858531-9858862","31","9858531","9858862","331"
"SL2.50ch00:9862095-9862680","241","9862095","9862680","585"
"SL2.50ch00:9864934-9865951","232","9864934","9865951","1017"
"SL2.50ch00:9880761-9881168","72","9880761","9881168","407"
"SL2.50ch00:9954134-9960010","751","9954134","9960010","5876"
"SL2.50ch00:9963927-9971391","1155","9963927","9971391","7464"
"SL2.50ch00:9972941-9982190","1534","9972941","9982190","9249"
"SL2.50ch00:9983433-9987686","634","9983433","9987686","4253"
"SL2.50ch00:9990143-9993954","677","9990143","9993954","3811"
"SL2.50ch00:9998705-10002129","503","9998705","10002129","3424"
"SL2.50ch01:11458478-11458882","34","11458478","11458882","404"
"SL2.50ch01:1333605-1333936","116","1333605","1333936","331"
"SL2.50ch01:14955668-14956176","83","14955668","14956176","508"
"SL2.50ch01:15605509-15606315","227","15605509","15606315","806"
"SL2.50ch01:15605583-15606193","215","15605583","15606193","610"
"SL2.50ch01:1627796-1628204","120","1627796","1628204","408"
"SL2.50ch01:1627802-1628244","122","1627802","1628244","442"
"SL2.50ch01:18123312-18123806","49","18123312","18123806","494"
"SL2.50ch01:1839633-1903351","2909293","1839633","1903351","63718"
"SL2.50ch01:1839799-1903298","2909290","1839799","1903298","63499"
"SL2.50ch01:18654278-18654759","74","18654278","18654759","481"
"SL2.50ch01:20263642-20264023","46","20263642","20264023","381"
"SL2.50ch01:22522140-22522710","46","22522140","22522710","570"
"SL2.50ch01:22596207-22597081","289","22596207","22597081","874"
"SL2.50ch01:22596263-22597008","279","22596263","22597008","745"
"SL2.50ch01:23874904-23875672","285","23874904","23875672","768"
"SL2.50ch01:23874966-23875520","213","23874966","23875520","554"
"SL2.50ch01:23892238-23892823","186","23892238","23892823","585"
"SL2.50ch01:23934743-23935506","965","23934743","23935506","763"
"SL2.50ch01:23934748-23939734","3717","23934748","23939734","4986"
"SL2.50ch01:23935933-23937367","1626","23935933","23937367","1434"
"SL2.50ch01:23937759-23938302","666","23937759","23938302","543"
"SL2.50ch01:23939235-23939566","171","23939235","23939566","331"
"SL2.50ch01:23941132-23943641","9174","23941132","23943641","2509"
"SL2.50ch01:23941250-23943069","9051","23941250","23943069","1819"
"SL2.50ch01:23952360-23953431","382","23952360","23953431","1071"
"SL2.50ch01:23964499-23964830","98","23964499","23964830","331"
"SL2.50ch01:23965493-23966287","1872","23965493","23966287","794"
"SL2.50ch01:23965531-23966303","1873","23965531","23966303","772"
"SL2.50ch01:24228623-24229100","183","24228623","24229100","477"
"SL2.50ch01:24233748-24236055","626","24233748","24236055","2307"
"SL2.50ch01:24233801-24235923","612","24233801","24235923","2122"
"SL2.50ch01:25453551-25453932","112","25453551","25453932","381"
"SL2.50ch01:26706804-26707135","30","26706804","26707135","331"
"SL2.50ch01:27417571-27417952","477","27417571","27417952","381"
"SL2.50ch01:27884780-27885588","922","27884780","27885588","808"
"SL2.50ch01:27884839-27885443","894","27884839","27885443","604"
"SL2.50ch01:28719574-28719905","19","28719574","28719905","331"
"SL2.50ch01:31877343-31877674","33","31877343","31877674","331"
"SL2.50ch01:32158559-32158989","36","32158559","32158989","430"
"SL2.50ch01:35397387-35397768","58","35397387","35397768","381"
"SL2.50ch01:36875461-36876083","39","36875461","36876083","622"
"SL2.50ch01:36888496-36896597","3012","36888496","36896597","8101"
"SL2.50ch01:36888528-36896680","3013","36888528","36896680","8152"
"SL2.50ch01:36950541-36950872","46","36950541","36950872","331"
"SL2.50ch01:36985947-36988070","1196","36985947","36988070","2123"
"SL2.50ch01:39121305-39123184","486","39121305","39123184","1879"
"SL2.50ch01:39123633-39124598","174","39123633","39124598","965"
"SL2.50ch01:39132531-39133845","878","39132531","39133845","1314"
"SL2.50ch01:39132587-39133511","749","39132587","39133511","924"
"SL2.50ch01:39135383-39136962","608","39135383","39136962","1579"
"SL2.50ch01:39137335-39138333","208","39137335","39138333","998"
"SL2.50ch01:39769240-39770437","445","39769240","39770437","1197"
"SL2.50ch01:39769398-39770139","376","39769398","39770139","741"
"SL2.50ch01:40523723-40524199","109","40523723","40524199","476"
"SL2.50ch01:40903454-40903835","43","40903454","40903835","381"
"SL2.50ch01:41729423-41731299","616","41729423","41731299","1876"
"SL2.50ch01:41729508-41731215","616","41729508","41731215","1707"
"SL2.50ch01:41733234-41733827","105","41733234","41733827","593"
"SL2.50ch01:41734282-41734663","89","41734282","41734663","381"
"SL2.50ch01:41753105-41753553","134","41753105","41753553","448"
"SL2.50ch01:42362393-42362883","95","42362393","42362883","490"
"SL2.50ch01:43039497-43039883","464","43039497","43039883","386"
"SL2.50ch01:43647892-43648464","246","43647892","43648464","572"
"SL2.50ch01:43647919-43648405","245","43647919","43648405","486"
"SL2.50ch01:43779509-43779840","84","43779509","43779840","331"
"SL2.50ch01:44088990-44089371","59","44088990","44089371","381"
"SL2.50ch01:44093384-44094080","120","44093384","44094080","696"
"SL2.50ch01:44467103-44467591","96","44467103","44467591","488"
"SL2.50ch01:44528790-44530874","418","44528790","44530874","2084"
"SL2.50ch01:44531920-44532301","77","44531920","44532301","381"
"SL2.50ch01:44610177-44610661","43","44610177","44610661","484"
"SL2.50ch01:44654861-44657190","278","44654861","44657190","2329"
"SL2.50ch01:44706862-44707193","76","44706862","44707193","331"
"SL2.50ch01:44757077-44758026","170","44757077","44758026","949"
"SL2.50ch01:44757085-44758009","170","44757085","44758009","924"
"SL2.50ch01:44787696-44789005","266","44787696","44789005","1309"
"SL2.50ch01:44790727-44791309","94","44790727","44791309","582"
"SL2.50ch01:44799367-44801189","272","44799367","44801189","1822"
"SL2.50ch01:44815432-44816107","164","44815432","44816107","675"
"SL2.50ch01:44821828-44822517","180","44821828","44822517","689"
"SL2.50ch01:44830447-44831700","269","44830447","44831700","1253"
"SL2.50ch01:44835583-44836248","137","44835583","44836248","665"
"SL2.50ch01:44835607-44836280","134","44835607","44836280","673"
"SL2.50ch01:44843039-44843522","56","44843039","44843522","483"
"SL2.50ch01:44860997-44861575","128","44860997","44861575","578"
"SL2.50ch01:44881671-44882093","108","44881671","44882093","422"
"SL2.50ch01:44914556-44915097","32","44914556","44915097","541"
"SL2.50ch01:44921668-44922273","89","44921668","44922273","605"
"SL2.50ch01:44946354-44946735","69","44946354","44946735","381"
"SL2.50ch01:44981212-44982326","244","44981212","44982326","1114"
"SL2.50ch01:44981256-44982262","239","44981256","44982262","1006"
"SL2.50ch01:44982919-44986729","844","44982919","44986729","3810"
"SL2.50ch01:44994737-44995068","43","44994737","44995068","331"
"SL2.50ch01:45009206-45009799","3472","45009206","45009799","593"
"SL2.50ch01:45009246-45009813","3466","45009246","45009813","567"
"SL2.50ch01:45271272-45271996","153","45271272","45271996","724"
"SL2.50ch01:45276944-45277463","139","45276944","45277463","519"
"SL2.50ch01:45786008-45786339","26","45786008","45786339","331"
"SL2.50ch01:48286870-48287201","25","48286870","48287201","331"
"SL2.50ch01:51091098-51091429","25","51091098","51091429","331"
"SL2.50ch01:5240590-5240921","110","5240590","5240921","331"
"SL2.50ch01:53020786-53021273","55","53020786","53021273","487"
"SL2.50ch01:5319851-5322326","608","5319851","5322326","2475"
"SL2.50ch01:53294157-53294555","63","53294157","53294555","398"
"SL2.50ch01:53321430-53321927","115","53321430","53321927","497"
"SL2.50ch01:53328203-53328584","60","53328203","53328584","381"
"SL2.50ch01:53392195-53392852","3427","53392195","53392852","657"
"SL2.50ch01:53392227-53392832","3426","53392227","53392832","605"
"SL2.50ch01:53476716-53477201","50","53476716","53477201","485"
"SL2.50ch01:53507603-53507984","35","53507603","53507984","381"
"SL2.50ch01:54529003-54529517","113","54529003","54529517","514"
"SL2.50ch01:54964667-54965302","127","54964667","54965302","635"
"SL2.50ch01:55578885-55580294","1054","55578885","55580294","1409"
"SL2.50ch01:55579459-55580281","1023","55579459","55580281","822"
"SL2.50ch01:56092195-56092526","66","56092195","56092526","331"
"SL2.50ch01:56249140-56249692","793","56249140","56249692","552"
"SL2.50ch01:56249191-56249695","784","56249191","56249695","504"
"SL2.50ch01:56268229-56268560","34","56268229","56268560","331"
"SL2.50ch01:57183190-57183893","212","57183190","57183893","703"
"SL2.50ch01:57183302-57183748","209","57183302","57183748","446"
"SL2.50ch01:59207046-59207706","210","59207046","59207706","660"
"SL2.50ch01:59207067-59207653","204","59207067","59207653","586"
"SL2.50ch01:5969794-5970125","89","5969794","5970125","331"
"SL2.50ch01:59811765-59812268","23","59811765","59812268","503"
"SL2.50ch01:59925016-59925397","89","59925016","59925397","381"
"SL2.50ch01:60203089-60203470","78","60203089","60203470","381"
"SL2.50ch01:60368301-60368894","129","60368301","60368894","593"
"SL2.50ch01:60369273-60370381","340","60369273","60370381","1108"
"SL2.50ch01:60369363-60370299","337","60369363","60370299","936"
"SL2.50ch01:60876741-60878784","908","60876741","60878784","2043"
"SL2.50ch01:60876808-60878696","893","60876808","60878696","1888"
"SL2.50ch01:61418930-61419311","123","61418930","61419311","381"
"SL2.50ch01:61861812-61862416","250","61861812","61862416","604"
"SL2.50ch01:61862024-61862416","234","61862024","61862416","392"
"SL2.50ch01:61983838-61984471","108","61983838","61984471","633"
"SL2.50ch01:62189554-62191710","409","62189554","62191710","2156"
"SL2.50ch01:62189644-62190491","168","62189644","62190491","847"
"SL2.50ch01:63514700-63515104","74","63514700","63515104","404"
"SL2.50ch01:63631337-63631718","57","63631337","63631718","381"
"SL2.50ch01:63798121-63798929","258","63798121","63798929","808"
"SL2.50ch01:63800218-63800840","152","63800218","63800840","622"
"SL2.50ch01:63800335-63800716","135","63800335","63800716","381"
"SL2.50ch01:63802373-63803524","218","63802373","63803524","1151"
"SL2.50ch01:63802467-63803487","208","63802467","63803487","1020"
"SL2.50ch01:64585497-64585988","85","64585497","64585988","491"
"SL2.50ch01:64585607-64585938","75","64585607","64585938","331"
"SL2.50ch01:64640123-64640584","1205","64640123","64640584","461"
"SL2.50ch01:64824499-64824830","54","64824499","64824830","331"
"SL2.50ch01:65150074-65150455","68","65150074","65150455","381"
"SL2.50ch01:65151039-65151567","106","65151039","65151567","528"
"SL2.50ch01:65152349-65153034","141","65152349","65153034","685"
"SL2.50ch01:65152378-65152953","136","65152378","65152953","575"
"SL2.50ch01:65651771-65652420","3277","65651771","65652420","649"
"SL2.50ch01:65651851-65652388","3270","65651851","65652388","537"
"SL2.50ch01:65923152-65923483","15","65923152","65923483","331"
"SL2.50ch01:66008980-66011338","927","66008980","66011338","2358"
"SL2.50ch01:66013156-66014283","462","66013156","66014283","1127"
"SL2.50ch01:66013167-66014271","447","66013167","66014271","1104"
"SL2.50ch01:66014871-66016094","395","66014871","66016094","1223"
"SL2.50ch01:66014873-66016068","389","66014873","66016068","1195"
"SL2.50ch01:66433502-66434215","230","66433502","66434215","713"
"SL2.50ch01:66433506-66434095","222","66433506","66434095","589"
"SL2.50ch01:67724905-67725308","99","67724905","67725308","403"
"SL2.50ch01:69689806-69690539","86","69689806","69690539","733"
"SL2.50ch01:69749012-69749393","45","69749012","69749393","381"
"SL2.50ch01:7029754-7030489","449","7029754","7030489","735"
"SL2.50ch01:7029756-7030764","458","7029756","7030764","1008"
"SL2.50ch01:7080465-7081931","454","7080465","7081931","1466"
"SL2.50ch01:7080467-7082059","459","7080467","7082059","1592"
"SL2.50ch01:72633577-72634315","601","72633577","72634315","738"
"SL2.50ch01:72633594-72634284","601","72633594","72634284","690"
"SL2.50ch01:73893700-73894081","96","73893700","73894081","381"
"SL2.50ch01:76143227-76143705","221","76143227","76143705","478"
"SL2.50ch01:76143301-76143794","220","76143301","76143794","493"
"SL2.50ch01:76743963-76744344","167","76743963","76744344","381"
"SL2.50ch01:77179128-77179727","99","77179128","77179727","599"
"SL2.50ch01:77501278-77502364","241","77501278","77502364","1086"
"SL2.50ch01:77501328-77502394","246","77501328","77502394","1066"
"SL2.50ch01:77505676-77506654","285","77505676","77506654","978"
"SL2.50ch01:77533691-77534343","116","77533691","77534343","652"
"SL2.50ch01:77533811-77534373","107","77533811","77534373","562"
"SL2.50ch01:78119763-78120315","162","78119763","78120315","552"
"SL2.50ch01:78119806-78120283","161","78119806","78120283","477"
"SL2.50ch01:80499781-80500543","147","80499781","80500543","762"
"SL2.50ch01:81744183-81744564","42","81744183","81744564","381"
"SL2.50ch01:82435930-82436624","366","82435930","82436624","694"
"SL2.50ch01:82436081-82436557","357","82436081","82436557","476"
"SL2.50ch01:82806773-82807407","252","82806773","82807407","634"
"SL2.50ch01:82806852-82807233","216","82806852","82807233","381"
"SL2.50ch01:84251043-84251523","138","84251043","84251523","480"
"SL2.50ch01:84251073-84251675","151","84251073","84251675","602"
"SL2.50ch01:84679602-84679985","373","84679602","84679985","383"
"SL2.50ch01:84679623-84680027","373","84679623","84680027","404"
"SL2.50ch01:84936641-84937409","247","84936641","84937409","768"
"SL2.50ch01:84936740-84937321","235","84936740","84937321","581"
"SL2.50ch01:85496822-85497632","175","85496822","85497632","810"
"SL2.50ch01:85505495-85506453","159","85505495","85506453","958"
"SL2.50ch01:86035460-86035841","270","86035460","86035841","381"
"SL2.50ch01:86035470-86035891","273","86035470","86035891","421"
"SL2.50ch01:87072429-87072760","1100","87072429","87072760","331"
"SL2.50ch01:8745060-8745391","40","8745060","8745391","331"
"SL2.50ch01:88104737-88105141","590","88104737","88105141","404"
"SL2.50ch01:88104760-88105141","590","88104760","88105141","381"
"SL2.50ch01:9006265-9006884","2213","9006265","9006884","619"
"SL2.50ch01:90133369-90133970","1076","90133369","90133970","601"
"SL2.50ch01:90133382-90134008","1076","90133382","90134008","626"
"SL2.50ch01:91495632-91496119","2829","91495632","91496119","487"
"SL2.50ch01:91495700-91496155","2829","91495700","91496155","455"
"SL2.50ch01:92021042-92021481","271","92021042","92021481","439"
"SL2.50ch01:92021077-92021560","272","92021077","92021560","483"
"SL2.50ch01:93670610-93671740","741","93670610","93671740","1130"
"SL2.50ch01:93670622-93671737","741","93670622","93671737","1115"
"SL2.50ch01:95967789-95968120","108","95967789","95968120","331"
"SL2.50ch01:96868512-96870416","1470","96868512","96870416","1904"
"SL2.50ch01:96868535-96870495","1466","96868535","96870495","1960"
"SL2.50ch01:96871050-96871716","331","96871050","96871716","666"
"SL2.50ch01:96871112-96871662","315","96871112","96871662","550"
"SL2.50ch01:98472724-98473480","244","98472724","98473480","756"
"SL2.50ch01:98472911-98473612","233","98472911","98473612","701"
"SL2.50ch01:98477499-98477880","70","98477499","98477880","381"
"SL2.50ch01:98480524-98480981","226","98480524","98480981","457"
"SL2.50ch01:98481412-98482215","207","98481412","98482215","803"
"SL2.50ch01:98483865-98484651","192","98483865","98484651","786"
"SL2.50ch01:98484076-98484616","161","98484076","98484616","540"
"SL2.50ch01:98485517-98485911","63","98485517","98485911","394"
"SL2.50ch01:98486289-98487292","260","98486289","98487292","1003"
"SL2.50ch01:98488591-98489679","148","98488591","98489679","1088"
"SL2.50ch01:98492353-98492828","57","98492353","98492828","475"
"SL2.50ch01:98497780-98499222","194","98497780","98499222","1442"
"SL2.50ch01:98497809-98499117","183","98497809","98499117","1308"
"SL2.50ch01:98501332-98501762","70","98501332","98501762","430"
"SL2.50ch01:98502853-98505157","649","98502853","98505157","2304"
"SL2.50ch01:98502942-98504832","574","98502942","98504832","1890"
"SL2.50ch01:98506801-98507467","133","98506801","98507467","666"
"SL2.50ch01:98510382-98510893","60","98510382","98510893","511"
"SL2.50ch01:98530565-98530946","65","98530565","98530946","381"
"SL2.50ch01:98534666-98535190","89","98534666","98535190","524"
"SL2.50ch01:98534700-98535176","89","98534700","98535176","476"
"SL2.50ch02:12829609-12830132","94","12829609","12830132","523"
"SL2.50ch02:12836089-12838255","490","12836089","12838255","2166"
"SL2.50ch02:12839260-12844314","767","12839260","12844314","5054"
"SL2.50ch02:12845287-12847581","338","12845287","12847581","2294"
"SL2.50ch02:12850240-12857594","1450","12850240","12857594","7354"
"SL2.50ch02:12859332-12864932","1160","12859332","12864932","5600"
"SL2.50ch02:12866874-12868146","295","12866874","12868146","1272"
"SL2.50ch02:12867016-12868053","273","12867016","12868053","1037"
"SL2.50ch02:12883728-12884393","121","12883728","12884393","665"
"SL2.50ch02:12887543-12888578","302","12887543","12888578","1035"
"SL2.50ch02:12918392-12919241","99","12918392","12919241","849"
"SL2.50ch02:12971061-12972855","319","12971061","12972855","1794"
"SL2.50ch02:12993663-12995536","361","12993663","12995536","1873"
"SL2.50ch02:13002579-13003837","304","13002579","13003837","1258"
"SL2.50ch02:13773265-13773884","205","13773265","13773884","619"
"SL2.50ch02:13775574-13775995","176","13775574","13775995","421"
"SL2.50ch02:13775666-13775997","163","13775666","13775997","331"
"SL2.50ch02:13779183-13780814","3419","13779183","13780814","1631"
"SL2.50ch02:13784653-13786368","2412","13784653","13786368","1715"
"SL2.50ch02:13787338-13787905","1099","13787338","13787905","567"
"SL2.50ch02:13787398-13787830","1091","13787398","13787830","432"
"SL2.50ch02:13788336-13788667","55","13788336","13788667","331"
"SL2.50ch02:13823623-13824558","563","13823623","13824558","935"
"SL2.50ch02:13823686-13824265","516","13823686","13824265","579"
"SL2.50ch02:13827287-13830147","3325","13827287","13830147","2860"
"SL2.50ch02:13830918-13833224","5400","13830918","13833224","2306"
"SL2.50ch02:13831037-13833217","5396","13831037","13833217","2180"
"SL2.50ch02:13874890-13879485","1246","13874890","13879485","4595"
"SL2.50ch02:15331721-15332318","260","15331721","15332318","597"
"SL2.50ch02:15331783-15332301","253","15331783","15332301","518"
"SL2.50ch02:17880687-17881091","254","17880687","17881091","404"
"SL2.50ch02:17880688-17881069","254","17880688","17881069","381"
"SL2.50ch02:17882138-17882864","1022","17882138","17882864","726"
"SL2.50ch02:17882156-17882923","1023","17882156","17882923","767"
"SL2.50ch02:19051081-19051687","237","19051081","19051687","606"
"SL2.50ch02:19051097-19051615","231","19051097","19051615","518"
"SL2.50ch02:19066183-19066514","33","19066183","19066514","331"
"SL2.50ch02:19905211-19906846","386","19905211","19906846","1635"
"SL2.50ch02:19909800-19910323","74","19909800","19910323","523"
"SL2.50ch02:20737373-20738019","341","20737373","20738019","646"
"SL2.50ch02:20737437-20737936","336","20737437","20737936","499"
"SL2.50ch02:2190847-2191262","112","2190847","2191262","415"
"SL2.50ch02:22601433-22602119","57","22601433","22602119","686"
"SL2.50ch02:23287429-23287833","235","23287429","23287833","404"
"SL2.50ch02:23287478-23287870","231","23287478","23287870","392"
"SL2.50ch02:23767720-23768631","392","23767720","23768631","911"
"SL2.50ch02:23768011-23768606","350","23768011","23768606","595"
"SL2.50ch02:24414076-24414457","32","24414076","24414457","381"
"SL2.50ch02:24490793-24495381","9745","24490793","24495381","4588"
"SL2.50ch02:24490875-24495357","9734","24490875","24495357","4482"
"SL2.50ch02:24495822-24496616","1515","24495822","24496616","794"
"SL2.50ch02:24495838-24496627","1509","24495838","24496627","789"
"SL2.50ch02:24497847-24498453","511","24497847","24498453","606"
"SL2.50ch02:24497872-24498348","505","24497872","24498348","476"
"SL2.50ch02:24507100-24507673","420","24507100","24507673","573"
"SL2.50ch02:24507156-24507711","414","24507156","24507711","555"
"SL2.50ch02:24512859-24514476","3212","24512859","24514476","1617"
"SL2.50ch02:24512867-24514509","3212","24512867","24514509","1642"
"SL2.50ch02:24531766-24533080","1809","24531766","24533080","1314"
"SL2.50ch02:24531811-24533117","1810","24531811","24533117","1306"
"SL2.50ch02:24850228-24850639","77","24850228","24850639","411"
"SL2.50ch02:24948053-24951171","514","24948053","24951171","3118"
"SL2.50ch02:24978476-24978986","125","24978476","24978986","510"
"SL2.50ch02:24987144-24988110","207","24987144","24988110","966"
"SL2.50ch02:24999075-24999406","55","24999075","24999406","331"
"SL2.50ch02:25003025-25006388","510","25003025","25006388","3363"
"SL2.50ch02:25015526-25016734","165","25015526","25016734","1208"
"SL2.50ch02:25022033-25022414","46","25022033","25022414","381"
"SL2.50ch02:26874689-26875105","135","26874689","26875105","416"
"SL2.50ch02:2908928-2909609","989","2908928","2909609","681"
"SL2.50ch02:2908986-2909736","992","2908986","2909736","750"
"SL2.50ch02:30278226-30278703","137","30278226","30278703","477"
"SL2.50ch02:30278278-30278682","129","30278278","30278682","404"
"SL2.50ch02:30497802-30498183","797","30497802","30498183","381"
"SL2.50ch02:31141816-31142341","35","31141816","31142341","525"
"SL2.50ch02:31406371-31406949","101","31406371","31406949","578"
"SL2.50ch02:32942115-32942594","80","32942115","32942594","479"
"SL2.50ch02:32942122-32942503","77","32942122","32942503","381"
"SL2.50ch02:32963117-32963498","139","32963117","32963498","381"
"SL2.50ch02:32973574-32973905","154","32973574","32973905","331"
"SL2.50ch02:32973617-32974123","209","32973617","32974123","506"
"SL2.50ch02:32976656-32977061","115","32976656","32977061","405"
"SL2.50ch02:32984562-32984978","91","32984562","32984978","416"
"SL2.50ch02:33077633-33077947","57","33077633","33077947","314"
"SL2.50ch02:36472031-36472412","101","36472031","36472412","381"
"SL2.50ch02:36474435-36479246","1540","36474435","36479246","4811"
"SL2.50ch02:36474509-36478841","1510","36474509","36478841","4332"
"SL2.50ch02:36945306-36945687","59","36945306","36945687","381"
"SL2.50ch02:37743077-37743458","597","37743077","37743458","381"
"SL2.50ch02:37743115-37743429","597","37743115","37743429","314"
"SL2.50ch02:38735776-38736107","42","38735776","38736107","331"
"SL2.50ch02:39031505-39031909","61","39031505","39031909","404"
"SL2.50ch02:39033808-39034637","286","39033808","39034637","829"
"SL2.50ch02:39033861-39034488","232","39033861","39034488","627"
"SL2.50ch02:41500703-41501189","348","41500703","41501189","486"
"SL2.50ch02:41500770-41501174","345","41500770","41501174","404"
"SL2.50ch02:41740526-41746005","1545","41740526","41746005","5479"
"SL2.50ch02:41742793-41747605","1429","41742793","41747605","4812"
"SL2.50ch02:41747630-41749102","367","41747630","41749102","1472"
"SL2.50ch02:41958508-41958839","522","41958508","41958839","331"
"SL2.50ch02:44549133-44549754","7261","44549133","44549754","621"
"SL2.50ch02:44549141-44549732","7261","44549141","44549732","591"
"SL2.50ch02:44818399-44819146","10494","44818399","44819146","747"
"SL2.50ch02:44818552-44819123","10491","44818552","44819123","571"
"SL2.50ch02:45016484-45016815","83","45016484","45016815","331"
"SL2.50ch02:45768024-45768355","48","45768024","45768355","331"
"SL2.50ch02:47573514-47573845","48","47573514","47573845","331"
"SL2.50ch02:47588308-47588712","50","47588308","47588712","404"
"SL2.50ch02:47694739-47695070","94","47694739","47695070","331"
"SL2.50ch02:48371660-48372144","217","48371660","48372144","484"
"SL2.50ch02:48371716-48372177","213","48371716","48372177","461"
"SL2.50ch02:48732997-48733856","218","48732997","48733856","859"
"SL2.50ch02:48733190-48733850","202","48733190","48733850","660"
"SL2.50ch02:49313147-49313478","37","49313147","49313478","331"
"SL2.50ch02:49904154-49904808","221","49904154","49904808","654"
"SL2.50ch02:49904278-49904659","180","49904278","49904659","381"
"SL2.50ch02:51682010-51682391","236","51682010","51682391","381"
"SL2.50ch02:51682021-51682425","236","51682021","51682425","404"
"SL2.50ch02:5181503-5181884","26","5181503","5181884","381"
"SL2.50ch02:52487696-52488109","178","52487696","52488109","413"
"SL2.50ch02:52487726-52488168","176","52487726","52488168","442"
"SL2.50ch02:53630270-53630674","169","53630270","53630674","404"
"SL2.50ch02:53630278-53630659","169","53630278","53630659","381"
"SL2.50ch02:61080-61962","171","61080","61962","882"
"SL2.50ch02:6346252-6346737","151","6346252","6346737","485"
"SL2.50ch02:6346354-6346685","138","6346354","6346685","331"
"SL2.50ch02:6347850-6348384","213","6347850","6348384","534"
"SL2.50ch02:8193589-8193920","205","8193589","8193920","331"
"SL2.50ch02:8462188-8462569","47","8462188","8462569","381"
"SL2.50ch02:8892026-8893262","76","8892026","8893262","1236"
"SL2.50ch02:9251199-9251834","1169","9251199","9251834","635"
"SL2.50ch02:9324555-9324936","28","9324555","9324936","381"
"SL2.50ch02:9407238-9419280","2863","9407238","9419280","12042"
"SL2.50ch02:9423880-9427239","756","9423880","9427239","3359"
"SL2.50ch02:9522461-9523269","92","9522461","9523269","808"
"SL2.50ch03:1058317-1058710","152","1058317","1058710","393"
"SL2.50ch03:1058318-1058722","152","1058318","1058722","404"
"SL2.50ch03:11745710-11748231","674","11745710","11748231","2521"
"SL2.50ch03:12705966-12706508","41","12705966","12706508","542"
"SL2.50ch03:13311547-13311928","64","13311547","13311928","381"
"SL2.50ch03:13318242-13320196","477","13318242","13320196","1954"
"SL2.50ch03:13345110-13345650","137","13345110","13345650","540"
"SL2.50ch03:13346186-13346662","94","13346186","13346662","476"
"SL2.50ch03:13361771-13363248","427","13361771","13363248","1477"
"SL2.50ch03:13361894-13363260","423","13361894","13363260","1366"
"SL2.50ch03:13366641-13367356","130","13366641","13367356","715"
"SL2.50ch03:13366659-13367442","132","13366659","13367442","783"
"SL2.50ch03:13368063-13372304","919","13368063","13372304","4241"
"SL2.50ch03:15952973-15954262","386","15952973","15954262","1289"
"SL2.50ch03:15955771-15957606","567","15955771","15957606","1835"
"SL2.50ch03:15955780-15957531","567","15955780","15957531","1751"
"SL2.50ch03:15958712-15960873","540","15958712","15960873","2161"
"SL2.50ch03:15958762-15960717","513","15958762","15960717","1955"
"SL2.50ch03:1596313-1596727","93","1596313","1596727","414"
"SL2.50ch03:15969035-15969863","1093","15969035","15969863","828"
"SL2.50ch03:15969117-15970109","1064","15969117","15970109","992"
"SL2.50ch03:15971446-15973065","699","15971446","15973065","1619"
"SL2.50ch03:15971661-15973115","675","15971661","15973115","1454"
"SL2.50ch03:15974113-15977441","2170","15974113","15977441","3328"
"SL2.50ch03:15974260-15974674","115","15974260","15974674","414"
"SL2.50ch03:15975126-15977534","2008","15975126","15977534","2408"
"SL2.50ch03:16158911-16159242","35","16158911","16159242","331"
"SL2.50ch03:16290483-16291380","164","16290483","16291380","897"
"SL2.50ch03:16781741-16782486","100","16781741","16782486","745"
"SL2.50ch03:16813615-16814156","413","16813615","16814156","541"
"SL2.50ch03:16813701-16814086","398","16813701","16814086","385"
"SL2.50ch03:16988842-16989467","194","16988842","16989467","625"
"SL2.50ch03:16988892-16989402","175","16988892","16989402","510"
"SL2.50ch03:18337424-18337805","32","18337424","18337805","381"
"SL2.50ch03:19264433-19265103","95","19264433","19265103","670"
"SL2.50ch03:19264699-19265080","84","19264699","19265080","381"
"SL2.50ch03:19394226-19394607","42","19394226","19394607","381"
"SL2.50ch03:1949080-1949567","152","1949080","1949567","487"
"SL2.50ch03:19647429-19647810","35","19647429","19647810","381"
"SL2.50ch03:19922927-19923406","45","19922927","19923406","479"
"SL2.50ch03:20510356-20510926","170","20510356","20510926","570"
"SL2.50ch03:20510518-20510906","158","20510518","20510906","388"
"SL2.50ch03:21396540-21396921","64","21396540","21396921","381"
"SL2.50ch03:21452593-21452974","102","21452593","21452974","381"
"SL2.50ch03:22923133-22923817","128","22923133","22923817","684"
"SL2.50ch03:22923320-22923701","107","22923320","22923701","381"
"SL2.50ch03:23694487-23695402","1586","23694487","23695402","915"
"SL2.50ch03:23694570-23695391","1586","23694570","23695391","821"
"SL2.50ch03:23696853-23697416","560","23696853","23697416","563"
"SL2.50ch03:23696863-23697427","559","23696863","23697427","564"
"SL2.50ch03:24533819-24534239","125","24533819","24534239","420"
"SL2.50ch03:25795003-25795664","3418","25795003","25795664","661"
"SL2.50ch03:25795086-25795500","3418","25795086","25795500","414"
"SL2.50ch03:29000823-29001154","39","29000823","29001154","331"
"SL2.50ch03:29749990-29750798","196","29749990","29750798","808"
"SL2.50ch03:30365258-30370045","5342","30365258","30370045","4787"
"SL2.50ch03:30365362-30369911","5329","30365362","30369911","4549"
"SL2.50ch03:30882310-30882641","19","30882310","30882641","331"
"SL2.50ch03:31622139-31623807","533","31622139","31623807","1668"
"SL2.50ch03:3174764-3175236","133","3174764","3175236","472"
"SL2.50ch03:3174801-3175182","133","3174801","3175182","381"
"SL2.50ch03:32171053-32172261","4626","32171053","32172261","1208"
"SL2.50ch03:32171158-32172318","4624","32171158","32172318","1160"
"SL2.50ch03:3264920-3265251","200","3264920","3265251","331"
"SL2.50ch03:33136406-33137028","15472","33136406","33137028","622"
"SL2.50ch03:33136430-33137011","15472","33136430","33137011","581"
"SL2.50ch03:33645135-33645516","38","33645135","33645516","381"
"SL2.50ch03:33785250-33785654","89","33785250","33785654","404"
"SL2.50ch03:34590888-34592949","1176","34590888","34592949","2061"
"SL2.50ch03:34595118-34596134","1216","34595118","34596134","1016"
"SL2.50ch03:34595177-34596062","1211","34595177","34596062","885"
"SL2.50ch03:34597537-34598912","1079","34597537","34598912","1375"
"SL2.50ch03:34597548-34598952","1082","34597548","34598952","1404"
"SL2.50ch03:34599575-34601701","3826","34599575","34601701","2126"
"SL2.50ch03:34599897-34601556","3791","34599897","34601556","1659"
"SL2.50ch03:34605836-34608910","4248","34605836","34608910","3074"
"SL2.50ch03:34606158-34608868","4226","34606158","34608868","2710"
"SL2.50ch03:36362070-36362451","41","36362070","36362451","381"
"SL2.50ch03:37388170-37388998","731","37388170","37388998","828"
"SL2.50ch03:37388317-37389021","718","37388317","37389021","704"
"SL2.50ch03:37793068-37793615","70","37793068","37793615","547"
"SL2.50ch03:3963188-3963579","107","3963188","3963579","391"
"SL2.50ch03:39746106-39747541","285","39746106","39747541","1435"
"SL2.50ch03:39746229-39747518","275","39746229","39747518","1289"
"SL2.50ch03:40339033-40339364","46","40339033","40339364","331"
"SL2.50ch03:407189-407972","227","407189","407972","783"
"SL2.50ch03:407380-407915","193","407380","407915","535"
"SL2.50ch03:41347342-41347919","709","41347342","41347919","577"
"SL2.50ch03:41347361-41347842","703","41347361","41347842","481"
"SL2.50ch03:41525374-41525958","125","41525374","41525958","584"
"SL2.50ch03:41526620-41528858","432","41526620","41528858","2238"
"SL2.50ch03:44111860-44114474","21439","44111860","44114474","2614"
"SL2.50ch03:44112081-44114465","21421","44112081","44114465","2384"
"SL2.50ch03:44115847-44117045","20531","44115847","44117045","1198"
"SL2.50ch03:44115883-44116989","20337","44115883","44116989","1106"
"SL2.50ch03:44391801-44392283","238","44391801","44392283","482"
"SL2.50ch03:44452817-44453309","175","44452817","44453309","492"
"SL2.50ch03:44457183-44457618","127","44457183","44457618","435"
"SL2.50ch03:44459272-44459690","101","44459272","44459690","418"
"SL2.50ch03:45183694-45184302","29","45183694","45184302","608"
"SL2.50ch03:45379864-45380535","144","45379864","45380535","671"
"SL2.50ch03:45802648-45803172","35","45802648","45803172","524"
"SL2.50ch03:46424746-46425077","54","46424746","46425077","331"
"SL2.50ch03:46578184-46580068","241","46578184","46580068","1884"
"SL2.50ch03:48907463-48909035","945","48907463","48909035","1572"
"SL2.50ch03:48907468-48908450","759","48907468","48908450","982"
"SL2.50ch03:50332867-50333433","75","50332867","50333433","566"
"SL2.50ch03:51702380-51703024","1307","51702380","51703024","644"
"SL2.50ch03:51702397-51702993","1297","51702397","51702993","596"
"SL2.50ch03:52270746-52271863","212","52270746","52271863","1117"
"SL2.50ch03:52597412-52597793","192","52597412","52597793","381"
"SL2.50ch03:52597428-52597871","198","52597428","52597871","443"
"SL2.50ch03:53569737-53570118","83","53569737","53570118","381"
"SL2.50ch03:53623586-53624166","267","53623586","53624166","580"
"SL2.50ch03:53623660-53624115","257","53623660","53624115","455"
"SL2.50ch03:53627847-53628538","1256","53627847","53628538","691"
"SL2.50ch03:53627897-53628562","1257","53627897","53628562","665"
"SL2.50ch03:53931251-53932697","603","53931251","53932697","1446"
"SL2.50ch03:53931260-53932687","602","53931260","53932687","1427"
"SL2.50ch03:54169521-54172079","863","54169521","54172079","2558"
"SL2.50ch03:54169545-54173017","974","54169545","54173017","3472"
"SL2.50ch03:54176311-54177270","338","54176311","54177270","959"
"SL2.50ch03:54176482-54177200","320","54176482","54177200","718"
"SL2.50ch03:54178552-54178933","62","54178552","54178933","381"
"SL2.50ch03:54181376-54181794","168","54181376","54181794","418"
"SL2.50ch03:54184133-54185223","264","54184133","54185223","1090"
"SL2.50ch03:56488712-56490419","5847","56488712","56490419","1707"
"SL2.50ch03:56488743-56490393","5841","56488743","56490393","1650"
"SL2.50ch03:59443405-59443736","74","59443405","59443736","331"
"SL2.50ch03:5997176-5997655","56","5997176","5997655","479"
"SL2.50ch03:60238707-60239292","84","60238707","60239292","585"
"SL2.50ch03:60259367-60259698","70","60259367","60259698","331"
"SL2.50ch03:60833776-60835353","229","60833776","60835353","1577"
"SL2.50ch03:60837758-60838548","105","60837758","60838548","790"
"SL2.50ch03:60877408-60877838","91","60877408","60877838","430"
"SL2.50ch03:60887023-60887890","169","60887023","60887890","867"
"SL2.50ch03:62569572-62569953","234","62569572","62569953","381"
"SL2.50ch03:6433412-6434088","203","6433412","6434088","676"
"SL2.50ch03:6433585-6433966","148","6433585","6433966","381"
"SL2.50ch03:6454508-6455101","160","6454508","6455101","593"
"SL2.50ch03:64820415-64821556","248","64820415","64821556","1141"
"SL2.50ch03:64827514-64828534","217","64827514","64828534","1020"
"SL2.50ch03:64829794-64830331","111","64829794","64830331","537"
"SL2.50ch03:64835372-64835703","80","64835372","64835703","331"
"SL2.50ch03:64925645-64929544","805","64925645","64929544","3899"
"SL2.50ch03:65655543-65655992","140","65655543","65655992","449"
"SL2.50ch03:65655611-65656015","140","65655611","65656015","404"
"SL2.50ch03:65838805-65839386","242","65838805","65839386","581"
"SL2.50ch03:65838875-65839279","241","65838875","65839279","404"
"SL2.50ch03:6838333-6838947","144","6838333","6838947","614"
"SL2.50ch03:6838427-6839096","170","6838427","6839096","669"
"SL2.50ch03:6842160-6843334","207","6842160","6843334","1174"
"SL2.50ch03:6846720-6847146","109","6846720","6847146","426"
"SL2.50ch03:6857162-6858973","500","6857162","6858973","1811"
"SL2.50ch03:6857252-6859124","519","6857252","6859124","1872"
"SL2.50ch03:6868406-6870317","486","6868406","6870317","1911"
"SL2.50ch03:6871197-6872353","279","6871197","6872353","1156"
"SL2.50ch03:6883183-6884180","155","6883183","6884180","997"
"SL2.50ch03:6883219-6884161","151","6883219","6884161","942"
"SL2.50ch03:6921438-6922525","163","6921438","6922525","1087"
"SL2.50ch03:6921908-6922783","137","6921908","6922783","875"
"SL2.50ch03:6938417-6939798","320","6938417","6939798","1381"
"SL2.50ch03:6947107-6948856","436","6947107","6948856","1749"
"SL2.50ch03:6947149-6948532","355","6947149","6948532","1383"
"SL2.50ch03:6951415-6952931","433","6951415","6952931","1516"
"SL2.50ch03:6951458-6953280","474","6951458","6953280","1822"
"SL2.50ch03:6965402-6966234","168","6965402","6966234","832"
"SL2.50ch03:70528901-70529381","369","70528901","70529381","480"
"SL2.50ch03:70528934-70529411","361","70528934","70529411","477"
"SL2.50ch03:7105740-7106154","121","7105740","7106154","414"
"SL2.50ch03:7109711-7110042","66","7109711","7110042","331"
"SL2.50ch03:9711046-9711377","10","9711046","9711377","331"
"SL2.50ch04:11167926-11168307","489","11167926","11168307","381"
"SL2.50ch04:11568557-11568938","160","11568557","11568938","381"
"SL2.50ch04:11568580-11568984","154","11568580","11568984","404"
"SL2.50ch04:12098243-12099159","187","12098243","12099159","916"
"SL2.50ch04:12101156-12101792","162","12101156","12101792","636"
"SL2.50ch04:12101275-12101773","150","12101275","12101773","498"
"SL2.50ch04:13811358-13811739","38","13811358","13811739","381"
"SL2.50ch04:14616245-14616921","210","14616245","14616921","676"
"SL2.50ch04:14616362-14616870","193","14616362","14616870","508"
"SL2.50ch04:14685495-14686456","196","14685495","14686456","961"
"SL2.50ch04:14731562-14732266","140","14731562","14732266","704"
"SL2.50ch04:14738437-14739052","123","14738437","14739052","615"
"SL2.50ch04:14738906-14739287","100","14738906","14739287","381"
"SL2.50ch04:14742378-14743652","361","14742378","14743652","1274"
"SL2.50ch04:14768522-14769939","258","14768522","14769939","1417"
"SL2.50ch04:14768650-14769717","210","14768650","14769717","1067"
"SL2.50ch04:14808043-14809946","480","14808043","14809946","1903"
"SL2.50ch04:14814113-14814610","90","14814113","14814610","497"
"SL2.50ch04:14834318-14836915","623","14834318","14836915","2597"
"SL2.50ch04:14841425-14842026","98","14841425","14842026","601"
"SL2.50ch04:15038357-15041426","665","15038357","15041426","3069"
"SL2.50ch04:15038450-15041435","662","15038450","15041435","2985"
"SL2.50ch04:16897815-16898196","25","16897815","16898196","381"
"SL2.50ch04:17160905-17161286","148","17160905","17161286","381"
"SL2.50ch04:17450904-17451334","88","17450904","17451334","430"
"SL2.50ch04:17950940-17951321","41","17950940","17951321","381"
"SL2.50ch04:18560486-18561108","1586","18560486","18561108","622"
"SL2.50ch04:18560509-18561081","1586","18560509","18561081","572"
"SL2.50ch04:19321854-19322395","87","19321854","19322395","541"
"SL2.50ch04:19324757-19325964","175","19324757","19325964","1207"
"SL2.50ch04:19336793-19337124","39","19336793","19337124","331"
"SL2.50ch04:21631398-21631886","34","21631398","21631886","488"
"SL2.50ch04:22738936-22739317","64","22738936","22739317","381"
"SL2.50ch04:248035-248441","120","248035","248441","406"
"SL2.50ch04:248047-248451","119","248047","248451","404"
"SL2.50ch04:2506311-2506692","76","2506311","2506692","381"
"SL2.50ch04:26603102-26603834","142","26603102","26603834","732"
"SL2.50ch04:26611415-26614562","562","26611415","26614562","3147"
"SL2.50ch04:26623139-26623792","61","26623139","26623792","653"
"SL2.50ch04:26631151-26631482","71","26631151","26631482","331"
"SL2.50ch04:26662602-26662933","76","26662602","26662933","331"
"SL2.50ch04:26679587-26679968","63","26679587","26679968","381"
"SL2.50ch04:26681867-26683221","217","26681867","26683221","1354"
"SL2.50ch04:26718296-26720437","355","26718296","26720437","2141"
"SL2.50ch04:26721036-26722679","313","26721036","26722679","1643"
"SL2.50ch04:26724649-26725030","77","26724649","26725030","381"
"SL2.50ch04:26730814-26731195","81","26730814","26731195","381"
"SL2.50ch04:26736129-26736533","105","26736129","26736533","404"
"SL2.50ch04:26738374-26738948","118","26738374","26738948","574"
"SL2.50ch04:26745585-26745916","70","26745585","26745916","331"
"SL2.50ch04:26747946-26748260","29","26747946","26748260","314"
"SL2.50ch04:26759022-26759516","75","26759022","26759516","494"
"SL2.50ch04:26812505-26813601","177","26812505","26813601","1096"
"SL2.50ch04:26827281-26827696","120","26827281","26827696","415"
"SL2.50ch04:26830969-26831458","53","26830969","26831458","489"
"SL2.50ch04:30142735-30143508","501","30142735","30143508","773"
"SL2.50ch04:30142793-30143207","379","30142793","30143207","414"
"SL2.50ch04:30599050-30599381","18","30599050","30599381","331"
"SL2.50ch04:31286884-31287606","3917","31286884","31287606","722"
"SL2.50ch04:31286913-31287498","3903","31286913","31287498","585"
"SL2.50ch04:32065961-32066292","20","32065961","32066292","331"
"SL2.50ch04:3316578-3317091","1098","3316578","3317091","513"
"SL2.50ch04:33411833-33412514","385","33411833","33412514","681"
"SL2.50ch04:33411924-33412528","374","33411924","33412528","604"
"SL2.50ch04:33600222-33600774","459","33600222","33600774","552"
"SL2.50ch04:33600272-33600716","452","33600272","33600716","444"
"SL2.50ch04:33964686-33965817","1157","33964686","33965817","1131"
"SL2.50ch04:33964729-33967848","3065","33964729","33967848","3119"
"SL2.50ch04:33966498-33967356","1583","33966498","33967356","858"
"SL2.50ch04:35026645-35027706","167","35026645","35027706","1061"
"SL2.50ch04:35026684-35027088","62","35026684","35027088","404"
"SL2.50ch04:36284887-36285330","59","36284887","36285330","443"
"SL2.50ch04:37281328-37281732","46","37281328","37281732","404"
"SL2.50ch04:39274784-39275165","49","39274784","39275165","381"
"SL2.50ch04:4062282-4062871","271","4062282","4062871","589"
"SL2.50ch04:4062370-4062848","262","4062370","4062848","478"
"SL2.50ch04:41198481-41199118","188","41198481","41199118","637"
"SL2.50ch04:41209999-41210708","200","41209999","41210708","709"
"SL2.50ch04:41212066-41213957","725","41212066","41213957","1891"
"SL2.50ch04:42564925-42565329","208","42564925","42565329","404"
"SL2.50ch04:42564940-42565321","207","42564940","42565321","381"
"SL2.50ch04:42679549-42679880","40","42679549","42679880","331"
"SL2.50ch04:42863861-42864250","203","42863861","42864250","389"
"SL2.50ch04:43245826-43246241","276","43245826","43246241","415"
"SL2.50ch04:43245904-43246329","272","43245904","43246329","425"
"SL2.50ch04:4399766-4400170","69","4399766","4400170","404"
"SL2.50ch04:4482019-4482333","250","4482019","4482333","314"
"SL2.50ch04:4488477-4488858","34","4488477","4488858","381"
"SL2.50ch04:48279740-48280213","148","48279740","48280213","473"
"SL2.50ch04:48279793-48280124","141","48279793","48280124","331"
"SL2.50ch04:49644302-49644683","94","49644302","49644683","381"
"SL2.50ch04:50234376-50234780","115","50234376","50234780","404"
"SL2.50ch04:51272935-51273524","91","51272935","51273524","589"
"SL2.50ch04:51484281-51484595","79","51484281","51484595","314"
"SL2.50ch04:51485088-51485419","89","51485088","51485419","331"
"SL2.50ch04:51500439-51501036","171","51500439","51501036","597"
"SL2.50ch04:51505549-51506054","102","51505549","51506054","505"
"SL2.50ch04:52006935-52007508","135","52006935","52007508","573"
"SL2.50ch04:52330422-52330973","86","52330422","52330973","551"
"SL2.50ch04:52330550-52330881","73","52330550","52330881","331"
"SL2.50ch04:53900148-53901223","488","53900148","53901223","1075"
"SL2.50ch04:53903218-53903751","93","53903218","53903751","533"
"SL2.50ch04:54063060-54063441","153","54063060","54063441","381"
"SL2.50ch04:54063066-54063470","155","54063066","54063470","404"
"SL2.50ch04:55558117-55558552","103","55558117","55558552","435"
"SL2.50ch04:55561929-55563076","350","55561929","55563076","1147"
"SL2.50ch04:55565197-55566978","569","55565197","55566978","1781"
"SL2.50ch04:55565245-55566562","498","55565245","55566562","1317"
"SL2.50ch04:55572877-55573415","103","55572877","55573415","538"
"SL2.50ch04:55661207-55661538","26","55661207","55661538","331"
"SL2.50ch04:56149343-56149851","343","56149343","56149851","508"
"SL2.50ch04:56149445-56149922","318","56149445","56149922","477"
"SL2.50ch04:58235770-58236246","964","58235770","58236246","476"
"SL2.50ch04:59105601-59105932","96","59105601","59105932","331"
"SL2.50ch04:59156129-59156636","77","59156129","59156636","507"
"SL2.50ch04:60977337-60977741","94","60977337","60977741","404"
"SL2.50ch04:60977351-60977682","94","60977351","60977682","331"
"SL2.50ch04:64832176-64832716","724","64832176","64832716","540"
"SL2.50ch04:66134287-66134764","167","66134287","66134764","477"
"SL2.50ch04:66134319-66134650","152","66134319","66134650","331"
"SL2.50ch04:6910535-6910916","599","6910535","6910916","381"
"SL2.50ch04:6910540-6910984","600","6910540","6910984","444"
"SL2.50ch04:7355584-7356830","261","7355584","7356830","1246"
"SL2.50ch04:7365607-7368298","533","7365607","7368298","2691"
"SL2.50ch04:7380510-7381292","98","7380510","7381292","782"
"SL2.50ch04:7455432-7455865","84","7455432","7455865","433"
"SL2.50ch04:7571576-7571907","80","7571576","7571907","331"
"SL2.50ch04:7573563-7574260","108","7573563","7574260","697"
"SL2.50ch05:10221772-10222261","106","10221772","10222261","489"
"SL2.50ch05:11785106-11785510","432","11785106","11785510","404"
"SL2.50ch05:11785125-11785601","436","11785125","11785601","476"
"SL2.50ch05:124689-125267","332","124689","125267","578"
"SL2.50ch05:124706-125207","332","124706","125207","501"
"SL2.50ch05:12490821-12491152","39","12490821","12491152","331"
"SL2.50ch05:12893036-12893417","90","12893036","12893417","381"
"SL2.50ch05:13793519-13794167","184","13793519","13794167","648"
"SL2.50ch05:13793604-13794217","177","13793604","13794217","613"
"SL2.50ch05:14606008-14607052","10234","14606008","14607052","1044"
"SL2.50ch05:14606055-14607014","10231","14606055","14607014","959"
"SL2.50ch05:16312811-16313192","43","16312811","16313192","381"
"SL2.50ch05:16783662-16784043","45","16783662","16784043","381"
"SL2.50ch05:17047934-17048591","49","17047934","17048591","657"
"SL2.50ch05:17049662-17050637","157","17049662","17050637","975"
"SL2.50ch05:17051721-17052102","61","17051721","17052102","381"
"SL2.50ch05:17063457-17063861","11","17063457","17063861","404"
"SL2.50ch05:18129069-18129572","145","18129069","18129572","503"
"SL2.50ch05:19524275-19525076","142","19524275","19525076","801"
"SL2.50ch05:19525770-19526777","219","19525770","19526777","1007"
"SL2.50ch05:19598004-19598318","31","19598004","19598318","314"
"SL2.50ch05:19599523-19600251","171","19599523","19600251","728"
"SL2.50ch05:19600643-19601146","140","19600643","19601146","503"
"SL2.50ch05:19601659-19603553","398","19601659","19603553","1894"
"SL2.50ch05:19671082-19671918","168","19671082","19671918","836"
"SL2.50ch05:19674403-19674734","87","19674403","19674734","331"
"SL2.50ch05:19678494-19678825","88","19678494","19678825","331"
"SL2.50ch05:19685741-19686330","130","19685741","19686330","589"
"SL2.50ch05:19708053-19708384","81","19708053","19708384","331"
"SL2.50ch05:19711216-19711706","123","19711216","19711706","490"
"SL2.50ch05:19759005-19759336","70","19759005","19759336","331"
"SL2.50ch05:19853440-19855026","263","19853440","19855026","1586"
"SL2.50ch05:19856632-19857957","265","19856632","19857957","1325"
"SL2.50ch05:19861412-19861816","74","19861412","19861816","404"
"SL2.50ch05:19862602-19863006","62","19862602","19863006","404"
"SL2.50ch05:20083995-20084376","55","20083995","20084376","381"
"SL2.50ch05:2203078-2203720","1235","2203078","2203720","642"
"SL2.50ch05:2203124-2203700","1235","2203124","2203700","576"
"SL2.50ch05:22229509-22229943","77","22229509","22229943","434"
"SL2.50ch05:24103037-24103418","64","24103037","24103418","381"
"SL2.50ch05:24201496-24201877","20","24201496","24201877","381"
"SL2.50ch05:24361731-24362416","705","24361731","24362416","685"
"SL2.50ch05:24361792-24362383","691","24361792","24362383","591"
"SL2.50ch05:25812462-25813223","3917","25812462","25813223","761"
"SL2.50ch05:25812555-25813179","3912","25812555","25813179","624"
"SL2.50ch05:26626513-26626894","882","26626513","26626894","381"
"SL2.50ch05:26633231-26633719","81","26633231","26633719","488"
"SL2.50ch05:27332331-27332808","223","27332331","27332808","477"
"SL2.50ch05:27332339-27332743","222","27332339","27332743","404"
"SL2.50ch05:28301302-28301954","5002","28301302","28301954","652"
"SL2.50ch05:28301333-28301965","5001","28301333","28301965","632"
"SL2.50ch05:28401561-28401892","47","28401561","28401892","331"
"SL2.50ch05:29349509-29349922","90","29349509","29349922","413"
"SL2.50ch05:30096129-30096547","156","30096129","30096547","418"
"SL2.50ch05:30114820-30115151","58","30114820","30115151","331"
"SL2.50ch05:30138122-30138697","279","30138122","30138697","575"
"SL2.50ch05:30147627-30148491","244","30147627","30148491","864"
"SL2.50ch05:30147746-30148650","248","30147746","30148650","904"
"SL2.50ch05:30152644-30154543","610","30152644","30154543","1899"
"SL2.50ch05:30152985-30154006","486","30152985","30154006","1021"
"SL2.50ch05:30156828-30157232","290","30156828","30157232","404"
"SL2.50ch05:30156852-30157233","288","30156852","30157233","381"
"SL2.50ch05:30363697-30364389","123","30363697","30364389","692"
"SL2.50ch05:34059094-34059674","1120","34059094","34059674","580"
"SL2.50ch05:34059144-34059617","1111","34059144","34059617","473"
"SL2.50ch05:34096226-34097364","13094","34096226","34097364","1138"
"SL2.50ch05:34096261-34097447","13097","34096261","34097447","1186"
"SL2.50ch05:34099408-34100806","72307","34099408","34100806","1398"
"SL2.50ch05:34099451-34100853","72304","34099451","34100853","1402"
"SL2.50ch05:34480723-34481104","56","34480723","34481104","381"
"SL2.50ch05:35110282-35110857","210","35110282","35110857","575"
"SL2.50ch05:35110320-35110651","158","35110320","35110651","331"
"SL2.50ch05:35698357-35699539","1186","35698357","35699539","1182"
"SL2.50ch05:35698543-35699463","1157","35698543","35699463","920"
"SL2.50ch05:36962640-36963113","563","36962640","36963113","473"
"SL2.50ch05:36962682-36963063","563","36962682","36963063","381"
"SL2.50ch05:3700932-3702233","264","3700932","3702233","1301"
"SL2.50ch05:3701791-3702230","109","3701791","3702230","439"
"SL2.50ch05:39240018-39240584","49","39240018","39240584","566"
"SL2.50ch05:39394971-39395579","95","39394971","39395579","608"
"SL2.50ch05:39395236-39395617","58","39395236","39395617","381"
"SL2.50ch05:39968353-39972493","1227","39968353","39972493","4140"
"SL2.50ch05:39973315-39974018","288","39973315","39974018","703"
"SL2.50ch05:40067756-40069087","554","40067756","40069087","1331"
"SL2.50ch05:40068143-40069037","531","40068143","40069037","894"
"SL2.50ch05:42981754-42982235","94","42981754","42982235","481"
"SL2.50ch05:42985502-42986002","150","42985502","42986002","500"
"SL2.50ch05:42985526-42986002","150","42985526","42986002","476"
"SL2.50ch05:45135281-45135914","3092","45135281","45135914","633"
"SL2.50ch05:45135327-45135881","3089","45135327","45135881","554"
"SL2.50ch05:47294856-47295187","51","47294856","47295187","331"
"SL2.50ch05:47671717-47672048","67","47671717","47672048","331"
"SL2.50ch05:47779945-47780427","47","47779945","47780427","482"
"SL2.50ch05:48771151-48771886","127","48771151","48771886","735"
"SL2.50ch05:49830528-49830994","122","49830528","49830994","466"
"SL2.50ch05:49929892-49930514","479","49929892","49930514","622"
"SL2.50ch05:49929931-49930553","474","49929931","49930553","622"
"SL2.50ch05:50407719-50408100","35","50407719","50408100","381"
"SL2.50ch05:51313841-51315982","16683","51313841","51315982","2141"
"SL2.50ch05:51314141-51315271","16577","51314141","51315271","1130"
"SL2.50ch05:51317108-51317439","140","51317108","51317439","331"
"SL2.50ch05:51467418-51467901","112","51467418","51467901","483"
"SL2.50ch05:51486830-51487211","108","51486830","51487211","381"
"SL2.50ch05:54806564-54806945","82","54806564","54806945","381"
"SL2.50ch05:56642259-56642640","59","56642259","56642640","381"
"SL2.50ch05:56674141-56674472","56","56674141","56674472","331"
"SL2.50ch05:56705782-56706417","258","56705782","56706417","635"
"SL2.50ch05:56705831-56706270","239","56705831","56706270","439"
"SL2.50ch05:57568879-57571321","1155","57568879","57571321","2442"
"SL2.50ch05:57571883-57572825","2401","57571883","57572825","942"
"SL2.50ch05:57574709-57576547","1677","57574709","57576547","1838"
"SL2.50ch05:57574805-57576091","1577","57574805","57576091","1286"
"SL2.50ch05:57583802-57584494","218","57583802","57584494","692"
"SL2.50ch05:57583997-57584401","194","57583997","57584401","404"
"SL2.50ch05:58886999-58887587","116","58886999","58887587","588"
"SL2.50ch05:58892119-58892799","9472","58892119","58892799","680"
"SL2.50ch05:58892194-58892774","9468","58892194","58892774","580"
"SL2.50ch05:60997418-60998297","602","60997418","60998297","879"
"SL2.50ch05:60997468-60998204","597","60997468","60998204","736"
"SL2.50ch05:61296040-61296421","181","61296040","61296421","381"
"SL2.50ch05:6201149-6201625","85","6201149","6201625","476"
"SL2.50ch05:62772319-62772973","2914","62772319","62772973","654"
"SL2.50ch05:62772347-62772953","2914","62772347","62772953","606"
"SL2.50ch05:62857645-62858218","221","62857645","62858218","573"
"SL2.50ch05:62857730-62858111","208","62857730","62858111","381"
"SL2.50ch05:64187011-64187408","94","64187011","64187408","397"
"SL2.50ch05:64808149-64808463","213","64808149","64808463","314"
"SL2.50ch05:64808156-64809141","357","64808156","64809141","985"
"SL2.50ch05:6498403-6499131","11008","6498403","6499131","728"
"SL2.50ch05:6498423-6499134","11008","6498423","6499134","711"
"SL2.50ch05:6728520-6728851","375","6728520","6728851","331"
"SL2.50ch05:6773458-6774010","681","6773458","6774010","552"
"SL2.50ch05:6773554-6773995","680","6773554","6773995","441"
"SL2.50ch05:8436040-8436421","80","8436040","8436421","381"
"SL2.50ch05:9087800-9088496","188","9087800","9088496","696"
"SL2.50ch06:10947409-10948377","115","10947409","10948377","968"
"SL2.50ch06:10950513-10951823","241","10950513","10951823","1310"
"SL2.50ch06:10957115-10958211","194","10957115","10958211","1096"
"SL2.50ch06:10961074-10962307","272","10961074","10962307","1233"
"SL2.50ch06:10963169-10964427","205","10963169","10964427","1258"
"SL2.50ch06:10965926-10966653","111","10965926","10966653","727"
"SL2.50ch06:10966185-10966589","96","10966185","10966589","404"
"SL2.50ch06:10968867-10970263","335","10968867","10970263","1396"
"SL2.50ch06:10971723-10972891","342","10971723","10972891","1168"
"SL2.50ch06:10971728-10972909","342","10971728","10972909","1181"
"SL2.50ch06:10979407-10980101","238","10979407","10980101","694"
"SL2.50ch06:10979446-10980177","237","10979446","10980177","731"
"SL2.50ch06:10982165-10983036","183","10982165","10983036","871"
"SL2.50ch06:10982174-10983088","183","10982174","10983088","914"
"SL2.50ch06:10986776-10990133","753","10986776","10990133","3357"
"SL2.50ch06:10986793-10990146","753","10986793","10990146","3353"
"SL2.50ch06:10996653-10998982","608","10996653","10998982","2329"
"SL2.50ch06:11000018-11000938","478","11000018","11000938","920"
"SL2.50ch06:11000031-11001002","478","11000031","11001002","971"
"SL2.50ch06:11009017-11014358","912","11009017","11014358","5341"
"SL2.50ch06:11019681-11027346","2445","11019681","11027346","7665"
"SL2.50ch06:11019690-11027373","2445","11019690","11027373","7683"
"SL2.50ch06:11032844-11037074","930","11032844","11037074","4230"
"SL2.50ch06:11032910-11037102","926","11032910","11037102","4192"
"SL2.50ch06:11037841-11040305","641","11037841","11040305","2464"
"SL2.50ch06:11040940-11044030","797","11040940","11044030","3090"
"SL2.50ch06:11050128-11054360","1198","11050128","11054360","4232"
"SL2.50ch06:11050137-11054383","1198","11050137","11054383","4246"
"SL2.50ch06:11067918-11068400","94","11067918","11068400","482"
"SL2.50ch06:11101554-11102380","160","11101554","11102380","826"
"SL2.50ch06:11121999-11124431","663","11121999","11124431","2432"
"SL2.50ch06:11125470-11127116","186","11125470","11127116","1646"
"SL2.50ch06:11127577-11128833","236","11127577","11128833","1256"
"SL2.50ch06:11137608-11138028","32","11137608","11138028","420"
"SL2.50ch06:11142266-11148185","952","11142266","11148185","5919"
"SL2.50ch06:11149965-11152499","671","11149965","11152499","2534"
"SL2.50ch06:11150240-11152056","535","11150240","11152056","1816"
"SL2.50ch06:11154178-11155976","255","11154178","11155976","1798"
"SL2.50ch06:11182085-11183486","152","11182085","11183486","1401"
"SL2.50ch06:11189145-11189476","61","11189145","11189476","331"
"SL2.50ch06:11225806-11226137","64","11225806","11226137","331"
"SL2.50ch06:11227199-11227858","179","11227199","11227858","659"
"SL2.50ch06:11232258-11232639","67","11232258","11232639","381"
"SL2.50ch06:11249962-11250548","94","11249962","11250548","586"
"SL2.50ch06:11282449-11282780","34","11282449","11282780","331"
"SL2.50ch06:11373336-11373815","111","11373336","11373815","479"
"SL2.50ch06:11374132-11374823","238","11374132","11374823","691"
"SL2.50ch06:11374397-11374728","146","11374397","11374728","331"
"SL2.50ch06:11537565-11538079","138","11537565","11538079","514"
"SL2.50ch06:11541452-11541783","73","11541452","11541783","331"
"SL2.50ch06:11564987-11566222","287","11564987","11566222","1235"
"SL2.50ch06:11565009-11565513","205","11565009","11565513","504"
"SL2.50ch06:11578387-11578768","97","11578387","11578768","381"
"SL2.50ch06:11581506-11581837","122","11581506","11581837","331"
"SL2.50ch06:11592346-11593517","202","11592346","11593517","1171"
"SL2.50ch06:11600456-11601309","131","11600456","11601309","853"
"SL2.50ch06:11605185-11606283","158","11605185","11606283","1098"
"SL2.50ch06:11607730-11609234","447","11607730","11609234","1504"
"SL2.50ch06:11607751-11609192","443","11607751","11609192","1441"
"SL2.50ch06:11610339-11612353","253","11610339","11612353","2014"
"SL2.50ch06:11615867-11616398","118","11615867","11616398","531"
"SL2.50ch06:11622835-11624534","469","11622835","11624534","1699"
"SL2.50ch06:11622845-11624328","450","11622845","11624328","1483"
"SL2.50ch06:11632052-11632718","362","11632052","11632718","666"
"SL2.50ch06:11632082-11632652","362","11632082","11632652","570"
"SL2.50ch06:11634548-11636811","878","11634548","11636811","2263"
"SL2.50ch06:11634549-11636814","878","11634549","11636814","2265"
"SL2.50ch06:12253948-12255474","447","12253948","12255474","1526"
"SL2.50ch06:12260916-12261634","146","12260916","12261634","718"
"SL2.50ch06:12264007-12268154","1875","12264007","12268154","4147"
"SL2.50ch06:12268798-12269790","178","12268798","12269790","992"
"SL2.50ch06:12391176-12391618","59","12391176","12391618","442"
"SL2.50ch06:12412041-12412372","63","12412041","12412372","331"
"SL2.50ch06:12444950-12445993","169","12444950","12445993","1043"
"SL2.50ch06:12445028-12445966","169","12445028","12445966","938"
"SL2.50ch06:12447390-12448808","276","12447390","12448808","1418"
"SL2.50ch06:12513906-12514643","69","12513906","12514643","737"
"SL2.50ch06:12647474-12647855","45","12647474","12647855","381"
"SL2.50ch06:12661829-12662323","52","12661829","12662323","494"
"SL2.50ch06:12747589-12748565","95","12747589","12748565","976"
"SL2.50ch06:12761552-12761883","55","12761552","12761883","331"
"SL2.50ch06:12785820-12786361","57","12785820","12786361","541"
"SL2.50ch06:12849422-12850298","983","12849422","12850298","876"
"SL2.50ch06:12849583-12850366","988","12849583","12850366","783"
"SL2.50ch06:12875194-12875525","47","12875194","12875525","331"
"SL2.50ch06:12891357-12891738","70","12891357","12891738","381"
"SL2.50ch06:12931056-12931437","35","12931056","12931437","381"
"SL2.50ch06:12986616-12986997","67","12986616","12986997","381"
"SL2.50ch06:13010303-13011118","152","13010303","13011118","815"
"SL2.50ch06:13018711-13019092","42","13018711","13019092","381"
"SL2.50ch06:13052196-13052697","69","13052196","13052697","501"
"SL2.50ch06:13424117-13425113","1041","13424117","13425113","996"
"SL2.50ch06:13424223-13425105","1040","13424223","13425105","882"
"SL2.50ch06:16354420-16354824","86","16354420","16354824","404"
"SL2.50ch06:19992401-19992782","42","19992401","19992782","381"
"SL2.50ch06:20128520-20129249","4273","20128520","20129249","729"
"SL2.50ch06:20129767-20130271","10038","20129767","20130271","504"
"SL2.50ch06:20515088-20515533","393","20515088","20515533","445"
"SL2.50ch06:20515111-20515588","392","20515111","20515588","477"
"SL2.50ch06:20964739-20965120","118","20964739","20965120","381"
"SL2.50ch06:21340971-21341487","2254","21340971","21341487","516"
"SL2.50ch06:21340997-21341474","2254","21340997","21341474","477"
"SL2.50ch06:21771206-21772206","314","21771206","21772206","1000"
"SL2.50ch06:21771437-21772110","293","21771437","21772110","673"
"SL2.50ch06:22980971-22981374","79","22980971","22981374","403"
"SL2.50ch06:24095780-24096111","26","24095780","24096111","331"
"SL2.50ch06:24168452-24168833","959","24168452","24168833","381"
"SL2.50ch06:24363884-24364282","242","24363884","24364282","398"
"SL2.50ch06:24536183-24536661","1150","24536183","24536661","478"
"SL2.50ch06:26056901-26057232","29","26056901","26057232","331"
"SL2.50ch06:27436698-27437251","193","27436698","27437251","553"
"SL2.50ch06:27436707-27437301","205","27436707","27437301","594"
"SL2.50ch06:27475434-27477639","353","27475434","27477639","2205"
"SL2.50ch06:27691687-27692018","23","27691687","27692018","331"
"SL2.50ch06:29957413-29957917","54","29957413","29957917","504"
"SL2.50ch06:30643930-30644261","77","30643930","30644261","331"
"SL2.50ch06:30951068-30951467","87","30951068","30951467","399"
"SL2.50ch06:31135931-31136493","363","31135931","31136493","562"
"SL2.50ch06:31135949-31136534","363","31135949","31136534","585"
"SL2.50ch06:31144477-31144791","87","31144477","31144791","314"
"SL2.50ch06:32472516-32473343","235","32472516","32473343","827"
"SL2.50ch06:32472677-32473264","209","32472677","32473264","587"
"SL2.50ch06:3332788-3333307","120","3332788","3333307","519"
"SL2.50ch06:3332805-3333282","111","3332805","3333282","477"
"SL2.50ch06:33858355-33858984","284","33858355","33858984","629"
"SL2.50ch06:33858408-33858912","277","33858408","33858912","504"
"SL2.50ch06:3414446-3415308","205","3414446","3415308","862"
"SL2.50ch06:3424470-3424956","160","3424470","3424956","486"
"SL2.50ch06:3450859-3454807","1084","3450859","3454807","3948"
"SL2.50ch06:3455247-3456666","320","3455247","3456666","1419"
"SL2.50ch06:34686221-34686640","84","34686221","34686640","419"
"SL2.50ch06:34686354-34686685","94","34686354","34686685","331"
"SL2.50ch06:3473858-3474189","99","3473858","3474189","331"
"SL2.50ch06:35232434-35232930","85","35232434","35232930","496"
"SL2.50ch06:35232443-35233047","103","35232443","35233047","604"
"SL2.50ch06:35841143-35842116","172","35841143","35842116","973"
"SL2.50ch06:35849344-35849894","71","35849344","35849894","550"
"SL2.50ch06:35855396-35855826","79","35855396","35855826","430"
"SL2.50ch06:36203477-36203864","126","36203477","36203864","387"
"SL2.50ch06:36593577-36594084","3742","36593577","36594084","507"
"SL2.50ch06:36593589-36594065","3739","36593589","36594065","476"
"SL2.50ch06:38692663-38693044","201","38692663","38693044","381"
"SL2.50ch06:38692679-38693089","210","38692679","38693089","410"
"SL2.50ch06:39340497-39340878","477","39340497","39340878","381"
"SL2.50ch06:39340502-39340906","477","39340502","39340906","404"
"SL2.50ch06:40138794-40139305","391","40138794","40139305","511"
"SL2.50ch06:40138835-40139291","387","40138835","40139291","456"
"SL2.50ch06:40454554-40455489","156","40454554","40455489","935"
"SL2.50ch06:42038148-42038552","255","42038148","42038552","404"
"SL2.50ch06:42038173-42038504","255","42038173","42038504","331"
"SL2.50ch06:4241451-4242037","206","4241451","4242037","586"
"SL2.50ch06:4241551-4241973","202","4241551","4241973","422"
"SL2.50ch06:42662943-42663546","4084","42662943","42663546","603"
"SL2.50ch06:42662979-42663474","4076","42662979","42663474","495"
"SL2.50ch06:4357169-4357799","1176","4357169","4357799","630"
"SL2.50ch06:4357287-4357860","1179","4357287","4357860","573"
"SL2.50ch06:43986841-43987261","338","43986841","43987261","420"
"SL2.50ch06:43986871-43987275","335","43986871","43987275","404"
"SL2.50ch06:44551082-44551775","173","44551082","44551775","693"
"SL2.50ch06:44654974-44655464","272","44654974","44655464","490"
"SL2.50ch06:44655030-44655411","263","44655030","44655411","381"
"SL2.50ch06:44744106-44744650","4294","44744106","44744650","544"
"SL2.50ch06:44744152-44744589","4287","44744152","44744589","437"
"SL2.50ch06:46138834-46139495","169","46138834","46139495","661"
"SL2.50ch06:46139046-46139467","143","46139046","46139467","421"
"SL2.50ch06:46145254-46148688","14879","46145254","46148688","3434"
"SL2.50ch06:46145319-46148663","14879","46145319","46148663","3344"
"SL2.50ch06:47239543-47240018","209","47239543","47240018","475"
"SL2.50ch06:47239593-47239976","209","47239593","47239976","383"
"SL2.50ch06:47293479-47294053","1812","47293479","47294053","574"
"SL2.50ch06:47293625-47294071","1810","47293625","47294071","446"
"SL2.50ch06:49737650-49738665","211","49737650","49738665","1015"
"SL2.50ch06:49737695-49738545","207","49737695","49738545","850"
"SL2.50ch06:5004425-5004927","46","5004425","5004927","502"
"SL2.50ch06:5008489-5008870","51","5008489","5008870","381"
"SL2.50ch06:5066776-5067157","59","5066776","5067157","381"
"SL2.50ch06:5075824-5076205","61","5075824","5076205","381"
"SL2.50ch06:5224495-5224826","68","5224495","5224826","331"
"SL2.50ch06:5261672-5262257","216","5261672","5262257","585"
"SL2.50ch06:5261686-5262235","216","5261686","5262235","549"
"SL2.50ch06:5300754-5301239","209","5300754","5301239","485"
"SL2.50ch06:5539405-5539736","55","5539405","5539736","331"
"SL2.50ch06:5771307-5772133","160","5771307","5772133","826"
"SL2.50ch06:5771379-5771910","128","5771379","5771910","531"
"SL2.50ch06:5967206-5967587","33","5967206","5967587","381"
"SL2.50ch06:6389557-6390114","922","6389557","6390114","557"
"SL2.50ch06:6389582-6390202","925","6389582","6390202","620"
"SL2.50ch06:6707638-6707969","106","6707638","6707969","331"
"SL2.50ch06:7067797-7068178","69","7067797","7068178","381"
"SL2.50ch06:7575695-7576076","107","7575695","7576076","381"
"SL2.50ch06:7609806-7610281","265","7609806","7610281","475"
"SL2.50ch06:7609870-7610251","257","7609870","7610251","381"
"SL2.50ch06:7918580-7919090","135","7918580","7919090","510"
"SL2.50ch06:8571905-8572751","126","8571905","8572751","846"
"SL2.50ch06:8594302-8596098","191","8594302","8596098","1796"
"SL2.50ch07:10484474-10485393","631","10484474","10485393","919"
"SL2.50ch07:10484584-10485404","613","10484584","10485404","820"
"SL2.50ch07:10490137-10490882","2494","10490137","10490882","745"
"SL2.50ch07:10490157-10490846","2489","10490157","10490846","689"
"SL2.50ch07:11631182-11631753","146","11631182","11631753","571"
"SL2.50ch07:11631232-11631655","140","11631232","11631655","423"
"SL2.50ch07:11852517-11854058","712","11852517","11854058","1541"
"SL2.50ch07:11852568-11854114","712","11852568","11854114","1546"
"SL2.50ch07:11854828-11856849","1827","11854828","11856849","2021"
"SL2.50ch07:11854838-11856909","1832","11854838","11856909","2071"
"SL2.50ch07:12792028-12792566","150","12792028","12792566","538"
"SL2.50ch07:13061177-13061558","41","13061177","13061558","381"
"SL2.50ch07:14185905-14186286","24","14185905","14186286","381"
"SL2.50ch07:14895177-14895660","42","14895177","14895660","483"
"SL2.50ch07:154-644","333","154","644","490"
"SL2.50ch07:16218905-16219478","92","16218905","16219478","573"
"SL2.50ch07:16794790-16795121","170","16794790","16795121","331"
"SL2.50ch07:19797843-19798311","96","19797843","19798311","468"
"SL2.50ch07:19804202-19804706","117","19804202","19804706","504"
"SL2.50ch07:19824914-19825318","75","19824914","19825318","404"
"SL2.50ch07:19845517-19845848","69","19845517","19845848","331"
"SL2.50ch07:19862962-19864091","229","19862962","19864091","1129"
"SL2.50ch07:19882116-19882627","191","19882116","19882627","511"
"SL2.50ch07:19882263-19882743","190","19882263","19882743","480"
"SL2.50ch07:19886335-19887665","315","19886335","19887665","1330"
"SL2.50ch07:19950344-19950963","94","19950344","19950963","619"
"SL2.50ch07:2038-2579","180","2038","2579","541"
"SL2.50ch07:222-2571","793","222","2571","2349"
"SL2.50ch07:2361885-2362270","110","2361885","2362270","385"
"SL2.50ch07:26467738-26468069","79","26467738","26468069","331"
"SL2.50ch07:27291275-27291834","140","27291275","27291834","559"
"SL2.50ch07:27969921-27970302","41","27969921","27970302","381"
"SL2.50ch07:28302964-28303555","4661","28302964","28303555","591"
"SL2.50ch07:28303048-28303619","4658","28303048","28303619","571"
"SL2.50ch07:29209556-29210196","628","29209556","29210196","640"
"SL2.50ch07:29209644-29210025","616","29209644","29210025","381"
"SL2.50ch07:29621993-29622555","42","29621993","29622555","562"
"SL2.50ch07:29775314-29775846","71","29775314","29775846","532"
"SL2.50ch07:2999380-3000365","325","2999380","3000365","985"
"SL2.50ch07:2999657-3000382","306","2999657","3000382","725"
"SL2.50ch07:30901950-30903433","798","30901950","30903433","1483"
"SL2.50ch07:30901983-30903426","798","30901983","30903426","1443"
"SL2.50ch07:30904001-30904867","178","30904001","30904867","866"
"SL2.50ch07:30904013-30904344","134","30904013","30904344","331"
"SL2.50ch07:30906088-30906620","652","30906088","30906620","532"
"SL2.50ch07:30906121-30906581","647","30906121","30906581","460"
"SL2.50ch07:32432778-32433597","2568","32432778","32433597","819"
"SL2.50ch07:32433027-32433607","2560","32433027","32433607","580"
"SL2.50ch07:34439305-34439686","26","34439305","34439686","381"
"SL2.50ch07:35067189-35067570","51","35067189","35067570","381"
"SL2.50ch07:36068583-36069109","227","36068583","36069109","526"
"SL2.50ch07:36068623-36069186","228","36068623","36069186","563"
"SL2.50ch07:3774928-3776334","405","3774928","3776334","1406"
"SL2.50ch07:38161094-38161653","79","38161094","38161653","559"
"SL2.50ch07:39115128-39115459","195","39115128","39115459","331"
"SL2.50ch07:39119631-39120035","294","39119631","39120035","404"
"SL2.50ch07:39119691-39120022","284","39119691","39120022","331"
"SL2.50ch07:4007330-4008116","669","4007330","4008116","786"
"SL2.50ch07:4007359-4008082","666","4007359","4008082","723"
"SL2.50ch07:44373280-44373661","72","44373280","44373661","381"
"SL2.50ch07:44383776-44384209","264","44383776","44384209","433"
"SL2.50ch07:44383777-44384198","263","44383777","44384198","421"
"SL2.50ch07:44576879-44577295","43","44576879","44577295","416"
"SL2.50ch07:45281877-45282258","63","45281877","45282258","381"
"SL2.50ch07:45560506-45560994","122","45560506","45560994","488"
"SL2.50ch07:47753072-47753453","28","47753072","47753453","381"
"SL2.50ch07:4797941-4798272","89","4797941","4798272","331"
"SL2.50ch07:48041097-48041612","44","48041097","48041612","515"
"SL2.50ch07:48381568-48382040","32","48381568","48382040","472"
"SL2.50ch07:4895812-4896296","113","4895812","4896296","484"
"SL2.50ch07:50218675-50219079","133","50218675","50219079","404"
"SL2.50ch07:50218773-50219104","123","50218773","50219104","331"
"SL2.50ch07:5061098-5061517","64","5061098","5061517","419"
"SL2.50ch07:50623432-50623911","136","50623432","50623911","479"
"SL2.50ch07:50623456-50624030","140","50623456","50624030","574"
"SL2.50ch07:5066460-5067638","207","5066460","5067638","1178"
"SL2.50ch07:52229717-52230208","202","52229717","52230208","491"
"SL2.50ch07:52229815-52230196","196","52229815","52230196","381"
"SL2.50ch07:52359458-52359772","35","52359458","52359772","314"
"SL2.50ch07:52372224-52372538","69","52372224","52372538","314"
"SL2.50ch07:5329634-5330048","55","5329634","5330048","414"
"SL2.50ch07:5355046-5355716","116","5355046","5355716","670"
"SL2.50ch07:5356731-5357135","68","5356731","5357135","404"
"SL2.50ch07:5385939-5386418","52","5385939","5386418","479"
"SL2.50ch07:5390060-5390391","95","5390060","5390391","331"
"SL2.50ch07:53975469-53975850","603","53975469","53975850","381"
"SL2.50ch07:5413307-5413638","58","5413307","5413638","331"
"SL2.50ch07:5450366-5452125","395","5450366","5452125","1759"
"SL2.50ch07:54736727-54737286","367","54736727","54737286","559"
"SL2.50ch07:54736814-54737356","366","54736814","54737356","542"
"SL2.50ch07:55282872-55283203","446","55282872","55283203","331"
"SL2.50ch07:55624036-55624417","102","55624036","55624417","381"
"SL2.50ch07:55632636-55633402","210","55632636","55633402","766"
"SL2.50ch07:55632892-55633419","167","55632892","55633419","527"
"SL2.50ch07:5584381-5585173","162","5584381","5585173","792"
"SL2.50ch07:5586876-5587257","61","5586876","5587257","381"
"SL2.50ch07:56095617-56096086","107","56095617","56096086","469"
"SL2.50ch07:56754920-56755411","86","56754920","56755411","491"
"SL2.50ch07:56755026-56755357","74","56755026","56755357","331"
"SL2.50ch07:56757178-56757964","159","56757178","56757964","786"
"SL2.50ch07:56757244-56757688","114","56757244","56757688","444"
"SL2.50ch07:57398904-57399485","193","57398904","57399485","581"
"SL2.50ch07:57399017-57399450","180","57399017","57399450","433"
"SL2.50ch07:57399966-57400347","89","57399966","57400347","381"
"SL2.50ch07:57401731-57402243","127","57401731","57402243","512"
"SL2.50ch07:57406415-57407105","84","57406415","57407105","690"
"SL2.50ch07:57431514-57431928","84","57431514","57431928","414"
"SL2.50ch07:58301158-58301618","183","58301158","58301618","460"
"SL2.50ch07:58301216-58301699","182","58301216","58301699","483"
"SL2.50ch07:58802339-58805033","499","58802339","58805033","2694"
"SL2.50ch07:59388865-59389400","396","59388865","59389400","535"
"SL2.50ch07:59388872-59389382","395","59388872","59389382","510"
"SL2.50ch07:59507081-59507651","5616","59507081","59507651","570"
"SL2.50ch07:59507100-59507681","5621","59507100","59507681","581"
"SL2.50ch07:61301593-61302334","528","61301593","61302334","741"
"SL2.50ch07:61301628-61302228","516","61301628","61302228","600"
"SL2.50ch07:62472101-62472482","53","62472101","62472482","381"
"SL2.50ch07:64790110-64790491","100","64790110","64790491","381"
"SL2.50ch07:65784674-65785078","277","65784674","65785078","404"
"SL2.50ch07:65784723-65785054","272","65784723","65785054","331"
"SL2.50ch07:67284176-67284832","176","67284176","67284832","656"
"SL2.50ch07:67912732-67913063","147","67912732","67913063","331"
"SL2.50ch07:6845941-6846255","82","6845941","6846255","314"
"SL2.50ch07:7832010-7832632","361","7832010","7832632","622"
"SL2.50ch07:7832066-7832643","354","7832066","7832643","577"
"SL2.50ch07:8823263-8824031","249","8823263","8824031","768"
"SL2.50ch07:8823669-8824050","124","8823669","8824050","381"
"SL2.50ch07:8824548-8825026","108","8824548","8825026","478"
"SL2.50ch07:9898065-9898700","120","9898065","9898700","635"
"SL2.50ch07:9898163-9898669","108","9898163","9898669","506"
"SL2.50ch07:9909935-9910328","69","9909935","9910328","393"
"SL2.50ch08:10002647-10004817","578","10002647","10004817","2170"
"SL2.50ch08:10005533-10006891","393","10005533","10006891","1358"
"SL2.50ch08:10005568-10006873","392","10005568","10006873","1305"
"SL2.50ch08:10011790-10013473","466","10011790","10013473","1683"
"SL2.50ch08:10011801-10013458","466","10011801","10013458","1657"
"SL2.50ch08:10015712-10017858","836","10015712","10017858","2146"
"SL2.50ch08:10015740-10017922","836","10015740","10017922","2182"
"SL2.50ch08:10024208-10028275","1609","10024208","10028275","4067"
"SL2.50ch08:10024251-10028292","1605","10024251","10028292","4041"
"SL2.50ch08:10030595-10031855","236","10030595","10031855","1260"
"SL2.50ch08:10032600-10036508","849","10032600","10036508","3908"
"SL2.50ch08:10118904-10119390","80","10118904","10119390","486"
"SL2.50ch08:10118930-10119322","77","10118930","10119322","392"
"SL2.50ch08:10428374-10428886","76","10428374","10428886","512"
"SL2.50ch08:10428946-10430169","194","10428946","10430169","1223"
"SL2.50ch08:10429599-10430003","83","10429599","10430003","404"
"SL2.50ch08:10434563-10437241","286","10434563","10437241","2678"
"SL2.50ch08:10445638-10446435","68","10445638","10446435","797"
"SL2.50ch08:10751620-10752185","134","10751620","10752185","565"
"SL2.50ch08:10821079-10821882","158","10821079","10821882","803"
"SL2.50ch08:10888296-10889971","337","10888296","10889971","1675"
"SL2.50ch08:10943904-10944540","177","10943904","10944540","636"
"SL2.50ch08:10943984-10944315","130","10943984","10944315","331"
"SL2.50ch08:11082853-11083390","400","11082853","11083390","537"
"SL2.50ch08:11082916-11083320","395","11082916","11083320","404"
"SL2.50ch08:11130561-11131537","1154","11130561","11131537","976"
"SL2.50ch08:11130610-11131455","1153","11130610","11131455","845"
"SL2.50ch08:11137944-11141315","12746","11137944","11141315","3371"
"SL2.50ch08:11137972-11141241","12743","11137972","11141241","3269"
"SL2.50ch08:11147893-11149553","1100","11147893","11149553","1660"
"SL2.50ch08:11147992-11149016","1044","11147992","11149016","1024"
"SL2.50ch08:11732661-11733614","580","11732661","11733614","953"
"SL2.50ch08:11732707-11733646","577","11732707","11733646","939"
"SL2.50ch08:11881136-11881517","172","11881136","11881517","381"
"SL2.50ch08:12167350-12167897","39","12167350","12167897","547"
"SL2.50ch08:14782902-14783428","52","14782902","14783428","526"
"SL2.50ch08:14814597-14814928","39","14814597","14814928","331"
"SL2.50ch08:14999691-15000656","729","14999691","15000656","965"
"SL2.50ch08:14999740-15000606","725","14999740","15000606","866"
"SL2.50ch08:15167804-15168524","516","15167804","15168524","720"
"SL2.50ch08:15167815-15168517","516","15167815","15168517","702"
"SL2.50ch08:15513806-15514870","227","15513806","15514870","1064"
"SL2.50ch08:15515420-15516377","228","15515420","15516377","957"
"SL2.50ch08:15515544-15516319","209","15515544","15516319","775"
"SL2.50ch08:15517604-15518082","138","15517604","15518082","478"
"SL2.50ch08:15542570-15543146","102","15542570","15543146","576"
"SL2.50ch08:15547426-15547934","135","15547426","15547934","508"
"SL2.50ch08:15554959-15555500","186","15554959","15555500","541"
"SL2.50ch08:15554971-15555471","186","15554971","15555471","500"
"SL2.50ch08:15556237-15557294","221","15556237","15557294","1057"
"SL2.50ch08:15556337-15556952","137","15556337","15556952","615"
"SL2.50ch08:15599337-15599668","28","15599337","15599668","331"
"SL2.50ch08:15611848-15612373","76","15611848","15612373","525"
"SL2.50ch08:15611858-15612262","57","15611858","15612262","404"
"SL2.50ch08:15838864-15839355","212","15838864","15839355","491"
"SL2.50ch08:15838937-15839341","203","15838937","15839341","404"
"SL2.50ch08:15840171-15840654","280","15840171","15840654","483"
"SL2.50ch08:15840223-15840700","278","15840223","15840700","477"
"SL2.50ch08:15842234-15842741","191","15842234","15842741","507"
"SL2.50ch08:15842254-15842829","193","15842254","15842829","575"
"SL2.50ch08:15843700-15844081","160","15843700","15844081","381"
"SL2.50ch08:15847434-15847878","186","15847434","15847878","444"
"SL2.50ch08:15847471-15847852","186","15847471","15847852","381"
"SL2.50ch08:16026869-16027904","532","16026869","16027904","1035"
"SL2.50ch08:16026903-16027866","525","16026903","16027866","963"
"SL2.50ch08:16031640-16032073","379","16031640","16032073","433"
"SL2.50ch08:16806935-16807249","33","16806935","16807249","314"
"SL2.50ch08:17270165-17270546","66","17270165","17270546","381"
"SL2.50ch08:17908895-17909226","23","17908895","17909226","331"
"SL2.50ch08:18438023-18438427","185","18438023","18438427","404"
"SL2.50ch08:20104688-20105019","61","20104688","20105019","331"
"SL2.50ch08:22009830-22010344","101","22009830","22010344","514"
"SL2.50ch08:22076676-22077080","64","22076676","22077080","404"
"SL2.50ch08:22534316-22534721","134","22534316","22534721","405"
"SL2.50ch08:24010344-24010725","97","24010344","24010725","381"
"SL2.50ch08:25335964-25336450","147","25335964","25336450","486"
"SL2.50ch08:25669393-25670020","401","25669393","25670020","627"
"SL2.50ch08:25669541-25669872","394","25669541","25669872","331"
"SL2.50ch08:2620359-2620865","209","2620359","2620865","506"
"SL2.50ch08:2620388-2620769","205","2620388","2620769","381"
"SL2.50ch08:26692777-26693800","184","26692777","26693800","1023"
"SL2.50ch08:27633104-27633749","7429","27633104","27633749","645"
"SL2.50ch08:27633182-27633720","7421","27633182","27633720","538"
"SL2.50ch08:28156057-28156388","58","28156057","28156388","331"
"SL2.50ch08:28974492-28975079","137","28974492","28975079","587"
"SL2.50ch08:29077358-29077772","12","29077358","29077772","414"
"SL2.50ch08:30786206-30786950","124","30786206","30786950","744"
"SL2.50ch08:30793548-30793929","34","30793548","30793929","381"
"SL2.50ch08:31765704-31766610","3952","31765704","31766610","906"
"SL2.50ch08:31765782-31766550","3924","31765782","31766550","768"
"SL2.50ch08:32821682-32822263","398","32821682","32822263","581"
"SL2.50ch08:32821774-32822279","395","32821774","32822279","505"
"SL2.50ch08:33047344-33047675","43","33047344","33047675","331"
"SL2.50ch08:34430564-34431484","343","34430564","34431484","920"
"SL2.50ch08:36327433-36327764","106","36327433","36327764","331"
"SL2.50ch08:36793005-36793386","55","36793005","36793386","381"
"SL2.50ch08:37202422-37203959","397","37202422","37203959","1537"
"SL2.50ch08:37202647-37203707","361","37202647","37203707","1060"
"SL2.50ch08:37401957-37402433","1153","37401957","37402433","476"
"SL2.50ch08:39144874-39154075","30215","39144874","39154075","9201"
"SL2.50ch08:39144954-39146361","2732","39144954","39146361","1407"
"SL2.50ch08:39148354-39154081","23582","39148354","39154081","5727"
"SL2.50ch08:39368577-39368908","82","39368577","39368908","331"
"SL2.50ch08:39823771-39824152","39","39823771","39824152","381"
"SL2.50ch08:40203197-40203674","50","40203197","40203674","477"
"SL2.50ch08:40547974-40548655","46","40547974","40548655","681"
"SL2.50ch08:41015930-41016311","44","41015930","41016311","381"
"SL2.50ch08:41075542-41076191","206","41075542","41076191","649"
"SL2.50ch08:41469338-41470035","105","41469338","41470035","697"
"SL2.50ch08:42177168-42177549","94","42177168","42177549","381"
"SL2.50ch08:42861626-42862141","117","42861626","42862141","515"
"SL2.50ch08:43103112-43103493","79","43103112","43103493","381"
"SL2.50ch08:4393994-4394436","452","4393994","4394436","442"
"SL2.50ch08:4393998-4394439","451","4393998","4394439","441"
"SL2.50ch08:44452684-44453110","121","44452684","44453110","426"
"SL2.50ch08:44453900-44454707","145","44453900","44454707","807"
"SL2.50ch08:44453955-44454807","144","44453955","44454807","852"
"SL2.50ch08:44703510-44703921","215","44703510","44703921","411"
"SL2.50ch08:45328710-45329041","36","45328710","45329041","331"
"SL2.50ch08:46709361-46710441","730","46709361","46710441","1080"
"SL2.50ch08:46709638-46710359","702","46709638","46710359","721"
"SL2.50ch08:46711088-46711419","71","46711088","46711419","331"
"SL2.50ch08:46953388-46956864","27281","46953388","46956864","3476"
"SL2.50ch08:46953415-46956255","27242","46953415","46956255","2840"
"SL2.50ch08:48239831-48240908","685","48239831","48240908","1077"
"SL2.50ch08:48239875-48240887","681","48239875","48240887","1012"
"SL2.50ch08:49240268-49240824","81","49240268","49240824","556"
"SL2.50ch08:50477308-50478101","193","50477308","50478101","793"
"SL2.50ch08:50497942-50498323","47","50497942","50498323","381"
"SL2.50ch08:50544007-50544528","120","50544007","50544528","521"
"SL2.50ch08:5160554-5160885","19","5160554","5160885","331"
"SL2.50ch08:51743953-51744426","1663","51743953","51744426","473"
"SL2.50ch08:51879524-51880278","124","51879524","51880278","754"
"SL2.50ch08:52271090-52271421","56","52271090","52271421","331"
"SL2.50ch08:5420200-5420795","101","5420200","5420795","595"
"SL2.50ch08:54478649-54479041","1539","54478649","54479041","392"
"SL2.50ch08:54823862-54824451","93","54823862","54824451","589"
"SL2.50ch08:54901586-54901917","70","54901586","54901917","331"
"SL2.50ch08:54992822-54994428","417","54992822","54994428","1606"
"SL2.50ch08:54992918-54994412","393","54992918","54994412","1494"
"SL2.50ch08:57456480-57456922","515","57456480","57456922","442"
"SL2.50ch08:57456497-57456878","514","57456497","57456878","381"
"SL2.50ch08:57485275-57486166","2014","57485275","57486166","891"
"SL2.50ch08:57485318-57486127","2004","57485318","57486127","809"
"SL2.50ch08:57859970-57863383","976","57859970","57863383","3413"
"SL2.50ch08:60628938-60630113","349","60628938","60630113","1175"
"SL2.50ch08:60629025-60629899","319","60629025","60629899","874"
"SL2.50ch08:61394563-61394946","113","61394563","61394946","383"
"SL2.50ch08:63628678-63629726","178","63628678","63629726","1048"
"SL2.50ch08:65065998-65066664","202","65065998","65066664","666"
"SL2.50ch08:65133233-65133737","210","65133233","65133737","504"
"SL2.50ch08:65133290-65133715","197","65133290","65133715","425"
"SL2.50ch08:65307754-65308248","158","65307754","65308248","494"
"SL2.50ch08:65307832-65308213","151","65307832","65308213","381"
"SL2.50ch08:6538025-6538356","64","6538025","6538356","331"
"SL2.50ch08:6548254-6548871","2104","6548254","6548871","617"
"SL2.50ch08:7035515-7035997","159","7035515","7035997","482"
"SL2.50ch08:7035551-7035934","154","7035551","7035934","383"
"SL2.50ch08:7188815-7190115","98","7188815","7190115","1300"
"SL2.50ch08:7751707-7752126","87","7751707","7752126","419"
"SL2.50ch08:9428445-9429609","110","9428445","9429609","1164"
"SL2.50ch08:9453312-9453643","65","9453312","9453643","331"
"SL2.50ch08:9465674-9467113","262","9465674","9467113","1439"
"SL2.50ch08:9985700-9986431","302","9985700","9986431","731"
"SL2.50ch08:9985738-9986349","302","9985738","9986349","611"
"SL2.50ch08:9987917-9990374","1200","9987917","9990374","2457"
"SL2.50ch08:9987980-9990352","1181","9987980","9990352","2372"
"SL2.50ch08:9993060-9995894","1291","9993060","9995894","2834"
"SL2.50ch08:9993110-9995845","1259","9993110","9995845","2735"
"SL2.50ch09:10572288-10572752","112","10572288","10572752","464"
"SL2.50ch09:11297372-11304280","13327","11297372","11304280","6908"
"SL2.50ch09:11297455-11301487","9468","11297455","11301487","4032"
"SL2.50ch09:11302205-11304217","3781","11302205","11304217","2012"
"SL2.50ch09:11306416-11308324","3108","11306416","11308324","1908"
"SL2.50ch09:11306567-11308222","3102","11306567","11308222","1655"
"SL2.50ch09:11310024-11314093","4469","11310024","11314093","4069"
"SL2.50ch09:11310074-11312436","4206","11310074","11312436","2362"
"SL2.50ch09:11312983-11313898","213","11312983","11313898","915"
"SL2.50ch09:11838269-11838600","88","11838269","11838600","331"
"SL2.50ch09:13565000-13565471","74","13565000","13565471","471"
"SL2.50ch09:13687955-13688340","659","13687955","13688340","385"
"SL2.50ch09:13697408-13698632","234","13697408","13698632","1224"
"SL2.50ch09:15004929-15005310","372","15004929","15005310","381"
"SL2.50ch09:1555948-1556329","354","1555948","1556329","381"
"SL2.50ch09:1555956-1556389","354","1555956","1556389","433"
"SL2.50ch09:16106991-16107322","60","16106991","16107322","331"
"SL2.50ch09:17060794-17061198","308","17060794","17061198","404"
"SL2.50ch09:17060804-17061135","305","17060804","17061135","331"
"SL2.50ch09:17597972-17598353","33","17597972","17598353","381"
"SL2.50ch09:17852973-17853411","99","17852973","17853411","438"
"SL2.50ch09:17853002-17853383","96","17853002","17853383","381"
"SL2.50ch09:18467903-18468328","99","18467903","18468328","425"
"SL2.50ch09:18938957-18939338","492","18938957","18939338","381"
"SL2.50ch09:21762754-21763135","54","21762754","21763135","381"
"SL2.50ch09:21821098-21821429","122","21821098","21821429","331"
"SL2.50ch09:21941177-21941508","37","21941177","21941508","331"
"SL2.50ch09:22135943-22136274","102","22135943","22136274","331"
"SL2.50ch09:22431248-22431629","70","22431248","22431629","381"
"SL2.50ch09:22437801-22438132","100","22437801","22438132","331"
"SL2.50ch09:22897093-22897424","84","22897093","22897424","331"
"SL2.50ch09:2437108-2437694","1839","2437108","2437694","586"
"SL2.50ch09:2437132-2437672","1831","2437132","2437672","540"
"SL2.50ch09:24474565-24475346","1219","24474565","24475346","781"
"SL2.50ch09:24474571-24475431","1225","24474571","24475431","860"
"SL2.50ch09:25663452-25663766","37","25663452","25663766","314"
"SL2.50ch09:25887279-25887683","194","25887279","25887683","404"
"SL2.50ch09:25887332-25887713","194","25887332","25887713","381"
"SL2.50ch09:26984447-26984828","41","26984447","26984828","381"
"SL2.50ch09:27413762-27414450","151","27413762","27414450","688"
"SL2.50ch09:27651027-27651544","49","27651027","27651544","517"
"SL2.50ch09:29279607-29280010","36","29279607","29280010","403"
"SL2.50ch09:29381878-29382209","36","29381878","29382209","331"
"SL2.50ch09:35300706-35302558","4201","35300706","35302558","1852"
"SL2.50ch09:35300711-35302502","4201","35300711","35302502","1791"
"SL2.50ch09:35303361-35309113","9224","35303361","35309113","5752"
"SL2.50ch09:37523012-37523659","304","37523012","37523659","647"
"SL2.50ch09:37523144-37523629","301","37523144","37523629","485"
"SL2.50ch09:37543881-37544373","58","37543881","37544373","492"
"SL2.50ch09:37849789-37850170","64","37849789","37850170","381"
"SL2.50ch09:3963936-3964267","90","3963936","3964267","331"
"SL2.50ch09:39657490-39657821","18","39657490","39657821","331"
"SL2.50ch09:40280143-40281553","35722","40280143","40281553","1410"
"SL2.50ch09:40280172-40281545","35722","40280172","40281545","1373"
"SL2.50ch09:40947194-40947781","322","40947194","40947781","587"
"SL2.50ch09:40947203-40947715","308","40947203","40947715","512"
"SL2.50ch09:41017563-41017894","19","41017563","41017894","331"
"SL2.50ch09:41491452-41491783","35","41491452","41491783","331"
"SL2.50ch09:41909205-41909648","93","41909205","41909648","443"
"SL2.50ch09:41911466-41912964","239","41911466","41912964","1498"
"SL2.50ch09:42412888-42413390","59","42412888","42413390","502"
"SL2.50ch09:42668675-42669276","94","42668675","42669276","601"
"SL2.50ch09:43219510-43219841","39","43219510","43219841","331"
"SL2.50ch09:44296701-44297082","41","44296701","44297082","381"
"SL2.50ch09:45297510-45298512","129","45297510","45298512","1002"
"SL2.50ch09:45297710-45298261","82","45297710","45298261","551"
"SL2.50ch09:45397104-45398205","1423","45397104","45398205","1101"
"SL2.50ch09:45397113-45398181","1421","45397113","45398181","1068"
"SL2.50ch09:45750930-45751311","40","45750930","45751311","381"
"SL2.50ch09:46223872-46224276","41","46223872","46224276","404"
"SL2.50ch09:46262512-46263393","16685","46262512","46263393","881"
"SL2.50ch09:46262519-46263341","16681","46262519","46263341","822"
"SL2.50ch09:46687672-46688188","95","46687672","46688188","516"
"SL2.50ch09:46687826-46688157","65","46687826","46688157","331"
"SL2.50ch09:48658671-48659075","39","48658671","48659075","404"
"SL2.50ch09:48889000-48889623","300","48889000","48889623","623"
"SL2.50ch09:48889173-48889607","286","48889173","48889607","434"
"SL2.50ch09:49473050-49473529","132","49473050","49473529","479"
"SL2.50ch09:49777729-49778110","37","49777729","49778110","381"
"SL2.50ch09:50745655-50746138","280","50745655","50746138","483"
"SL2.50ch09:50745734-50746148","281","50745734","50746148","414"
"SL2.50ch09:51276055-51276436","813","51276055","51276436","381"
"SL2.50ch09:51473938-51474319","42","51473938","51474319","381"
"SL2.50ch09:52104855-52105186","175","52104855","52105186","331"
"SL2.50ch09:53088477-53090485","4653","53088477","53090485","2008"
"SL2.50ch09:53088577-53090450","4647","53088577","53090450","1873"
"SL2.50ch09:53498611-53499037","67","53498611","53499037","426"
"SL2.50ch09:56322360-56322811","163","56322360","56322811","451"
"SL2.50ch09:56413626-56414046","169","56413626","56414046","420"
"SL2.50ch09:56413745-56414076","162","56413745","56414076","331"
"SL2.50ch09:57813604-57814516","183","57813604","57814516","912"
"SL2.50ch09:58995843-58996883","8207","58995843","58996883","1040"
"SL2.50ch09:58995972-58996780","8181","58995972","58996780","808"
"SL2.50ch09:60656738-60657422","534","60656738","60657422","684"
"SL2.50ch09:60656793-60657396","526","60656793","60657396","603"
"SL2.50ch09:61857443-61858157","10429","61857443","61858157","714"
"SL2.50ch09:61857460-61858188","10433","61857460","61858188","728"
"SL2.50ch09:62110648-62111029","1045","62110648","62111029","381"
"SL2.50ch09:63828888-63829269","120","63828888","63829269","381"
"SL2.50ch09:63970902-63971418","6188","63970902","63971418","516"
"SL2.50ch09:63970917-63971489","6190","63970917","63971489","572"
"SL2.50ch09:63993860-63994241","540","63993860","63994241","381"
"SL2.50ch09:64377909-64378414","149","64377909","64378414","505"
"SL2.50ch09:6479807-6480138","21","6479807","6480138","331"
"SL2.50ch09:64935394-64937239","504","64935394","64937239","1845"
"SL2.50ch09:64935641-64936588","293","64935641","64936588","947"
"SL2.50ch09:67002243-67003144","246","67002243","67003144","901"
"SL2.50ch09:67002297-67003131","227","67002297","67003131","834"
"SL2.50ch09:6789966-6791370","1102","6789966","6791370","1404"
"SL2.50ch09:6789982-6791313","1088","6789982","6791313","1331"
"SL2.50ch09:68836714-68838170","424","68836714","68838170","1456"
"SL2.50ch09:68836781-68838147","407","68836781","68838147","1366"
"SL2.50ch09:70696428-70697064","764","70696428","70697064","636"
"SL2.50ch09:70696558-70697034","763","70696558","70697034","476"
"SL2.50ch09:71690438-71690842","79","71690438","71690842","404"
"SL2.50ch09:7384113-7384507","121","7384113","7384507","394"
"SL2.50ch09:7384153-7384467","111","7384153","7384467","314"
"SL2.50ch09:8551095-8551787","835","8551095","8551787","692"
"SL2.50ch09:8786499-8786830","120","8786499","8786830","331"
"SL2.50ch10:10731620-10732316","596","10731620","10732316","696"
"SL2.50ch10:10731672-10732352","607","10731672","10732352","680"
"SL2.50ch10:10733685-10734225","390","10733685","10734225","540"
"SL2.50ch10:10733693-10734261","390","10733693","10734261","568"
"SL2.50ch10:10734837-10735485","312","10734837","10735485","648"
"SL2.50ch10:10734970-10735446","308","10734970","10735446","476"
"SL2.50ch10:11251487-11251966","115","11251487","11251966","479"
"SL2.50ch10:11251503-11251927","112","11251503","11251927","424"
"SL2.50ch10:11687715-11688411","73","11687715","11688411","696"
"SL2.50ch10:11928798-11929179","66","11928798","11929179","381"
"SL2.50ch10:13079170-13079551","54","13079170","13079551","381"
"SL2.50ch10:13112776-13113266","67","13112776","13113266","490"
"SL2.50ch10:13192538-13193260","124","13192538","13193260","722"
"SL2.50ch10:14905372-14905761","50","14905372","14905761","389"
"SL2.50ch10:15241490-15242831","30110","15241490","15242831","1341"
"SL2.50ch10:15241521-15242839","30110","15241521","15242839","1318"
"SL2.50ch10:15272457-15273031","189","15272457","15273031","574"
"SL2.50ch10:15654082-15654413","57","15654082","15654413","331"
"SL2.50ch10:15739002-15739471","62","15739002","15739471","469"
"SL2.50ch10:15756893-15757307","99","15756893","15757307","414"
"SL2.50ch10:15785019-15785706","146","15785019","15785706","687"
"SL2.50ch10:15809046-15809427","57","15809046","15809427","381"
"SL2.50ch10:15828403-15828933","63","15828403","15828933","530"
"SL2.50ch10:15836524-15837418","137","15836524","15837418","894"
"SL2.50ch10:16038644-16038958","41","16038644","16038958","314"
"SL2.50ch10:16338841-16339222","101","16338841","16339222","381"
"SL2.50ch10:16959772-16960153","68","16959772","16960153","381"
"SL2.50ch10:17152475-17152806","25","17152475","17152806","331"
"SL2.50ch10:17488601-17488932","25","17488601","17488932","331"
"SL2.50ch10:17728555-17728936","41","17728555","17728936","381"
"SL2.50ch10:18055037-18055568","106","18055037","18055568","531"
"SL2.50ch10:18417889-18421988","1789","18417889","18421988","4099"
"SL2.50ch10:18419554-18421837","1348","18419554","18421837","2283"
"SL2.50ch10:19554684-19555161","83","19554684","19555161","477"
"SL2.50ch10:21219810-21221049","260","21219810","21221049","1239"
"SL2.50ch10:21220717-21221098","110","21220717","21221098","381"
"SL2.50ch10:21226044-21227861","441","21226044","21227861","1817"
"SL2.50ch10:21231503-21232793","325","21231503","21232793","1290"
"SL2.50ch10:21236697-21237727","139","21236697","21237727","1030"
"SL2.50ch10:21247095-21247945","192","21247095","21247945","850"
"SL2.50ch10:21909257-21909638","95","21909257","21909638","381"
"SL2.50ch10:21912336-21912895","121","21912336","21912895","559"
"SL2.50ch10:21912523-21912854","109","21912523","21912854","331"
"SL2.50ch10:22463263-22463644","655","22463263","22463644","381"
"SL2.50ch10:22665357-22665920","196","22665357","22665920","563"
"SL2.50ch10:22665366-22665842","178","22665366","22665842","476"
"SL2.50ch10:23944414-23944745","153","23944414","23944745","331"
"SL2.50ch10:23945481-23946086","354","23945481","23946086","605"
"SL2.50ch10:23945593-23945997","330","23945593","23945997","404"
"SL2.50ch10:23948670-23949189","183","23948670","23949189","519"
"SL2.50ch10:23948721-23949209","184","23948721","23949209","488"
"SL2.50ch10:23987423-23987829","193","23987423","23987829","406"
"SL2.50ch10:23987430-23987921","204","23987430","23987921","491"
"SL2.50ch10:24143875-24144206","217","24143875","24144206","331"
"SL2.50ch10:24144714-24145133","308","24144714","24145133","419"
"SL2.50ch10:25777284-25778078","2706","25777284","25778078","794"
"SL2.50ch10:26351606-26353632","494","26351606","26353632","2026"
"SL2.50ch10:26364063-26364988","172","26364063","26364988","925"
"SL2.50ch10:26372427-26374567","510","26372427","26374567","2140"
"SL2.50ch10:26801345-26803921","16605","26801345","26803921","2576"
"SL2.50ch10:26801376-26803810","16591","26801376","26803810","2434"
"SL2.50ch10:26805624-26806588","4336","26805624","26806588","964"
"SL2.50ch10:26805673-26806571","4331","26805673","26806571","898"
"SL2.50ch10:27361328-27361709","44","27361328","27361709","381"
"SL2.50ch10:27367963-27368518","3113","27367963","27368518","555"
"SL2.50ch10:2743197-2744195","309","2743197","2744195","998"
"SL2.50ch10:27729001-27729332","41","27729001","27729332","331"
"SL2.50ch10:27831882-27832263","9","27831882","27832263","381"
"SL2.50ch10:28297984-28299299","459","28297984","28299299","1315"
"SL2.50ch10:28300057-28300751","267","28300057","28300751","694"
"SL2.50ch10:28302218-28303445","236","28302218","28303445","1227"
"SL2.50ch10:28333904-28334285","58","28333904","28334285","381"
"SL2.50ch10:3100881-3101351","364","3100881","3101351","470"
"SL2.50ch10:3100943-3101358","360","3100943","3101358","415"
"SL2.50ch10:33008469-33009405","197","33008469","33009405","936"
"SL2.50ch10:33012053-33012679","82","33012053","33012679","626"
"SL2.50ch10:33013242-33015279","266","33013242","33015279","2037"
"SL2.50ch10:33025491-33026363","124","33025491","33026363","872"
"SL2.50ch10:33027836-33028167","108","33027836","33028167","331"
"SL2.50ch10:33367682-33368161","367","33367682","33368161","479"
"SL2.50ch10:34942527-34942858","31","34942527","34942858","331"
"SL2.50ch10:3515258-3517489","407","3515258","3517489","2231"
"SL2.50ch10:36684473-36685261","540","36684473","36685261","788"
"SL2.50ch10:36684506-36685324","552","36684506","36685324","818"
"SL2.50ch10:36692920-36693393","299","36692920","36693393","473"
"SL2.50ch10:36692976-36693357","297","36692976","36693357","381"
"SL2.50ch10:37167936-37168372","60","37167936","37168372","436"
"SL2.50ch10:37171205-37171832","2471","37171205","37171832","627"
"SL2.50ch10:37433232-37433563","46","37433232","37433563","331"
"SL2.50ch10:3749220-3749731","92","3749220","3749731","511"
"SL2.50ch10:3771256-3771649","68","3771256","3771649","393"
"SL2.50ch10:3774237-3775333","282","3774237","3775333","1096"
"SL2.50ch10:37795371-37795911","113","37795371","37795911","540"
"SL2.50ch10:37795420-37795834","96","37795420","37795834","414"
"SL2.50ch10:38097440-38098119","202","38097440","38098119","679"
"SL2.50ch10:38103513-38105024","263","38103513","38105024","1511"
"SL2.50ch10:38148179-38148560","50","38148179","38148560","381"
"SL2.50ch10:3825346-3826282","264","3825346","3826282","936"
"SL2.50ch10:38518278-38518682","92","38518278","38518682","404"
"SL2.50ch10:38788572-38788903","45","38788572","38788903","331"
"SL2.50ch10:39018173-39019106","692","39018173","39019106","933"
"SL2.50ch10:39018177-39019168","692","39018177","39019168","991"
"SL2.50ch10:39505430-39506024","2734","39505430","39506024","594"
"SL2.50ch10:39505488-39505961","2726","39505488","39505961","473"
"SL2.50ch10:40514730-40515367","41","40514730","40515367","637"
"SL2.50ch10:40794625-40797335","7068","40794625","40797335","2710"
"SL2.50ch10:40798540-40800270","13707","40798540","40800270","1730"
"SL2.50ch10:40803618-40804361","1838","40803618","40804361","743"
"SL2.50ch10:40803668-40804243","1827","40803668","40804243","575"
"SL2.50ch10:41052210-41052591","118","41052210","41052591","381"
"SL2.50ch10:41646838-41647325","586","41646838","41647325","487"
"SL2.50ch10:4216994-4217610","105","4216994","4217610","616"
"SL2.50ch10:4223331-4223712","58","4223331","4223712","381"
"SL2.50ch10:42461282-42461695","55","42461282","42461695","413"
"SL2.50ch10:43054947-43058129","1251","43054947","43058129","3182"
"SL2.50ch10:43054961-43058440","1310","43054961","43058440","3479"
"SL2.50ch10:43331276-43331607","26","43331276","43331607","331"
"SL2.50ch10:43880868-43882563","7356","43880868","43882563","1695"
"SL2.50ch10:43880893-43882499","7325","43880893","43882499","1606"
"SL2.50ch10:43884406-43885636","3883","43884406","43885636","1230"
"SL2.50ch10:43884432-43885580","3872","43884432","43885580","1148"
"SL2.50ch10:43886611-43888316","7311","43886611","43888316","1705"
"SL2.50ch10:43886619-43888345","7311","43886619","43888345","1726"
"SL2.50ch10:43892734-43893347","1210","43892734","43893347","613"
"SL2.50ch10:43892739-43893413","1212","43892739","43893413","674"
"SL2.50ch10:45905566-45906318","3137","45905566","45906318","752"
"SL2.50ch10:45905589-45906284","3134","45905589","45906284","695"
"SL2.50ch10:46079402-46079935","79","46079402","46079935","533"
"SL2.50ch10:46186212-46186627","76","46186212","46186627","415"
"SL2.50ch10:47-562","303","47","562","515"
"SL2.50ch10:4700026-4700922","10034","4700026","4700922","896"
"SL2.50ch10:4700081-4700864","10031","4700081","4700864","783"
"SL2.50ch10:47369452-47369936","163","47369452","47369936","484"
"SL2.50ch10:47369559-47369942","163","47369559","47369942","383"
"SL2.50ch10:47595913-47598242","461","47595913","47598242","2329"
"SL2.50ch10:47607064-47607863","235","47607064","47607863","799"
"SL2.50ch10:48524361-48524742","439","48524361","48524742","381"
"SL2.50ch10:50260688-50261069","60","50260688","50261069","381"
"SL2.50ch10:52429802-52430183","48","52429802","52430183","381"
"SL2.50ch10:53322801-53323370","2817","53322801","53323370","569"
"SL2.50ch10:53322881-53323357","2812","53322881","53323357","476"
"SL2.50ch10:53466316-53466803","106","53466316","53466803","487"
"SL2.50ch10:53525560-53526223","727","53525560","53526223","663"
"SL2.50ch10:53525600-53526245","727","53525600","53526245","645"
"SL2.50ch10:54023122-54024529","245","54023122","54024529","1407"
"SL2.50ch10:54026985-54027366","141","54026985","54027366","381"
"SL2.50ch10:54033977-54034308","101","54033977","54034308","331"
"SL2.50ch10:57-646","303","57","646","589"
"SL2.50ch10:57564317-57565777","403","57564317","57565777","1460"
"SL2.50ch10:57574723-57575319","137","57574723","57575319","596"
"SL2.50ch10:57576102-57578546","685","57576102","57578546","2444"
"SL2.50ch10:57584248-57584871","177","57584248","57584871","623"
"SL2.50ch10:57584364-57584790","146","57584364","57584790","426"
"SL2.50ch10:57587455-57588500","302","57587455","57588500","1045"
"SL2.50ch10:57594384-57595207","251","57594384","57595207","823"
"SL2.50ch10:57594506-57595182","242","57594506","57595182","676"
"SL2.50ch10:57633781-57634112","72","57633781","57634112","331"
"SL2.50ch10:57635553-57635884","87","57635553","57635884","331"
"SL2.50ch10:57640306-57641896","540","57640306","57641896","1590"
"SL2.50ch10:57640331-57642120","598","57640331","57642120","1789"
"SL2.50ch10:57648449-57648853","80","57648449","57648853","404"
"SL2.50ch10:57659220-57660471","463","57659220","57660471","1251"
"SL2.50ch10:57659290-57660280","447","57659290","57660280","990"
"SL2.50ch10:57663451-57664326","204","57663451","57664326","875"
"SL2.50ch10:57664883-57665515","221","57664883","57665515","632"
"SL2.50ch10:57686786-57687387","73","57686786","57687387","601"
"SL2.50ch10:57697919-57699039","355","57697919","57699039","1120"
"SL2.50ch10:57698011-57699110","359","57698011","57699110","1099"
"SL2.50ch10:57700938-57702308","552","57700938","57702308","1370"
"SL2.50ch10:57701011-57702306","533","57701011","57702306","1295"
"SL2.50ch10:60633557-60633961","65","60633557","60633961","404"
"SL2.50ch10:6175256-6186574","94163","6175256","6186574","11318"
"SL2.50ch10:6175273-6186606","94161","6175273","6186606","11333"
"SL2.50ch10:6187256-6187865","2069","6187256","6187865","609"
"SL2.50ch10:6187267-6187841","2069","6187267","6187841","574"
"SL2.50ch10:62954773-62955154","51","62954773","62955154","381"
"SL2.50ch10:62960379-62960792","92","62960379","62960792","413"
"SL2.50ch10:63001181-63001750","92","63001181","63001750","569"
"SL2.50ch10:63001270-63001774","91","63001270","63001774","504"
"SL2.50ch10:65521147-65522487","413","65521147","65522487","1340"
"SL2.50ch10:65523634-65525509","761","65523634","65525509","1875"
"SL2.50ch10:65523654-65525477","761","65523654","65525477","1823"
"SL2.50ch10:7372366-7372794","234","7372366","7372794","428"
"SL2.50ch10:7372371-7372752","233","7372371","7372752","381"
"SL2.50ch10:7893911-7894584","104","7893911","7894584","673"
"SL2.50ch10:8660010-8660414","83","8660010","8660414","404"
"SL2.50ch10:9020980-9021472","272","9020980","9021472","492"
"SL2.50ch10:9021051-9021481","269","9021051","9021481","430"
"SL2.50ch11:10491901-10492282","52","10491901","10492282","381"
"SL2.50ch11:10763052-10763578","79","10763052","10763578","526"
"SL2.50ch11:10861838-10862311","268","10861838","10862311","473"
"SL2.50ch11:10861882-10862263","267","10861882","10862263","381"
"SL2.50ch11:11073228-11074951","537","11073228","11074951","1723"
"SL2.50ch11:11073297-11074938","524","11073297","11074938","1641"
"SL2.50ch11:11075926-11076497","93","11075926","11076497","571"
"SL2.50ch11:11078484-11081752","706","11078484","11081752","3268"
"SL2.50ch11:11078491-11080974","533","11078491","11080974","2483"
"SL2.50ch11:11090778-11091159","57","11090778","11091159","381"
"SL2.50ch11:11287975-11288821","185","11287975","11288821","846"
"SL2.50ch11:11288233-11288822","172","11288233","11288822","589"
"SL2.50ch11:12015871-12016420","1364","12015871","12016420","549"
"SL2.50ch11:12015943-12016356","1361","12015943","12016356","413"
"SL2.50ch11:12656102-12656433","44","12656102","12656433","331"
"SL2.50ch11:12908974-12909779","142","12908974","12909779","805"
"SL2.50ch11:13246427-13247114","61","13246427","13247114","687"
"SL2.50ch11:13365977-13367097","533","13365977","13367097","1120"
"SL2.50ch11:13377601-13380916","30259","13377601","13380916","3315"
"SL2.50ch11:13378088-13380856","30175","13378088","13380856","2768"
"SL2.50ch11:13383738-13384910","7952","13383738","13384910","1172"
"SL2.50ch11:13383747-13385922","8736","13383747","13385922","2175"
"SL2.50ch11:13386594-13388325","20099","13386594","13388325","1731"
"SL2.50ch11:13386665-13388384","20099","13386665","13388384","1719"
"SL2.50ch11:13390197-13392203","30663","13390197","13392203","2006"
"SL2.50ch11:13390252-13392190","30370","13390252","13392190","1938"
"SL2.50ch11:13394721-13400012","60475","13394721","13400012","5291"
"SL2.50ch11:13394732-13399929","60470","13394732","13399929","5197"
"SL2.50ch11:13401106-13402132","1781","13401106","13402132","1026"
"SL2.50ch11:13401324-13402133","1750","13401324","13402133","809"
"SL2.50ch11:13495308-13495639","212","13495308","13495639","331"
"SL2.50ch11:13967680-13968061","56","13967680","13968061","381"
"SL2.50ch11:14383538-14383942","224","14383538","14383942","404"
"SL2.50ch11:14383567-14383948","220","14383567","14383948","381"
"SL2.50ch11:16103009-16104472","2006","16103009","16104472","1463"
"SL2.50ch11:16103077-16104555","2000","16103077","16104555","1478"
"SL2.50ch11:16828350-16828836","117","16828350","16828836","486"
"SL2.50ch11:17210281-17210848","1158","17210281","17210848","567"
"SL2.50ch11:17210342-17210853","1158","17210342","17210853","511"
"SL2.50ch11:17769163-17769784","5554","17769163","17769784","621"
"SL2.50ch11:17769250-17769808","5551","17769250","17769808","558"
"SL2.50ch11:17840381-17840899","64","17840381","17840899","518"
"SL2.50ch11:17851102-17851547","471","17851102","17851547","445"
"SL2.50ch11:17872804-17873937","2865","17872804","17873937","1133"
"SL2.50ch11:17887367-17887748","41","17887367","17887748","381"
"SL2.50ch11:17912310-17912804","67","17912310","17912804","494"
"SL2.50ch11:17948294-17948718","92","17948294","17948718","424"
"SL2.50ch11:17952839-17953362","105","17952839","17953362","523"
"SL2.50ch11:17953562-17954874","222","17953562","17954874","1312"
"SL2.50ch11:17956504-17957248","96","17956504","17957248","744"
"SL2.50ch11:17984426-17985006","97","17984426","17985006","580"
"SL2.50ch11:17987923-17989566","213","17987923","17989566","1643"
"SL2.50ch11:17990667-17991355","132","17990667","17991355","688"
"SL2.50ch11:17991856-17992755","130","17991856","17992755","899"
"SL2.50ch11:17998476-18002583","772","17998476","18002583","4107"
"SL2.50ch11:18006145-18006622","75","18006145","18006622","477"
"SL2.50ch11:18015335-18019259","476","18015335","18019259","3924"
"SL2.50ch11:18020893-18026619","1199","18020893","18026619","5726"
"SL2.50ch11:18031880-18033730","332","18031880","18033730","1850"
"SL2.50ch11:18034215-18034546","35","18034215","18034546","331"
"SL2.50ch11:18035075-18037182","392","18035075","18037182","2107"
"SL2.50ch11:18573852-18574332","89","18573852","18574332","480"
"SL2.50ch11:18614111-18614770","34","18614111","18614770","659"
"SL2.50ch11:18618766-18619147","58","18618766","18619147","381"
"SL2.50ch11:18627266-18627879","258","18627266","18627879","613"
"SL2.50ch11:18645294-18645625","199","18645294","18645625","331"
"SL2.50ch11:18669146-18669564","135","18669146","18669564","418"
"SL2.50ch11:18669153-18669534","134","18669153","18669534","381"
"SL2.50ch11:18682069-18682473","101","18682069","18682473","404"
"SL2.50ch11:18682100-18682482","101","18682100","18682482","382"
"SL2.50ch11:18737518-18738246","391","18737518","18738246","728"
"SL2.50ch11:19130493-19130874","92","19130493","19130874","381"
"SL2.50ch11:19331016-19331347","32","19331016","19331347","331"
"SL2.50ch11:2007375-2007851","681","2007375","2007851","476"
"SL2.50ch11:2007377-2007881","680","2007377","2007881","504"
"SL2.50ch11:20225376-20225757","104","20225376","20225757","381"
"SL2.50ch11:20415610-20416661","594","20415610","20416661","1051"
"SL2.50ch11:20415801-20416652","573","20415801","20416652","851"
"SL2.50ch11:20419008-20420298","823","20419008","20420298","1290"
"SL2.50ch11:20419096-20420352","826","20419096","20420352","1256"
"SL2.50ch11:20421066-20423091","2886","20421066","20423091","2025"
"SL2.50ch11:20421606-20423006","2782","20421606","20423006","1400"
"SL2.50ch11:20424390-20425175","561","20424390","20425175","785"
"SL2.50ch11:20424401-20425118","561","20424401","20425118","717"
"SL2.50ch11:20800179-20801675","266","20800179","20801675","1496"
"SL2.50ch11:20846608-20846939","53","20846608","20846939","331"
"SL2.50ch11:20849550-20849864","72","20849550","20849864","314"
"SL2.50ch11:21922467-21923181","464","21922467","21923181","714"
"SL2.50ch11:21922576-21923209","449","21922576","21923209","633"
"SL2.50ch11:22290552-22290933","29","22290552","22290933","381"
"SL2.50ch11:23447790-23448368","196","23447790","23448368","578"
"SL2.50ch11:23447797-23448375","196","23447797","23448375","578"
"SL2.50ch11:23452090-23452660","146","23452090","23452660","570"
"SL2.50ch11:23452184-23452620","138","23452184","23452620","436"
"SL2.50ch11:23453096-23454251","203","23453096","23454251","1155"
"SL2.50ch11:23453138-23454118","193","23453138","23454118","980"
"SL2.50ch11:23915533-23916385","123","23915533","23916385","852"
"SL2.50ch11:24012808-24014097","301","24012808","24014097","1289"
"SL2.50ch11:25050931-25051882","206","25050931","25051882","951"
"SL2.50ch11:25053151-25053482","39","25053151","25053482","331"
"SL2.50ch11:26225813-26226217","24","26225813","26226217","404"
"SL2.50ch11:27896404-27896867","97","27896404","27896867","463"
"SL2.50ch11:28356052-28357167","189","28356052","28357167","1115"
"SL2.50ch11:28357833-28360601","439","28357833","28360601","2768"
"SL2.50ch11:28756969-28757350","49","28756969","28757350","381"
"SL2.50ch11:29290879-29291260","68","29290879","29291260","381"
"SL2.50ch11:30180460-30180882","103","30180460","30180882","422"
"SL2.50ch11:30597977-30599970","1118","30597977","30599970","1993"
"SL2.50ch11:30608750-30609194","292","30608750","30609194","444"
"SL2.50ch11:30608770-30609174","288","30608770","30609174","404"
"SL2.50ch11:30742579-30743572","277","30742579","30743572","993"
"SL2.50ch11:30742605-30743633","279","30742605","30743633","1028"
"SL2.50ch11:31298306-31298848","1890","31298306","31298848","542"
"SL2.50ch11:31585982-31587719","3394","31585982","31587719","1737"
"SL2.50ch11:31586061-31587703","3390","31586061","31587703","1642"
"SL2.50ch11:32406653-32407261","527","32406653","32407261","608"
"SL2.50ch11:32409690-32410071","460","32409690","32410071","381"
"SL2.50ch11:32422768-32423161","120","32422768","32423161","393"
"SL2.50ch11:32424044-32426753","15055","32424044","32426753","2709"
"SL2.50ch11:32424052-32426791","15060","32424052","32426791","2739"
"SL2.50ch11:33038646-33039127","228","33038646","33039127","481"
"SL2.50ch11:33038691-33039168","228","33038691","33039168","477"
"SL2.50ch11:33838579-33838960","44","33838579","33838960","381"
"SL2.50ch11:35150940-35151378","50","35150940","35151378","438"
"SL2.50ch11:35906758-35907139","42","35906758","35907139","381"
"SL2.50ch11:37407268-37407599","37","37407268","37407599","331"
"SL2.50ch11:38194546-38196205","709","38194546","38196205","1659"
"SL2.50ch11:38194617-38196159","702","38194617","38196159","1542"
"SL2.50ch11:38960956-38961687","101","38960956","38961687","731"
"SL2.50ch11:38976843-38977174","24","38976843","38977174","331"
"SL2.50ch11:39377269-39377690","260","39377269","39377690","421"
"SL2.50ch11:40159204-40159535","23","40159204","40159535","331"
"SL2.50ch11:40317208-40320411","8081","40317208","40320411","3203"
"SL2.50ch11:40317209-40320529","8089","40317209","40320529","3320"
"SL2.50ch11:41197754-41198085","30","41197754","41198085","331"
"SL2.50ch11:41847128-41847661","60","41847128","41847661","533"
"SL2.50ch11:42918211-42918845","415","42918211","42918845","634"
"SL2.50ch11:42918269-42918859","419","42918269","42918859","590"
"SL2.50ch11:43122285-43122616","71","43122285","43122616","331"
"SL2.50ch11:43436495-43436876","101","43436495","43436876","381"
"SL2.50ch11:45233504-45239706","17609","45233504","45239706","6202"
"SL2.50ch11:45233663-45239720","17550","45233663","45239720","6057"
"SL2.50ch11:45246294-45248276","4991","45246294","45248276","1982"
"SL2.50ch11:45246295-45248318","4991","45246295","45248318","2023"
"SL2.50ch11:45250517-45251257","4256","45250517","45251257","740"
"SL2.50ch11:45250523-45251236","4256","45250523","45251236","713"
"SL2.50ch11:45252815-45254411","3928","45252815","45254411","1596"
"SL2.50ch11:45252840-45254378","3830","45252840","45254378","1538"
"SL2.50ch11:45255655-45260484","13395","45255655","45260484","4829"
"SL2.50ch11:45255683-45260439","13395","45255683","45260439","4756"
"SL2.50ch11:45336960-45338883","4859","45336960","45338883","1923"
"SL2.50ch11:45337036-45338896","4848","45337036","45338896","1860"
"SL2.50ch11:45339571-45342127","6486","45339571","45342127","2556"
"SL2.50ch11:45339892-45342146","6451","45339892","45342146","2254"
"SL2.50ch11:45343888-45345757","4767","45343888","45345757","1869"
"SL2.50ch11:45343932-45345750","4679","45343932","45345750","1818"
"SL2.50ch11:45350101-45351451","3190","45350101","45351451","1350"
"SL2.50ch11:45350111-45351438","3190","45350111","45351438","1327"
"SL2.50ch11:45354471-45355948","3630","45354471","45355948","1477"
"SL2.50ch11:45354492-45356028","3630","45354492","45356028","1536"
"SL2.50ch11:45357921-45358671","1651","45357921","45358671","750"
"SL2.50ch11:45357991-45358650","1650","45357991","45358650","659"
"SL2.50ch11:45363873-45368149","13929","45363873","45368149","4276"
"SL2.50ch11:45363883-45368069","13925","45363883","45368069","4186"
"SL2.50ch11:45371016-45372698","2415","45371016","45372698","1682"
"SL2.50ch11:45371030-45372657","2415","45371030","45372657","1627"
"SL2.50ch11:45374308-45377789","9105","45374308","45377789","3481"
"SL2.50ch11:45374348-45377768","9100","45374348","45377768","3420"
"SL2.50ch11:45386705-45388208","5551","45386705","45388208","1503"
"SL2.50ch11:45386734-45388276","5528","45386734","45388276","1542"
"SL2.50ch11:45390084-45391167","3305","45390084","45391167","1083"
"SL2.50ch11:45390126-45391165","3295","45390126","45391165","1039"
"SL2.50ch11:45392558-45394301","3196","45392558","45394301","1743"
"SL2.50ch11:45392787-45394263","3119","45392787","45394263","1476"
"SL2.50ch11:45396272-45396781","228","45396272","45396781","509"
"SL2.50ch11:45397264-45397956","1497","45397264","45397956","692"
"SL2.50ch11:45400822-45401203","183","45400822","45401203","381"
"SL2.50ch11:45403852-45404567","512","45403852","45404567","715"
"SL2.50ch11:45403892-45404869","526","45403892","45404869","977"
"SL2.50ch11:45405893-45406671","238","45405893","45406671","778"
"SL2.50ch11:45406140-45406635","195","45406140","45406635","495"
"SL2.50ch11:45411459-45413075","3933","45411459","45413075","1616"
"SL2.50ch11:45411475-45413034","3933","45411475","45413034","1559"
"SL2.50ch11:45417282-45418372","1588","45417282","45418372","1090"
"SL2.50ch11:45417295-45418458","1583","45417295","45418458","1163"
"SL2.50ch11:45422630-45423708","2958","45422630","45423708","1078"
"SL2.50ch11:45422641-45423626","2934","45422641","45423626","985"
"SL2.50ch11:45440153-45441044","1074","45440153","45441044","891"
"SL2.50ch11:45440170-45440838","1046","45440170","45440838","668"
"SL2.50ch11:45444371-45444962","743","45444371","45444962","591"
"SL2.50ch11:45444392-45444894","743","45444392","45444894","502"
"SL2.50ch11:45446480-45449019","5439","45446480","45449019","2539"
"SL2.50ch11:45446502-45448937","5431","45446502","45448937","2435"
"SL2.50ch11:45450066-45451953","2987","45450066","45451953","1887"
"SL2.50ch11:45450198-45451955","2975","45450198","45451955","1757"
"SL2.50ch11:45459831-45460436","2029","45459831","45460436","605"
"SL2.50ch11:45459847-45460418","2029","45459847","45460418","571"
"SL2.50ch11:45461232-45462107","1455","45461232","45462107","875"
"SL2.50ch11:45461254-45462039","1455","45461254","45462039","785"
"SL2.50ch11:45463523-45465560","3451","45463523","45465560","2037"
"SL2.50ch11:45463545-45465535","3451","45463545","45465535","1990"
"SL2.50ch11:45475487-45476009","633","45475487","45476009","522"
"SL2.50ch11:45475498-45475974","631","45475498","45475974","476"
"SL2.50ch11:45992516-45992847","43","45992516","45992847","331"
"SL2.50ch11:4671798-4672206","69","4671798","4672206","408"
"SL2.50ch11:4671846-4672227","74","4671846","4672227","381"
"SL2.50ch11:47166014-47166395","43","47166014","47166395","381"
"SL2.50ch11:48691879-48692369","198","48691879","48692369","490"
"SL2.50ch11:48691975-48692306","183","48691975","48692306","331"
"SL2.50ch11:48717907-48719584","4551","48717907","48719584","1677"
"SL2.50ch11:48717921-48719673","4551","48717921","48719673","1752"
"SL2.50ch11:48869744-48870859","13966","48869744","48870859","1115"
"SL2.50ch11:48869746-48871201","14017","48869746","48871201","1455"
"SL2.50ch11:49617738-49625597","16762","49617738","49625597","7859"
"SL2.50ch11:49617752-49620791","5512","49617752","49620791","3039"
"SL2.50ch11:49621163-49625553","11216","49621163","49625553","4390"
"SL2.50ch11:49629289-49636156","12088","49629289","49636156","6867"
"SL2.50ch11:49629359-49636101","12049","49629359","49636101","6742"
"SL2.50ch11:49638631-49640729","2334","49638631","49640729","2098"
"SL2.50ch11:49638814-49640579","2312","49638814","49640579","1765"
"SL2.50ch11:49641085-49644012","1826","49641085","49644012","2927"
"SL2.50ch11:49641219-49643986","1820","49641219","49643986","2767"
"SL2.50ch11:49648062-49649559","2891","49648062","49649559","1497"
"SL2.50ch11:49648129-49649470","2882","49648129","49649470","1341"
"SL2.50ch11:49740346-49741494","227","49740346","49741494","1148"
"SL2.50ch11:49740464-49741355","187","49740464","49741355","891"
"SL2.50ch11:49779907-49780311","35","49779907","49780311","404"
"SL2.50ch11:50255274-50255781","122","50255274","50255781","507"
"SL2.50ch11:50269947-50270376","143","50269947","50270376","429"
"SL2.50ch11:50794411-50795090","432","50794411","50795090","679"
"SL2.50ch11:50794589-50795065","423","50794589","50795065","476"
"SL2.50ch11:51012856-51013341","70","51012856","51013341","485"
"SL2.50ch11:51640933-51641462","79","51640933","51641462","529"
"SL2.50ch11:53074895-53075361","156","53074895","53075361","466"
"SL2.50ch11:53074921-53075337","155","53074921","53075337","416"
"SL2.50ch11:53587385-53587841","119","53587385","53587841","456"
"SL2.50ch11:53587433-53587916","119","53587433","53587916","483"
"SL2.50ch11:55434542-55435796","452","55434542","55435796","1254"
"SL2.50ch11:55434573-55435648","433","55434573","55435648","1075"
"SL2.50ch11:55436855-55437258","84","55436855","55437258","403"
"SL2.50ch11:5768913-5769332","243","5768913","5769332","419"
"SL2.50ch11:5768962-5769343","243","5768962","5769343","381"
"SL2.50ch11:7156237-7156814","147","7156237","7156814","577"
"SL2.50ch11:7156314-7156732","138","7156314","7156732","418"
"SL2.50ch11:7159640-7160120","245","7159640","7160120","480"
"SL2.50ch11:7159705-7160160","245","7159705","7160160","455"
"SL2.50ch11:7471982-7472313","81","7471982","7472313","331"
"SL2.50ch11:8470402-8472553","826","8470402","8472553","2151"
"SL2.50ch11:8470520-8472326","801","8470520","8472326","1806"
"SL2.50ch11:8485860-8486264","116","8485860","8486264","404"
"SL2.50ch11:8510015-8510759","236","8510015","8510759","744"
"SL2.50ch11:8510017-8510718","234","8510017","8510718","701"
"SL2.50ch11:8517017-8517422","197","8517017","8517422","405"
"SL2.50ch11:9479271-9479955","148","9479271","9479955","684"
"SL2.50ch11:9484236-9484982","157","9484236","9484982","746"
"SL2.50ch11:9484287-9485000","149","9484287","9485000","713"
"SL2.50ch12:11125605-11126177","635","11125605","11126177","572"
"SL2.50ch12:12332998-12333329","33","12332998","12333329","331"
"SL2.50ch12:1281270-1281935","7123","1281270","1281935","665"
"SL2.50ch12:1281330-1282010","7124","1281330","1282010","680"
"SL2.50ch12:13250700-13251294","330","13250700","13251294","594"
"SL2.50ch12:13250748-13251224","314","13250748","13251224","476"
"SL2.50ch12:14018476-14018807","45","14018476","14018807","331"
"SL2.50ch12:14493392-14493899","71","14493392","14493899","507"
"SL2.50ch12:14493555-14493936","71","14493555","14493936","381"
"SL2.50ch12:15148901-15149232","42","15148901","15149232","331"
"SL2.50ch12:15634492-15634969","169","15634492","15634969","477"
"SL2.50ch12:17330809-17331703","83","17330809","17331703","894"
"SL2.50ch12:17338044-17338589","100","17338044","17338589","545"
"SL2.50ch12:17343076-17343923","158","17343076","17343923","847"
"SL2.50ch12:17369783-17372098","429","17369783","17372098","2315"
"SL2.50ch12:17374178-17375468","196","17374178","17375468","1290"
"SL2.50ch12:17452322-17452808","24","17452322","17452808","486"
"SL2.50ch12:17453646-17454510","61","17453646","17454510","864"
"SL2.50ch12:17458286-17458617","60","17458286","17458617","331"
"SL2.50ch12:17462767-17463586","338","17462767","17463586","819"
"SL2.50ch12:17462792-17463626","338","17462792","17463626","834"
"SL2.50ch12:17468752-17470197","631","17468752","17470197","1445"
"SL2.50ch12:17468971-17470210","623","17468971","17470210","1239"
"SL2.50ch12:17570238-17572190","366","17570238","17572190","1952"
"SL2.50ch12:17582576-17583864","295","17582576","17583864","1288"
"SL2.50ch12:17582629-17583877","295","17582629","17583877","1248"
"SL2.50ch12:17584517-17586675","714","17584517","17586675","2158"
"SL2.50ch12:17584536-17586614","713","17584536","17586614","2078"
"SL2.50ch12:19350921-19351325","72","19350921","19351325","404"
"SL2.50ch12:19389610-19389991","81","19389610","19389991","381"
"SL2.50ch12:21139202-21139659","82","21139202","21139659","457"
"SL2.50ch12:21403404-21403840","91","21403404","21403840","436"
"SL2.50ch12:22366142-22366649","164","22366142","22366649","507"
"SL2.50ch12:22366240-22366645","153","22366240","22366645","405"
"SL2.50ch12:22466090-22469538","1087","22466090","22469538","3448"
"SL2.50ch12:22467023-22469458","984","22467023","22469458","2435"
"SL2.50ch12:22471379-22472200","298","22471379","22472200","821"
"SL2.50ch12:22471407-22472087","293","22471407","22472087","680"
"SL2.50ch12:22476825-22478142","825","22476825","22478142","1317"
"SL2.50ch12:22476935-22478041","788","22476935","22478041","1106"
"SL2.50ch12:22571612-22572821","491","22571612","22572821","1209"
"SL2.50ch12:22571717-22572799","482","22571717","22572799","1082"
"SL2.50ch12:22575813-22577176","435","22575813","22577176","1363"
"SL2.50ch12:22587749-22588457","168","22587749","22588457","708"
"SL2.50ch12:22590590-22591176","131","22590590","22591176","586"
"SL2.50ch12:22599374-22600385","301","22599374","22600385","1011"
"SL2.50ch12:22610566-22610979","144","22610566","22610979","413"
"SL2.50ch12:22619644-22621023","554","22619644","22621023","1379"
"SL2.50ch12:22619701-22621095","554","22619701","22621095","1394"
"SL2.50ch12:22622908-22624182","501","22622908","22624182","1274"
"SL2.50ch12:22622918-22624219","501","22622918","22624219","1301"
"SL2.50ch12:22626855-22628226","268","22626855","22628226","1371"
"SL2.50ch12:22636260-22637117","292","22636260","22637117","857"
"SL2.50ch12:22636265-22637122","291","22636265","22637122","857"
"SL2.50ch12:22638809-22641705","958","22638809","22641705","2896"
"SL2.50ch12:22642990-22644299","431","22642990","22644299","1309"
"SL2.50ch12:22643043-22644316","426","22643043","22644316","1273"
"SL2.50ch12:22647684-22649182","473","22647684","22649182","1498"
"SL2.50ch12:22647724-22649179","471","22647724","22649179","1455"
"SL2.50ch12:22661770-22664397","546","22661770","22664397","2627"
"SL2.50ch12:22689890-22690369","102","22689890","22690369","479"
"SL2.50ch12:22698690-22699413","165","22698690","22699413","723"
"SL2.50ch12:22703614-22704318","123","22703614","22704318","704"
"SL2.50ch12:22765154-22770114","975","22765154","22770114","4960"
"SL2.50ch12:22770869-22773743","524","22770869","22773743","2874"
"SL2.50ch12:26321661-26322042","69","26321661","26322042","381"
"SL2.50ch12:26989483-26989864","25","26989483","26989864","381"
"SL2.50ch12:27481101-27481482","76","27481101","27481482","381"
"SL2.50ch12:29080778-29087823","1902","29080778","29087823","7045"
"SL2.50ch12:29094883-29096025","289","29094883","29096025","1142"
"SL2.50ch12:29096668-29097262","199","29096668","29097262","594"
"SL2.50ch12:29097977-29099133","270","29097977","29099133","1156"
"SL2.50ch12:29986594-29986976","154","29986594","29986976","382"
"SL2.50ch12:30017686-30018067","1950","30017686","30018067","381"
"SL2.50ch12:3209934-3210390","159","3209934","3210390","456"
"SL2.50ch12:3209999-3210380","151","3209999","3210380","381"
"SL2.50ch12:33269561-33270105","69","33269561","33270105","544"
"SL2.50ch12:33815397-33815892","335","33815397","33815892","495"
"SL2.50ch12:33815427-33815831","329","33815427","33815831","404"
"SL2.50ch12:33827505-33828188","272","33827505","33828188","683"
"SL2.50ch12:33829156-33829748","301","33829156","33829748","592"
"SL2.50ch12:33829226-33829607","277","33829226","33829607","381"
"SL2.50ch12:34295106-34305960","3984","34295106","34305960","10854"
"SL2.50ch12:34295125-34305784","3963","34295125","34305784","10659"
"SL2.50ch12:34306321-34317329","4031","34306321","34317329","11008"
"SL2.50ch12:34307944-34317175","3579","34307944","34317175","9231"
"SL2.50ch12:34329060-34333200","1250","34329060","34333200","4140"
"SL2.50ch12:34329861-34331697","704","34329861","34331697","1836"
"SL2.50ch12:34333645-34333959","44","34333645","34333959","314"
"SL2.50ch12:34808288-34808669","384","34808288","34808669","381"
"SL2.50ch12:36108054-36136218","7919","36108054","36136218","28164"
"SL2.50ch12:36159277-36160089","170","36159277","36160089","812"
"SL2.50ch12:36180044-36180928","177","36180044","36180928","884"
"SL2.50ch12:36183812-36184673","118","36183812","36184673","861"
"SL2.50ch12:36228443-36228925","73","36228443","36228925","482"
"SL2.50ch12:36230006-36230387","104","36230006","36230387","381"
"SL2.50ch12:36243987-36244318","89","36243987","36244318","331"
"SL2.50ch12:36245646-36246132","90","36245646","36246132","486"
"SL2.50ch12:36251793-36252444","131","36251793","36252444","651"
"SL2.50ch12:37679933-37680505","413","37679933","37680505","572"
"SL2.50ch12:37679973-37680475","409","37679973","37680475","502"
"SL2.50ch12:38096630-38097066","116","38096630","38097066","436"
"SL2.50ch12:38096955-38098209","212","38096955","38098209","1254"
"SL2.50ch12:39449937-39450547","181","39449937","39450547","610"
"SL2.50ch12:39482866-39483197","165","39482866","39483197","331"
"SL2.50ch12:39785085-39785416","25","39785085","39785416","331"
"SL2.50ch12:41429927-41430258","51","41429927","41430258","331"
"SL2.50ch12:42325893-42326385","83","42325893","42326385","492"
"SL2.50ch12:42325980-42326361","75","42325980","42326361","381"
"SL2.50ch12:4279791-4283658","3726","4279791","4283658","3867"
"SL2.50ch12:4279793-4283758","3732","4279793","4283758","3965"
"SL2.50ch12:4296390-4297207","126","4296390","4297207","817"
"SL2.50ch12:4297763-4298673","274","4297763","4298673","910"
"SL2.50ch12:4297827-4298566","250","4297827","4298566","739"
"SL2.50ch12:4299696-4301289","447","4299696","4301289","1593"
"SL2.50ch12:4300238-4301278","310","4300238","4301278","1040"
"SL2.50ch12:4302878-4303292","122","4302878","4303292","414"
"SL2.50ch12:4308651-4310061","369","4308651","4310061","1410"
"SL2.50ch12:4311839-4312170","94","4311839","4312170","331"
"SL2.50ch12:4313018-4313834","205","4313018","4313834","816"
"SL2.50ch12:4313124-4313854","187","4313124","4313854","730"
"SL2.50ch12:4328830-4329758","427","4328830","4329758","928"
"SL2.50ch12:4328911-4329804","411","4328911","4329804","893"
"SL2.50ch12:4332757-4333958","223","4332757","4333958","1201"
"SL2.50ch12:4332795-4334013","217","4332795","4334013","1218"
"SL2.50ch12:4335203-4337241","582","4335203","4337241","2038"
"SL2.50ch12:4350353-4351259","265","4350353","4351259","906"
"SL2.50ch12:4350370-4351149","241","4350370","4351149","779"
"SL2.50ch12:44659011-44659469","143","44659011","44659469","458"
"SL2.50ch12:4498945-4499947","207","4498945","4499947","1002"
"SL2.50ch12:45738173-45738504","252","45738173","45738504","331"
"SL2.50ch12:47013502-47013833","40","47013502","47013833","331"
"SL2.50ch12:47850906-47851287","93","47850906","47851287","381"
"SL2.50ch12:49282766-49283277","1469","49282766","49283277","511"
"SL2.50ch12:49282814-49283195","1465","49282814","49283195","381"
"SL2.50ch12:49661976-49662526","3102","49661976","49662526","550"
"SL2.50ch12:49662034-49662510","3102","49662034","49662510","476"
"SL2.50ch12:49894199-49894848","182","49894199","49894848","649"
"SL2.50ch12:49894315-49894836","164","49894315","49894836","521"
"SL2.50ch12:49897234-49897821","95","49897234","49897821","587"
"SL2.50ch12:50172509-50173789","568","50172509","50173789","1280"
"SL2.50ch12:50172600-50173673","546","50172600","50173673","1073"
"SL2.50ch12:5093985-5094492","367","5093985","5094492","507"
"SL2.50ch12:5094025-5094411","358","5094025","5094411","386"
"SL2.50ch12:51038493-51039010","168","51038493","51039010","517"
"SL2.50ch12:51040353-51041261","775","51040353","51041261","908"
"SL2.50ch12:51040474-51042152","1283","51040474","51042152","1678"
"SL2.50ch12:51041614-51042084","500","51041614","51042084","470"
"SL2.50ch12:51073484-51073975","210","51073484","51073975","491"
"SL2.50ch12:51073513-51073990","203","51073513","51073990","477"
"SL2.50ch12:51538100-51538911","419","51538100","51538911","811"
"SL2.50ch12:51538163-51538838","399","51538163","51538838","675"
"SL2.50ch12:51544192-51544877","337","51544192","51544877","685"
"SL2.50ch12:51544211-51545010","351","51544211","51545010","799"
"SL2.50ch12:51597182-51597823","2309","51597182","51597823","641"
"SL2.50ch12:51597324-51597800","2299","51597324","51597800","476"
"SL2.50ch12:5192271-5192750","159","5192271","5192750","479"
"SL2.50ch12:54256722-54257322","269","54256722","54257322","600"
"SL2.50ch12:54273682-54274338","2317","54273682","54274338","656"
"SL2.50ch12:54273741-54274217","2279","54273741","54274217","476"
"SL2.50ch12:54308714-54309197","133","54308714","54309197","483"
"SL2.50ch12:54318649-54319616","191","54318649","54319616","967"
"SL2.50ch12:54319025-54319406","116","54319025","54319406","381"
"SL2.50ch12:54590584-54591655","72","54590584","54591655","1071"
"SL2.50ch12:5488467-5488892","101","5488467","5488892","425"
"SL2.50ch12:55097793-55098124","30","55097793","55098124","331"
"SL2.50ch12:55224586-55225072","157","55224586","55225072","486"
"SL2.50ch12:55224654-55225051","153","55224654","55225051","397"
"SL2.50ch12:56077983-56078387","107","56077983","56078387","404"
"SL2.50ch12:56078034-56078365","103","56078034","56078365","331"
"SL2.50ch12:56908933-56910083","7624","56908933","56910083","1150"
"SL2.50ch12:56909006-56910116","7613","56909006","56910116","1110"
"SL2.50ch12:57552013-57553141","332","57552013","57553141","1128"
"SL2.50ch12:57552044-57553763","497","57552044","57553763","1719"
"SL2.50ch12:57621736-57622289","516","57621736","57622289","553"
"SL2.50ch12:57621782-57622238","499","57621782","57622238","456"
"SL2.50ch12:58130508-58130889","28","58130508","58130889","381"
"SL2.50ch12:59006940-59008045","246","59006940","59008045","1105"
"SL2.50ch12:60467750-60469546","306","60467750","60469546","1796"
"SL2.50ch12:60502840-60503511","111","60502840","60503511","671"
"SL2.50ch12:60503445-60503776","80","60503445","60503776","331"
"SL2.50ch12:60526848-60527334","72","60526848","60527334","486"
"SL2.50ch12:60534671-60537576","488","60534671","60537576","2905"
"SL2.50ch12:60546159-60552268","1825","60546159","60552268","6109"
"SL2.50ch12:60556961-60564301","2250","60556961","60564301","7340"
"SL2.50ch12:60565795-60567385","478","60565795","60567385","1590"
"SL2.50ch12:60569886-60573385","1039","60569886","60573385","3499"
"SL2.50ch12:60586267-60590941","1418","60586267","60590941","4674"
"SL2.50ch12:60593366-60593801","149","60593366","60593801","435"
"SL2.50ch12:60595078-60596221","235","60595078","60596221","1143"
"SL2.50ch12:60598684-60599309","178","60598684","60599309","625"
"SL2.50ch12:60610231-60618151","2134","60610231","60618151","7920"
"SL2.50ch12:60624354-60631196","1816","60624354","60631196","6842"
"SL2.50ch12:60637700-60641689","890","60637700","60641689","3989"
"SL2.50ch12:60643055-60643768","156","60643055","60643768","713"
"SL2.50ch12:60649865-60650474","109","60649865","60650474","609"
"SL2.50ch12:60651370-60651832","76","60651370","60651832","462"
"SL2.50ch12:60663344-60664212","201","60663344","60664212","868"
"SL2.50ch12:60669966-60670728","233","60669966","60670728","762"
"SL2.50ch12:60692608-60693779","383","60692608","60693779","1171"
"SL2.50ch12:60696892-60709033","4115","60696892","60709033","12141"
"SL2.50ch12:60697520-60709363","4032","60697520","60709363","11843"
"SL2.50ch12:60709890-60717733","2921","60709890","60717733","7843"
"SL2.50ch12:60711458-60717601","2345","60711458","60717601","6143"
"SL2.50ch12:60718836-60737124","6734","60718836","60737124","18288"
"SL2.50ch12:60718857-60737164","6730","60718857","60737164","18307"
"SL2.50ch12:60921858-60922437","89","60921858","60922437","579"
"SL2.50ch12:60947806-60951643","5969","60947806","60951643","3837"
"SL2.50ch12:60947867-60949804","5587","60947867","60949804","1937"
"SL2.50ch12:60951150-60951596","180","60951150","60951596","446"
"SL2.50ch12:61002859-61005844","2609","61002859","61005844","2985"
"SL2.50ch12:61002927-61004820","2133","61002927","61004820","1893"
"SL2.50ch12:61005201-61005615","432","61005201","61005615","414"
"SL2.50ch12:6159373-6159853","73","6159373","6159853","480"
"SL2.50ch12:61617164-61618595","414","61617164","61618595","1431"
"SL2.50ch12:61617339-61618525","362","61617339","61618525","1186"
"SL2.50ch12:61625683-61626124","197","61625683","61626124","441"
"SL2.50ch12:61627518-61630158","756","61627518","61630158","2640"
"SL2.50ch12:61638041-61642381","1897","61638041","61642381","4340"
"SL2.50ch12:61647075-61649066","688","61647075","61649066","1991"
"SL2.50ch12:61649839-61653854","1502","61649839","61653854","4015"
"SL2.50ch12:61656910-61658152","481","61656910","61658152","1242"
"SL2.50ch12:6203932-6204684","169","6203932","6204684","752"
"SL2.50ch12:6204092-6204496","125","6204092","6204496","404"
"SL2.50ch12:6208307-6208825","118","6208307","6208825","518"
"SL2.50ch12:62260264-62260645","291","62260264","62260645","381"
"SL2.50ch12:62260268-62260702","291","62260268","62260702","434"
"SL2.50ch12:62672044-62673379","357","62672044","62673379","1335"
"SL2.50ch12:62677611-62678101","173","62677611","62678101","490"
"SL2.50ch12:62680291-62680622","67","62680291","62680622","331"
"SL2.50ch12:62685389-62686456","267","62685389","62686456","1067"
"SL2.50ch12:63804529-63805112","550","63804529","63805112","583"
"SL2.50ch12:63804551-63805133","548","63804551","63805133","582"
"SL2.50ch12:63885229-63885802","570","63885229","63885802","573"
"SL2.50ch12:63885259-63885825","576","63885259","63885825","566"
"SL2.50ch12:64875640-64876159","72","64875640","64876159","519"
"SL2.50ch12:65405444-65406020","1799","65405444","65406020","576"
"SL2.50ch12:65405532-65406036","1798","65405532","65406036","504"
"SL2.50ch12:65635988-65636918","7905","65635988","65636918","930"
"SL2.50ch12:65636138-65636835","7894","65636138","65636835","697"
"SL2.50ch12:65737636-65739323","522","65737636","65739323","1687"
"SL2.50ch12:65744964-65745563","394","65744964","65745563","599"
"SL2.50ch12:65745156-65745569","376","65745156","65745569","413"
"SL2.50ch12:7358534-7359257","6144","7358534","7359257","723"
"SL2.50ch12:7358610-7359322","6148","7358610","7359322","712"
"SL2.50ch12:7715540-7716044","52","7715540","7716044","504"
"SL2.50ch12:870451-871091","1329","870451","871091","640"
"SL2.50ch12:870467-871043","1326","870467","871043","576"
"SL2.50ch12:9622357-9622865","85","9622357","9622865","508"
"SL2.50ch12:9622529-9623515","191","9622529","9623515","986"
"__no_feature","45686949","__no_feature","__no_feature","Bad Read Size"
"__ambiguous","4958047","__ambiguous","__ambiguous","Bad Read Size"
"__too_low_aQual","7020659","__too_low_aQual","__too_low_aQual","Bad Read Size"
"__not_aligned","0","__not_aligned","__not_aligned","Bad Read Size"
"__alignment_not_unique","0","__alignment_not_unique","__alignment_not_unique","Bad Read Size"
