"SL2.50ch00:10005141-10011112","207","10005141","10011112","5971"
"SL2.50ch00:10065487-10066763","21","10065487","10066763","1276"
"SL2.50ch00:10068907-10069554","23","10068907","10069554","647"
"SL2.50ch00:10077002-10077940","27","10077002","10077940","938"
"SL2.50ch00:10083677-10084008","11","10083677","10084008","331"
"SL2.50ch00:10083717-10084121","11","10083717","10084121","404"
"SL2.50ch00:10087141-10087522","8","10087141","10087522","381"
"SL2.50ch00:10091503-10092106","11","10091503","10092106","603"
"SL2.50ch00:10093140-10093724","23","10093140","10093724","584"
"SL2.50ch00:10103496-10104116","19","10103496","10104116","620"
"SL2.50ch00:10105984-10106392","11","10105984","10106392","408"
"SL2.50ch00:10108110-10108526","13","10108110","10108526","416"
"SL2.50ch00:10111024-10111355","5","10111024","10111355","331"
"SL2.50ch00:10117335-10118295","22","10117335","10118295","960"
"SL2.50ch00:10120087-10122222","75","10120087","10122222","2135"
"SL2.50ch00:10120718-10122214","59","10120718","10122214","1496"
"SL2.50ch00:10152460-10155800","83","10152460","10155800","3340"
"SL2.50ch00:10152754-10155689","81","10152754","10155689","2935"
"SL2.50ch00:10157628-10158609","20","10157628","10158609","981"
"SL2.50ch00:10157650-10158569","20","10157650","10158569","919"
"SL2.50ch00:10272221-10272832","22","10272221","10272832","611"
"SL2.50ch00:10279819-10280479","14","10279819","10280479","660"
"SL2.50ch00:10289422-10289901","9","10289422","10289901","479"
"SL2.50ch00:10290736-10291286","7","10290736","10291286","550"
"SL2.50ch00:10291703-10292158","21","10291703","10292158","455"
"SL2.50ch00:10297595-10298546","75","10297595","10298546","951"
"SL2.50ch00:10297703-10298485","71","10297703","10298485","782"
"SL2.50ch00:10299741-10300252","23","10299741","10300252","511"
"SL2.50ch00:10302592-10303453","10","10302592","10303453","861"
"SL2.50ch00:10307193-10307574","9","10307193","10307574","381"
"SL2.50ch00:10312875-10313412","28","10312875","10313412","537"
"SL2.50ch00:10399107-10400823","81","10399107","10400823","1716"
"SL2.50ch00:10399126-10400773","81","10399126","10400773","1647"
"SL2.50ch00:10401962-10403570","104","10401962","10403570","1608"
"SL2.50ch00:10402022-10403589","104","10402022","10403589","1567"
"SL2.50ch00:10405120-10406139","21","10405120","10406139","1019"
"SL2.50ch00:10410732-10412157","71","10410732","10412157","1425"
"SL2.50ch00:10413931-10414420","17","10413931","10414420","489"
"SL2.50ch00:10421271-10422036","29","10421271","10422036","765"
"SL2.50ch00:10421325-10421900","26","10421325","10421900","575"
"SL2.50ch00:10423992-10424622","23","10423992","10424622","630"
"SL2.50ch00:10428518-10429766","83","10428518","10429766","1248"
"SL2.50ch00:10428560-10429877","81","10428560","10429877","1317"
"SL2.50ch00:10431331-10432014","23","10431331","10432014","683"
"SL2.50ch00:10438317-10439161","27","10438317","10439161","844"
"SL2.50ch00:10476481-10481250","148","10476481","10481250","4769"
"SL2.50ch00:10482665-10483675","28","10482665","10483675","1010"
"SL2.50ch00:10485707-10487511","63","10485707","10487511","1804"
"SL2.50ch00:10502513-10503036","9","10502513","10503036","523"
"SL2.50ch00:10508200-10508581","12","10508200","10508581","381"
"SL2.50ch00:10512279-10513587","32","10512279","10513587","1308"
"SL2.50ch00:10574814-10576035","68","10574814","10576035","1221"
"SL2.50ch00:10574843-10576103","68","10574843","10576103","1260"
"SL2.50ch00:10577314-10578590","32","10577314","10578590","1276"
"SL2.50ch00:10581664-10582341","12","10581664","10582341","677"
"SL2.50ch00:10588136-10588834","14","10588136","10588834","698"
"SL2.50ch00:10600590-10600921","2","10600590","10600921","331"
"SL2.50ch00:10601253-10602032","13","10601253","10602032","779"
"SL2.50ch00:10603667-10606248","176","10603667","10606248","2581"
"SL2.50ch00:10604061-10606228","170","10604061","10606228","2167"
"SL2.50ch00:10607822-10610054","155","10607822","10610054","2232"
"SL2.50ch00:10607854-10610082","155","10607854","10610082","2228"
"SL2.50ch00:10617025-10618102","156","10617025","10618102","1077"
"SL2.50ch00:10617045-10618174","156","10617045","10618174","1129"
"SL2.50ch00:10627392-10628351","150","10627392","10628351","959"
"SL2.50ch00:10627420-10628331","150","10627420","10628331","911"
"SL2.50ch00:10630303-10630941","51","10630303","10630941","638"
"SL2.50ch00:10630322-10630895","51","10630322","10630895","573"
"SL2.50ch00:10632640-10636737","333","10632640","10636737","4097"
"SL2.50ch00:10632707-10636726","332","10632707","10636726","4019"
"SL2.50ch00:10638493-10640185","284","10638493","10640185","1692"
"SL2.50ch00:10638591-10640187","284","10638591","10640187","1596"
"SL2.50ch00:10642033-10643902","224","10642033","10643902","1869"
"SL2.50ch00:10642037-10643846","224","10642037","10643846","1809"
"SL2.50ch00:10644515-10646026","105","10644515","10646026","1511"
"SL2.50ch00:10644516-10645874","104","10644516","10645874","1358"
"SL2.50ch00:10651555-10652266","42","10651555","10652266","711"
"SL2.50ch00:10651628-10652252","40","10651628","10652252","624"
"SL2.50ch00:10653584-10655204","74","10653584","10655204","1620"
"SL2.50ch00:10656082-10657809","60","10656082","10657809","1727"
"SL2.50ch00:10659682-10660159","9","10659682","10660159","477"
"SL2.50ch00:10660575-10661051","7","10660575","10661051","476"
"SL2.50ch00:10664093-10664879","172","10664093","10664879","786"
"SL2.50ch00:10665512-10666210","233","10665512","10666210","698"
"SL2.50ch00:10665535-10666163","233","10665535","10666163","628"
"SL2.50ch00:10667197-10669630","1015","10667197","10669630","2433"
"SL2.50ch00:10667249-10669624","1013","10667249","10669624","2375"
"SL2.50ch00:10672327-10672995","178","10672327","10672995","668"
"SL2.50ch00:10672331-10673001","178","10672331","10673001","670"
"SL2.50ch00:10675576-10676676","227","10675576","10676676","1100"
"SL2.50ch00:10675601-10676553","225","10675601","10676553","952"
"SL2.50ch00:10680500-10686366","2862","10680500","10686366","5866"
"SL2.50ch00:10680507-10686395","2862","10680507","10686395","5888"
"SL2.50ch00:10687183-10692743","2365","10687183","10692743","5560"
"SL2.50ch00:10687194-10692736","2365","10687194","10692736","5542"
"SL2.50ch00:10721202-10722706","35","10721202","10722706","1504"
"SL2.50ch00:10729266-10730646","132","10729266","10730646","1380"
"SL2.50ch00:10729366-10730692","131","10729366","10730692","1326"
"SL2.50ch00:10731640-10733467","162","10731640","10733467","1827"
"SL2.50ch00:10735708-10737046","40","10735708","10737046","1338"
"SL2.50ch00:10739930-10740261","5","10739930","10740261","331"
"SL2.50ch00:10743581-10745195","68","10743581","10745195","1614"
"SL2.50ch00:10746713-10748833","45","10746713","10748833","2120"
"SL2.50ch00:10749908-10750239","4","10749908","10750239","331"
"SL2.50ch00:10751930-10752550","6","10751930","10752550","620"
"SL2.50ch00:10776616-10777858","50","10776616","10777858","1242"
"SL2.50ch00:10778540-10781054","44","10778540","10781054","2514"
"SL2.50ch00:10783354-10784036","29","10783354","10784036","682"
"SL2.50ch00:10783509-10783913","28","10783509","10783913","404"
"SL2.50ch00:10788509-10789242","37","10788509","10789242","733"
"SL2.50ch00:10788760-10789164","30","10788760","10789164","404"
"SL2.50ch00:10793463-10794063","23","10793463","10794063","600"
"SL2.50ch00:10793486-10794207","23","10793486","10794207","721"
"SL2.50ch00:10798448-10803540","174","10798448","10803540","5092"
"SL2.50ch00:10830646-10832242","172","10830646","10832242","1596"
"SL2.50ch00:10830818-10832276","172","10830818","10832276","1458"
"SL2.50ch00:10834896-10835805","98","10834896","10835805","909"
"SL2.50ch00:10834936-10835789","95","10834936","10835789","853"
"SL2.50ch00:10842071-10842585","16","10842071","10842585","514"
"SL2.50ch00:10842074-10842575","16","10842074","10842575","501"
"SL2.50ch00:10843896-10845227","43","10843896","10845227","1331"
"SL2.50ch00:10846170-10847034","88","10846170","10847034","864"
"SL2.50ch00:10846224-10847047","88","10846224","10847047","823"
"SL2.50ch00:10848807-10849976","63","10848807","10849976","1169"
"SL2.50ch00:10854621-10857569","110","10854621","10857569","2948"
"SL2.50ch00:10868809-10869190","6","10868809","10869190","381"
"SL2.50ch00:10910268-10911385","62","10910268","10911385","1117"
"SL2.50ch00:10910370-10911449","61","10910370","10911449","1079"
"SL2.50ch00:10914174-10914910","43","10914174","10914910","736"
"SL2.50ch00:10914338-10914844","40","10914338","10914844","506"
"SL2.50ch00:10917250-10919722","229","10917250","10919722","2472"
"SL2.50ch00:10917261-10919734","229","10917261","10919734","2473"
"SL2.50ch00:10926623-10928866","113","10926623","10928866","2243"
"SL2.50ch00:10926626-10929287","117","10926626","10929287","2661"
"SL2.50ch00:10930953-10933110","88","10930953","10933110","2157"
"SL2.50ch00:10931866-10933008","75","10931866","10933008","1142"
"SL2.50ch00:10936035-10937735","46","10936035","10937735","1700"
"SL2.50ch00:10940054-10943891","125","10940054","10943891","3837"
"SL2.50ch00:10945399-10946478","30","10945399","10946478","1079"
"SL2.50ch00:10947725-10954068","152","10947725","10954068","6343"
"SL2.50ch00:10956482-10960667","92","10956482","10960667","4185"
"SL2.50ch00:10963552-10964142","14","10963552","10964142","590"
"SL2.50ch00:10971004-10972145","21","10971004","10972145","1141"
"SL2.50ch00:10971048-10972223","20","10971048","10972223","1175"
"SL2.50ch00:10985064-10986782","55","10985064","10986782","1718"
"SL2.50ch00:10985073-10986834","55","10985073","10986834","1761"
"SL2.50ch00:10990687-10995808","168","10990687","10995808","5121"
"SL2.50ch00:10998618-11000310","79","10998618","11000310","1692"
"SL2.50ch00:11005052-11006987","106","11005052","11006987","1935"
"SL2.50ch00:11007680-11008269","15","11007680","11008269","589"
"SL2.50ch00:11012514-11012895","13","11012514","11012895","381"
"SL2.50ch00:11031644-11031975","12","11031644","11031975","331"
"SL2.50ch00:11055079-11077480","8338","11055079","11077480","22401"
"SL2.50ch00:11055103-11077486","8338","11055103","11077486","22383"
"SL2.50ch00:11141761-11146375","164","11141761","11146375","4614"
"SL2.50ch00:11147031-11148450","52","11147031","11148450","1419"
"SL2.50ch00:11147056-11148474","52","11147056","11148474","1418"
"SL2.50ch00:11156005-11156811","19","11156005","11156811","806"
"SL2.50ch00:11182413-11182990","28","11182413","11182990","577"
"SL2.50ch00:11182455-11182963","26","11182455","11182963","508"
"SL2.50ch00:11184554-11185987","35","11184554","11185987","1433"
"SL2.50ch00:11184559-11185963","35","11184559","11185963","1404"
"SL2.50ch00:11239943-11240920","41","11239943","11240920","977"
"SL2.50ch00:11242538-11243692","55","11242538","11243692","1154"
"SL2.50ch00:11244917-11246524","80","11244917","11246524","1607"
"SL2.50ch00:11251418-11254505","129","11251418","11254505","3087"
"SL2.50ch00:11251473-11254521","129","11251473","11254521","3048"
"SL2.50ch00:11256077-11257931","51","11256077","11257931","1854"
"SL2.50ch00:11293074-11293554","8","11293074","11293554","480"
"SL2.50ch00:11295501-11296038","19","11295501","11296038","537"
"SL2.50ch00:11297430-11297761","10","11297430","11297761","331"
"SL2.50ch00:11301434-11301838","17","11301434","11301838","404"
"SL2.50ch00:11301523-11301854","16","11301523","11301854","331"
"SL2.50ch00:11308046-11308427","11","11308046","11308427","381"
"SL2.50ch00:11310727-11313687","235","11310727","11313687","2960"
"SL2.50ch00:11310886-11313674","233","11310886","11313674","2788"
"SL2.50ch00:11314410-11315883","104","11314410","11315883","1473"
"SL2.50ch00:11314447-11315959","104","11314447","11315959","1512"
"SL2.50ch00:11317036-11318741","54","11317036","11318741","1705"
"SL2.50ch00:11321826-11325870","108","11321826","11325870","4044"
"SL2.50ch00:11326911-11336372","252","11326911","11336372","9461"
"SL2.50ch00:11337261-11343309","104","11337261","11343309","6048"
"SL2.50ch00:11344369-11345115","22","11344369","11345115","746"
"SL2.50ch00:11362846-11363749","46","11362846","11363749","903"
"SL2.50ch00:11362909-11363764","45","11362909","11363764","855"
"SL2.50ch00:11369358-11374033","134","11369358","11374033","4675"
"SL2.50ch00:11377464-11379406","65","11377464","11379406","1942"
"SL2.50ch00:11377992-11379414","63","11377992","11379414","1422"
"SL2.50ch00:11396268-11398033","130","11396268","11398033","1765"
"SL2.50ch00:11396281-11398063","129","11396281","11398063","1782"
"SL2.50ch00:11398844-11404525","277","11398844","11404525","5681"
"SL2.50ch00:11411131-11412638","101","11411131","11412638","1507"
"SL2.50ch00:11411210-11412550","99","11411210","11412550","1340"
"SL2.50ch00:11435021-11435402","8","11435021","11435402","381"
"SL2.50ch00:11443840-11444538","20","11443840","11444538","698"
"SL2.50ch00:11479280-11479661","1","11479280","11479661","381"
"SL2.50ch00:11490693-11491596","39","11490693","11491596","903"
"SL2.50ch00:11492825-11494397","51","11492825","11494397","1572"
"SL2.50ch00:11495640-11497102","48","11495640","11497102","1462"
"SL2.50ch00:11499381-11501263","89","11499381","11501263","1882"
"SL2.50ch00:11501876-11503245","77","11501876","11503245","1369"
"SL2.50ch00:11501908-11503138","76","11501908","11503138","1230"
"SL2.50ch00:11504375-11505179","40","11504375","11505179","804"
"SL2.50ch00:11504386-11505193","40","11504386","11505193","807"
"SL2.50ch00:11510384-11512323","78","11510384","11512323","1939"
"SL2.50ch00:11516613-11517616","15","11516613","11517616","1003"
"SL2.50ch00:11516614-11517613","15","11516614","11517613","999"
"SL2.50ch00:11520028-11520796","17","11520028","11520796","768"
"SL2.50ch00:11531048-11531810","25","11531048","11531810","762"
"SL2.50ch00:11534129-11548181","771","11534129","11548181","14052"
"SL2.50ch00:11565499-11566054","13","11565499","11566054","555"
"SL2.50ch00:11576949-11583147","203","11576949","11583147","6198"
"SL2.50ch00:11650849-11651285","15","11650849","11651285","436"
"SL2.50ch00:11655343-11656870","208","11655343","11656870","1527"
"SL2.50ch00:11655363-11656901","208","11655363","11656901","1538"
"SL2.50ch00:11658373-11659357","60","11658373","11659357","984"
"SL2.50ch00:11658413-11659410","60","11658413","11659410","997"
"SL2.50ch00:11685738-11686901","26","11685738","11686901","1163"
"SL2.50ch00:11687500-11689613","120","11687500","11689613","2113"
"SL2.50ch00:11687565-11689537","120","11687565","11689537","1972"
"SL2.50ch00:11690472-11694305","105","11690472","11694305","3833"
"SL2.50ch00:11695255-11695660","27","11695255","11695660","405"
"SL2.50ch00:11697545-11698487","54","11697545","11698487","942"
"SL2.50ch00:11736257-11738084","161","11736257","11738084","1827"
"SL2.50ch00:11736295-11738062","160","11736295","11738062","1767"
"SL2.50ch00:11773888-11775696","605","11773888","11775696","1808"
"SL2.50ch00:11773931-11775731","604","11773931","11775731","1800"
"SL2.50ch00:11777402-11778481","412","11777402","11778481","1079"
"SL2.50ch00:11777453-11778470","410","11777453","11778470","1017"
"SL2.50ch00:11780895-11782018","394","11780895","11782018","1123"
"SL2.50ch00:11780914-11782081","394","11780914","11782081","1167"
"SL2.50ch00:11782576-11786164","1194","11782576","11786164","3588"
"SL2.50ch00:11782593-11786224","1195","11782593","11786224","3631"
"SL2.50ch00:11789600-11790182","22","11789600","11790182","582"
"SL2.50ch00:11789639-11790399","24","11789639","11790399","760"
"SL2.50ch00:11796752-11810419","5223","11796752","11810419","13667"
"SL2.50ch00:11798253-11810444","5207","11798253","11810444","12191"
"SL2.50ch00:11819282-11819771","5","11819282","11819771","489"
"SL2.50ch00:11851636-11852113","7","11851636","11852113","477"
"SL2.50ch00:11855496-11855877","8","11855496","11855877","381"
"SL2.50ch00:11857574-11857905","6","11857574","11857905","331"
"SL2.50ch00:11901425-11901973","10","11901425","11901973","548"
"SL2.50ch00:11913173-11913606","14","11913173","11913606","433"
"SL2.50ch00:11919657-11919988","8","11919657","11919988","331"
"SL2.50ch00:11922194-11922525","16","11922194","11922525","331"
"SL2.50ch00:11934769-11935958","45","11934769","11935958","1189"
"SL2.50ch00:11944473-11945832","56","11944473","11945832","1359"
"SL2.50ch00:11966724-11976904","3348","11966724","11976904","10180"
"SL2.50ch00:11966763-11976921","3347","11966763","11976921","10158"
"SL2.50ch00:11986901-11987970","100","11986901","11987970","1069"
"SL2.50ch00:11986947-11988035","100","11986947","11988035","1088"
"SL2.50ch00:11990826-11991727","53","11990826","11991727","901"
"SL2.50ch00:11993083-11994663","182","11993083","11994663","1580"
"SL2.50ch00:11993108-11994595","182","11993108","11994595","1487"
"SL2.50ch00:11996161-11996887","76","11996161","11996887","726"
"SL2.50ch00:11996165-11996956","76","11996165","11996956","791"
"SL2.50ch00:12005346-12016200","4878","12005346","12016200","10854"
"SL2.50ch00:12006247-12016261","4873","12006247","12016261","10014"
"SL2.50ch00:12039409-12041187","33","12039409","12041187","1778"
"SL2.50ch00:12088095-12089625","49","12088095","12089625","1530"
"SL2.50ch00:12090869-12091736","32","12090869","12091736","867"
"SL2.50ch00:12128069-12129195","23","12128069","12129195","1126"
"SL2.50ch00:12128080-12154019","6432","12128080","12154019","25939"
"SL2.50ch00:12129811-12133841","237","12129811","12133841","4030"
"SL2.50ch00:12135070-12154020","6142","12135070","12154020","18950"
"SL2.50ch00:12211658-12219923","279","12211658","12219923","8265"
"SL2.50ch00:12212183-12219705","276","12212183","12219705","7522"
"SL2.50ch00:12266042-12266373","0","12266042","12266373","331"
"SL2.50ch00:12266855-12282012","5282","12266855","12282012","15157"
"SL2.50ch00:12266900-12282088","5282","12266900","12282088","15188"
"SL2.50ch00:12300631-12302445","53","12300631","12302445","1814"
"SL2.50ch00:12301258-12302308","32","12301258","12302308","1050"
"SL2.50ch00:12312511-12319827","211","12312511","12319827","7316"
"SL2.50ch00:12322626-12323776","27","12322626","12323776","1150"
"SL2.50ch00:12327818-12328740","20","12327818","12328740","922"
"SL2.50ch00:12339756-12340219","10","12339756","12340219","463"
"SL2.50ch00:12348859-12349873","48","12348859","12349873","1014"
"SL2.50ch00:12348900-12349859","48","12348900","12349859","959"
"SL2.50ch00:12492800-12501089","288","12492800","12501089","8289"
"SL2.50ch00:12492909-12499238","235","12492909","12499238","6329"
"SL2.50ch00:12499680-12501104","51","12499680","12501104","1424"
"SL2.50ch00:12504572-12506066","23","12504572","12506066","1494"
"SL2.50ch00:12561321-12561702","6","12561321","12561702","381"
"SL2.50ch00:12570057-12572446","87","12570057","12572446","2389"
"SL2.50ch00:12643039-12645240","72","12643039","12645240","2201"
"SL2.50ch00:12646321-12647655","33","12646321","12647655","1334"
"SL2.50ch00:12648597-12648928","4","12648597","12648928","331"
"SL2.50ch00:12669261-12669592","4","12669261","12669592","331"
"SL2.50ch00:12704257-12704588","2","12704257","12704588","331"
"SL2.50ch00:12754371-12754752","10","12754371","12754752","381"
"SL2.50ch00:12756548-12757566","83","12756548","12757566","1018"
"SL2.50ch00:12756562-12757520","83","12756562","12757520","958"
"SL2.50ch00:12758317-12760221","149","12758317","12760221","1904"
"SL2.50ch00:12758322-12760244","149","12758322","12760244","1922"
"SL2.50ch00:12772555-12778363","220","12772555","12778363","5808"
"SL2.50ch00:12783643-12784259","17","12783643","12784259","616"
"SL2.50ch00:12885083-12890446","107","12885083","12890446","5363"
"SL2.50ch00:12935953-12936381","6","12935953","12936381","428"
"SL2.50ch00:12942422-12943337","27","12942422","12943337","915"
"SL2.50ch00:12944934-12947743","97","12944934","12947743","2809"
"SL2.50ch00:12953378-12958577","1252","12953378","12958577","5199"
"SL2.50ch00:12953577-12958707","1251","12953577","12958707","5130"
"SL2.50ch00:13043047-13043844","24","13043047","13043844","797"
"SL2.50ch00:13052241-13053765","34","13052241","13053765","1524"
"SL2.50ch00:13173913-13179168","248","13173913","13179168","5255"
"SL2.50ch00:13173921-13179092","248","13173921","13179092","5171"
"SL2.50ch00:13301729-13302241","72","13301729","13302241","512"
"SL2.50ch00:13301742-13302823","82","13301742","13302823","1081"
"SL2.50ch00:13305980-13306972","36","13305980","13306972","992"
"SL2.50ch00:13361691-13362228","18","13361691","13362228","537"
"SL2.50ch00:13374943-13375813","144","13374943","13375813","870"
"SL2.50ch00:13374976-13375803","144","13374976","13375803","827"
"SL2.50ch00:13379479-13380282","362","13379479","13380282","803"
"SL2.50ch00:13379519-13380293","362","13379519","13380293","774"
"SL2.50ch00:13386663-13388093","43","13386663","13388093","1430"
"SL2.50ch00:13386717-13388034","43","13386717","13388034","1317"
"SL2.50ch00:13458176-13459472","18","13458176","13459472","1296"
"SL2.50ch00:13460498-13460879","11","13460498","13460879","381"
"SL2.50ch00:13493342-13494542","32","13493342","13494542","1200"
"SL2.50ch00:13493457-13494539","32","13493457","13494539","1082"
"SL2.50ch00:13496769-13498228","73","13496769","13498228","1459"
"SL2.50ch00:13496785-13498305","73","13496785","13498305","1520"
"SL2.50ch00:13503356-13507621","699","13503356","13507621","4265"
"SL2.50ch00:13503403-13508200","703","13503403","13508200","4797"
"SL2.50ch00:13568829-13570343","19","13568829","13570343","1514"
"SL2.50ch00:13572199-13572797","13","13572199","13572797","598"
"SL2.50ch00:13602752-13608403","1378","13602752","13608403","5651"
"SL2.50ch00:13603461-13608253","1375","13603461","13608253","4792"
"SL2.50ch00:13633641-13634122","4","13633641","13634122","481"
"SL2.50ch00:13689157-13689857","22","13689157","13689857","700"
"SL2.50ch00:13689180-13689957","22","13689180","13689957","777"
"SL2.50ch00:13690408-13691287","27","13690408","13691287","879"
"SL2.50ch00:13690425-13691314","28","13690425","13691314","889"
"SL2.50ch00:13764589-13769479","1349","13764589","13769479","4890"
"SL2.50ch00:13764737-13769414","1349","13764737","13769414","4677"
"SL2.50ch00:13854221-13854967","5","13854221","13854967","746"
"SL2.50ch00:14017873-14019202","38","14017873","14019202","1329"
"SL2.50ch00:14038179-14039142","28","14038179","14039142","963"
"SL2.50ch00:14041264-14041595","14","14041264","14041595","331"
"SL2.50ch00:14094954-14095722","17","14094954","14095722","768"
"SL2.50ch00:14120430-14121460","69","14120430","14121460","1030"
"SL2.50ch00:14123191-14124822","76","14123191","14124822","1631"
"SL2.50ch00:14257985-14258578","16","14257985","14258578","593"
"SL2.50ch00:14287172-14287849","34","14287172","14287849","677"
"SL2.50ch00:14287293-14287697","28","14287293","14287697","404"
"SL2.50ch00:14290585-14291568","86","14290585","14291568","983"
"SL2.50ch00:14290663-14291631","86","14290663","14291631","968"
"SL2.50ch00:14296307-14297182","12","14296307","14297182","875"
"SL2.50ch00:14297986-14300488","53","14297986","14300488","2502"
"SL2.50ch00:14314049-14314915","11","14314049","14314915","866"
"SL2.50ch00:14317136-14318077","28","14317136","14318077","941"
"SL2.50ch00:14349829-14350343","5","14349829","14350343","514"
"SL2.50ch00:14351727-14353626","26","14351727","14353626","1899"
"SL2.50ch00:14409749-14411023","39","14409749","14411023","1274"
"SL2.50ch00:14437478-14441688","254","14437478","14441688","4210"
"SL2.50ch00:14437498-14441691","254","14437498","14441691","4193"
"SL2.50ch00:14505476-14506375","23","14505476","14506375","899"
"SL2.50ch00:14507677-14509080","93","14507677","14509080","1403"
"SL2.50ch00:14510949-14511428","26","14510949","14511428","479"
"SL2.50ch00:14514523-14515709","18","14514523","14515709","1186"
"SL2.50ch00:14520219-14524162","88","14520219","14524162","3943"
"SL2.50ch00:14545972-14550325","2337","14545972","14550325","4353"
"SL2.50ch00:14545992-14550404","2337","14545992","14550404","4412"
"SL2.50ch00:14561598-14562390","12","14561598","14562390","792"
"SL2.50ch00:14572010-14572963","28","14572010","14572963","953"
"SL2.50ch00:14575166-14576019","27","14575166","14576019","853"
"SL2.50ch00:14645339-14645670","14","14645339","14645670","331"
"SL2.50ch00:14653788-14654316","24","14653788","14654316","528"
"SL2.50ch00:14665275-14665864","18","14665275","14665864","589"
"SL2.50ch00:14670395-14675844","931","14670395","14675844","5449"
"SL2.50ch00:14670525-14675767","931","14670525","14675767","5242"
"SL2.50ch00:14677135-14679038","229","14677135","14679038","1903"
"SL2.50ch00:14677163-14679046","230","14677163","14679046","1883"
"SL2.50ch00:14696340-14697784","45","14696340","14697784","1444"
"SL2.50ch00:14696486-14697741","41","14696486","14697741","1255"
"SL2.50ch00:14734757-14735547","21","14734757","14735547","790"
"SL2.50ch00:14735013-14735427","17","14735013","14735427","414"
"SL2.50ch00:14736771-14737175","4","14736771","14737175","404"
"SL2.50ch00:14764000-14767741","65","14764000","14767741","3741"
"SL2.50ch00:14793282-14793762","18","14793282","14793762","480"
"SL2.50ch00:14793283-14793806","20","14793283","14793806","523"
"SL2.50ch00:14796368-14797271","21","14796368","14797271","903"
"SL2.50ch00:14796377-14797277","21","14796377","14797277","900"
"SL2.50ch00:14801714-14802210","20","14801714","14802210","496"
"SL2.50ch00:14801773-14802270","20","14801773","14802270","497"
"SL2.50ch00:14804058-14805706","169","14804058","14805706","1648"
"SL2.50ch00:14804095-14805725","169","14804095","14805725","1630"
"SL2.50ch00:14888134-14888815","17","14888134","14888815","681"
"SL2.50ch00:14959726-14961346","38","14959726","14961346","1620"
"SL2.50ch00:14962661-14963710","54","14962661","14963710","1049"
"SL2.50ch00:14962671-14963673","54","14962671","14963673","1002"
"SL2.50ch00:14992539-14993226","9","14992539","14993226","687"
"SL2.50ch00:14994776-14995888","23","14994776","14995888","1112"
"SL2.50ch00:14999669-15000581","43","14999669","15000581","912"
"SL2.50ch00:14999676-15000635","43","14999676","15000635","959"
"SL2.50ch00:15070998-15071624","9","15070998","15071624","626"
"SL2.50ch00:15134732-15135537","19","15134732","15135537","805"
"SL2.50ch00:15138691-15139738","39","15138691","15139738","1047"
"SL2.50ch00:15138813-15139728","39","15138813","15139728","915"
"SL2.50ch00:15142980-15144082","33","15142980","15144082","1102"
"SL2.50ch00:15145088-15146391","50","15145088","15146391","1303"
"SL2.50ch00:15154016-15154525","20","15154016","15154525","509"
"SL2.50ch00:15154030-15154559","20","15154030","15154559","529"
"SL2.50ch00:15290029-15291592","32","15290029","15291592","1563"
"SL2.50ch00:15292792-15293760","27","15292792","15293760","968"
"SL2.50ch00:15313888-15314555","20","15313888","15314555","667"
"SL2.50ch00:15321388-15322417","68","15321388","15322417","1029"
"SL2.50ch00:15321397-15322420","68","15321397","15322420","1023"
"SL2.50ch00:15324297-15325292","58","15324297","15325292","995"
"SL2.50ch00:15324335-15325255","58","15324335","15325255","920"
"SL2.50ch00:15345063-15346309","21","15345063","15346309","1246"
"SL2.50ch00:15348034-15348911","62","15348034","15348911","877"
"SL2.50ch00:15348056-15348874","62","15348056","15348874","818"
"SL2.50ch00:15360713-15361740","33","15360713","15361740","1027"
"SL2.50ch00:15363024-15364385","35","15363024","15364385","1361"
"SL2.50ch00:15385981-15387196","26","15385981","15387196","1215"
"SL2.50ch00:15450246-15451248","14","15450246","15451248","1002"
"SL2.50ch00:15452864-15453865","26","15452864","15453865","1001"
"SL2.50ch00:15473445-15477143","213","15473445","15477143","3698"
"SL2.50ch00:15473462-15477114","213","15473462","15477114","3652"
"SL2.50ch00:15534748-15536183","311","15534748","15536183","1435"
"SL2.50ch00:15534758-15536224","310","15534758","15536224","1466"
"SL2.50ch00:15538081-15542520","1552","15538081","15542520","4439"
"SL2.50ch00:15538103-15542548","1552","15538103","15542548","4445"
"SL2.50ch00:15578074-15578388","4","15578074","15578388","314"
"SL2.50ch00:15813952-15814601","43","15813952","15814601","649"
"SL2.50ch00:15813970-15814627","43","15813970","15814627","657"
"SL2.50ch00:15816234-15816914","4","15816234","15816914","680"
"SL2.50ch00:15864653-15865067","5","15864653","15865067","414"
"SL2.50ch00:15877075-15880575","186","15877075","15880575","3500"
"SL2.50ch00:15885500-15887828","43","15885500","15887828","2328"
"SL2.50ch00:15902875-15903796","26","15902875","15903796","921"
"SL2.50ch00:15903091-15903778","20","15903091","15903778","687"
"SL2.50ch00:15905698-15906355","13","15905698","15906355","657"
"SL2.50ch00:15905708-15906356","13","15905708","15906356","648"
"SL2.50ch00:15918006-15920903","41","15918006","15920903","2897"
"SL2.50ch00:15961412-15961891","23","15961412","15961891","479"
"SL2.50ch00:15964571-15964902","19","15964571","15964902","331"
"SL2.50ch00:15997706-16001208","110","15997706","16001208","3502"
"SL2.50ch00:15997711-16001117","110","15997711","16001117","3406"
"SL2.50ch00:16026769-16030121","151","16026769","16030121","3352"
"SL2.50ch00:16026779-16030092","151","16026779","16030092","3313"
"SL2.50ch00:16051830-16055470","1232","16051830","16055470","3640"
"SL2.50ch00:16051969-16055507","1232","16051969","16055507","3538"
"SL2.50ch00:16145943-16146508","15","16145943","16146508","565"
"SL2.50ch00:16180734-16184190","1251","16180734","16184190","3456"
"SL2.50ch00:16180765-16184240","1251","16180765","16184240","3475"
"SL2.50ch00:16194906-16198191","85","16194906","16198191","3285"
"SL2.50ch00:16195205-16198127","76","16195205","16198127","2922"
"SL2.50ch00:16210756-16211485","30","16210756","16211485","729"
"SL2.50ch00:16246756-16247263","18","16246756","16247263","507"
"SL2.50ch00:16246838-16247326","18","16246838","16247326","488"
"SL2.50ch00:16278313-16278791","6","16278313","16278791","478"
"SL2.50ch00:16310917-16312270","81","16310917","16312270","1353"
"SL2.50ch00:16310949-16312354","81","16310949","16312354","1405"
"SL2.50ch00:16313964-16314440","33","16313964","16314440","476"
"SL2.50ch00:16384298-16387525","108","16384298","16387525","3227"
"SL2.50ch00:16388450-16388781","4","16388450","16388781","331"
"SL2.50ch00:16397955-16401517","1085","16397955","16401517","3562"
"SL2.50ch00:16397999-16401447","1084","16397999","16401447","3448"
"SL2.50ch00:16430804-16431135","4","16430804","16431135","331"
"SL2.50ch00:16531969-16535132","56","16531969","16535132","3163"
"SL2.50ch00:16532007-16533836","35","16532007","16533836","1829"
"SL2.50ch00:16548945-16549634","21","16548945","16549634","689"
"SL2.50ch00:16548956-16549611","21","16548956","16549611","655"
"SL2.50ch00:16562494-16565702","152","16562494","16565702","3208"
"SL2.50ch00:16562500-16565709","152","16562500","16565709","3209"
"SL2.50ch00:16636841-16639820","476","16636841","16639820","2979"
"SL2.50ch00:16636881-16639873","476","16636881","16639873","2992"
"SL2.50ch00:16661165-16666646","146","16661165","16666646","5481"
"SL2.50ch00:16663475-16666668","108","16663475","16666668","3193"
"SL2.50ch00:16797253-16797657","3","16797253","16797657","404"
"SL2.50ch00:16878589-16880003","35","16878589","16880003","1414"
"SL2.50ch00:16879504-16880165","26","16879504","16880165","661"
"SL2.50ch00:16901279-16904607","261","16901279","16904607","3328"
"SL2.50ch00:16950216-16951189","68","16950216","16951189","973"
"SL2.50ch00:16950256-16951168","68","16950256","16951168","912"
"SL2.50ch00:16952569-16953405","55","16952569","16953405","836"
"SL2.50ch00:16952609-16953413","55","16952609","16953413","804"
"SL2.50ch00:16963074-16963968","125","16963074","16963968","894"
"SL2.50ch00:16963082-16963996","125","16963082","16963996","914"
"SL2.50ch00:16965766-16966448","57","16965766","16966448","682"
"SL2.50ch00:16965791-16966390","56","16965791","16966390","599"
"SL2.50ch00:17011668-17014680","126","17011668","17014680","3012"
"SL2.50ch00:17108480-17109201","15","17108480","17109201","721"
"SL2.50ch00:17155544-17158777","1129","17155544","17158777","3233"
"SL2.50ch00:17155546-17158805","1130","17155546","17158805","3259"
"SL2.50ch00:17182659-17183378","28","17182659","17183378","719"
"SL2.50ch00:17231558-17234427","84","17231558","17234427","2869"
"SL2.50ch00:17297364-17300415","105","17297364","17300415","3051"
"SL2.50ch00:17347283-17350087","120","17347283","17350087","2804"
"SL2.50ch00:17347292-17350171","120","17347292","17350171","2879"
"SL2.50ch00:17458434-17461318","145","17458434","17461318","2884"
"SL2.50ch00:17458495-17461319","145","17458495","17461319","2824"
"SL2.50ch00:17522874-17525226","349","17522874","17525226","2352"
"SL2.50ch00:17522889-17525278","349","17522889","17525278","2389"
"SL2.50ch00:17606813-17607227","19","17606813","17607227","414"
"SL2.50ch00:17634547-17637649","349","17634547","17637649","3102"
"SL2.50ch00:17634761-17637622","348","17634761","17637622","2861"
"SL2.50ch00:17652875-17654256","28","17652875","17654256","1381"
"SL2.50ch00:17662605-17663003","6","17662605","17663003","398"
"SL2.50ch00:17769432-17772007","98","17769432","17772007","2575"
"SL2.50ch00:17836018-17836532","11","17836018","17836532","514"
"SL2.50ch00:17840077-17843083","1043","17840077","17843083","3006"
"SL2.50ch00:17840196-17843104","1043","17840196","17843104","2908"
"SL2.50ch00:17892171-17892552","9","17892171","17892552","381"
"SL2.50ch00:18009672-18010223","21","18009672","18010223","551"
"SL2.50ch00:18038938-18041196","60","18038938","18041196","2258"
"SL2.50ch00:18049283-18053552","187","18049283","18053552","4269"
"SL2.50ch00:18049355-18052967","179","18049355","18052967","3612"
"SL2.50ch00:18116598-18122150","218","18116598","18122150","5552"
"SL2.50ch00:18116660-18121783","213","18116660","18121783","5123"
"SL2.50ch00:18137599-18137930","10","18137599","18137930","331"
"SL2.50ch00:18176835-18178099","52","18176835","18178099","1264"
"SL2.50ch00:18176848-18178416","52","18176848","18178416","1568"
"SL2.50ch00:18179054-18179487","7","18179054","18179487","433"
"SL2.50ch00:18179162-18179493","6","18179162","18179493","331"
"SL2.50ch00:18194215-18194596","7","18194215","18194596","381"
"SL2.50ch00:18228174-18230796","84","18228174","18230796","2622"
"SL2.50ch00:18228184-18230875","84","18228184","18230875","2691"
"SL2.50ch00:18254279-18256460","50","18254279","18256460","2181"
"SL2.50ch00:18315775-18318681","452","18315775","18318681","2906"
"SL2.50ch00:18315870-18318744","452","18315870","18318744","2874"
"SL2.50ch00:18352333-18355283","1350","18352333","18355283","2950"
"SL2.50ch00:18352416-18355347","1350","18352416","18355347","2931"
"SL2.50ch00:18428537-18429641","37","18428537","18429641","1104"
"SL2.50ch00:18432632-18433517","28","18432632","18433517","885"
"SL2.50ch00:18432804-18433385","24","18432804","18433385","581"
"SL2.50ch00:18490010-18491237","44","18490010","18491237","1227"
"SL2.50ch00:18490245-18490886","41","18490245","18490886","641"
"SL2.50ch00:18581649-18582348","19","18581649","18582348","699"
"SL2.50ch00:18649134-18651349","51","18649134","18651349","2215"
"SL2.50ch00:18649169-18651636","53","18649169","18651636","2467"
"SL2.50ch00:18776737-18779461","220","18776737","18779461","2724"
"SL2.50ch00:18776875-18779471","220","18776875","18779471","2596"
"SL2.50ch00:1885338-1885820","8","1885338","1885820","482"
"SL2.50ch00:18865856-18866709","17","18865856","18866709","853"
"SL2.50ch00:18867677-18868170","6","18867677","18868170","493"
"SL2.50ch00:18909157-18910829","31","18909157","18910829","1672"
"SL2.50ch00:18980667-18983048","63","18980667","18983048","2381"
"SL2.50ch00:19091691-19094230","189","19091691","19094230","2539"
"SL2.50ch00:19091698-19094232","189","19091698","19094232","2534"
"SL2.50ch00:19120501-19123287","761","19120501","19123287","2786"
"SL2.50ch00:19120525-19123230","761","19120525","19123230","2705"
"SL2.50ch00:19131608-19132209","23","19131608","19132209","601"
"SL2.50ch00:19131950-19132504","12","19131950","19132504","554"
"SL2.50ch00:19180932-19181473","13","19180932","19181473","541"
"SL2.50ch00:19308067-19310382","104","19308067","19310382","2315"
"SL2.50ch00:19308098-19310458","104","19308098","19310458","2360"
"SL2.50ch00:19322220-19323243","24","19322220","19323243","1023"
"SL2.50ch00:19374874-19377192","80","19374874","19377192","2318"
"SL2.50ch00:19408079-19410522","143","19408079","19410522","2443"
"SL2.50ch00:19408101-19410482","143","19408101","19410482","2381"
"SL2.50ch00:19415713-19418074","47","19415713","19418074","2361"
"SL2.50ch00:19429051-19429382","10","19429051","19429382","331"
"SL2.50ch00:19514497-19514901","4","19514497","19514901","404"
"SL2.50ch00:19613113-19615861","2023","19613113","19615861","2748"
"SL2.50ch00:19613115-19615800","2023","19613115","19615800","2685"
"SL2.50ch00:19656469-19656850","95","19656469","19656850","381"
"SL2.50ch00:19703281-19705830","352","19703281","19705830","2549"
"SL2.50ch00:19703414-19705826","352","19703414","19705826","2412"
"SL2.50ch00:19810183-19812494","166","19810183","19812494","2311"
"SL2.50ch00:19810216-19812455","166","19810216","19812455","2239"
"SL2.50ch00:19862417-19862961","9","19862417","19862961","544"
"SL2.50ch00:19863641-19864151","14","19863641","19864151","510"
"SL2.50ch00:19880094-19880475","6","19880094","19880475","381"
"SL2.50ch00:19915935-19918331","658","19915935","19918331","2396"
"SL2.50ch00:19916106-19918382","658","19916106","19918382","2276"
"SL2.50ch00:19964863-19967219","307","19964863","19967219","2356"
"SL2.50ch00:19964870-19967190","307","19964870","19967190","2320"
"SL2.50ch00:19980221-19981086","14","19980221","19981086","865"
"SL2.50ch00:19987617-19988611","25","19987617","19988611","994"
"SL2.50ch00:19987645-19989080","33","19987645","19989080","1435"
"SL2.50ch00:20025783-20028020","79","20025783","20028020","2237"
"SL2.50ch00:20087225-20087703","5","20087225","20087703","478"
"SL2.50ch00:20105564-20107750","51","20105564","20107750","2186"
"SL2.50ch00:20105628-20107558","50","20105628","20107558","1930"
"SL2.50ch00:20160648-20163226","475","20160648","20163226","2578"
"SL2.50ch00:20160692-20163201","474","20160692","20163201","2509"
"SL2.50ch00:20173631-20174283","18","20173631","20174283","652"
"SL2.50ch00:20292068-20292865","45","20292068","20292865","797"
"SL2.50ch00:20292093-20292795","40","20292093","20292795","702"
"SL2.50ch00:20365240-20366583","33","20365240","20366583","1343"
"SL2.50ch00:20415234-20416037","8","20415234","20416037","803"
"SL2.50ch00:20417264-20417769","9","20417264","20417769","505"
"SL2.50ch00:20426195-20428426","52","20426195","20428426","2231"
"SL2.50ch00:20470636-20471139","9","20470636","20471139","503"
"SL2.50ch00:20491758-20492380","44","20491758","20492380","622"
"SL2.50ch00:20492857-20493771","72","20492857","20493771","914"
"SL2.50ch00:20530312-20530643","10","20530312","20530643","331"
"SL2.50ch00:20605664-20606045","6","20605664","20606045","381"
"SL2.50ch00:20710222-20711351","37","20710222","20711351","1129"
"SL2.50ch00:20749078-20749459","86","20749078","20749459","381"
"SL2.50ch00:20749085-20749595","86","20749085","20749595","510"
"SL2.50ch00:20777915-20780000","81","20777915","20780000","2085"
"SL2.50ch00:20784793-20785193","2","20784793","20785193","400"
"SL2.50ch00:20830070-20830987","69","20830070","20830987","917"
"SL2.50ch00:20830166-20830861","63","20830166","20830861","695"
"SL2.50ch00:20831358-20832314","90","20831358","20832314","956"
"SL2.50ch00:20831457-20832301","88","20831457","20832301","844"
"SL2.50ch00:20864257-20866167","23","20864257","20866167","1910"
"SL2.50ch00:20878069-20879473","31","20878069","20879473","1404"
"SL2.50ch00:20882006-20884381","345","20882006","20884381","2375"
"SL2.50ch00:20882048-20884353","345","20882048","20884353","2305"
"SL2.50ch00:20907004-20907534","13","20907004","20907534","530"
"SL2.50ch00:20907083-20907697","13","20907083","20907697","614"
"SL2.50ch00:21044568-21045013","5","21044568","21045013","445"
"SL2.50ch00:21068476-21068953","7","21068476","21068953","477"
"SL2.50ch00:21113313-21114882","48","21113313","21114882","1569"
"SL2.50ch00:21116064-21116378","3","21116064","21116378","314"
"SL2.50ch00:21116185-21116516","3","21116185","21116516","331"
"SL2.50ch00:21135846-21136930","14","21135846","21136930","1084"
"SL2.50ch00:21146210-21148266","301","21146210","21148266","2056"
"SL2.50ch00:21146244-21148246","299","21146244","21148246","2002"
"SL2.50ch00:2114752-2115336","12","2114752","2115336","584"
"SL2.50ch00:21174982-21176828","46","21174982","21176828","1846"
"SL2.50ch00:21188120-21188524","13","21188120","21188524","404"
"SL2.50ch00:21199080-21203445","158","21199080","21203445","4365"
"SL2.50ch00:21199212-21203412","158","21199212","21203412","4200"
"SL2.50ch00:21261347-21262919","37","21261347","21262919","1572"
"SL2.50ch00:21271917-21273901","75","21271917","21273901","1984"
"SL2.50ch00:21287693-21289149","28","21287693","21289149","1456"
"SL2.50ch00:2128936-2129666","16","2128936","2129666","730"
"SL2.50ch00:21301637-21302041","8","21301637","21302041","404"
"SL2.50ch00:21320571-21320984","9","21320571","21320984","413"
"SL2.50ch00:21346162-21348020","23","21346162","21348020","1858"
"SL2.50ch00:21458967-21459934","89","21458967","21459934","967"
"SL2.50ch00:21458976-21460861","114","21458976","21460861","1885"
"SL2.50ch00:21460278-21460885","24","21460278","21460885","607"
"SL2.50ch00:21472624-21473911","53","21472624","21473911","1287"
"SL2.50ch00:2151051-2151649","40","2151051","2151649","598"
"SL2.50ch00:2152502-2153479","26","2152502","2153479","977"
"SL2.50ch00:21534232-21536466","584","21534232","21536466","2234"
"SL2.50ch00:21534374-21536490","584","21534374","21536490","2116"
"SL2.50ch00:21544960-21546933","122","21544960","21546933","1973"
"SL2.50ch00:21545013-21546964","122","21545013","21546964","1951"
"SL2.50ch00:21609090-21609930","149","21609090","21609930","840"
"SL2.50ch00:21609101-21610027","149","21609101","21610027","926"
"SL2.50ch00:21610769-21611150","14","21610769","21611150","381"
"SL2.50ch00:21610784-21611216","14","21610784","21611216","432"
"SL2.50ch00:2165685-2166066","11","2165685","2166066","381"
"SL2.50ch00:21691996-21694217","743","21691996","21694217","2221"
"SL2.50ch00:21692076-21694771","743","21692076","21694771","2695"
"SL2.50ch00:21702960-21704560","43","21702960","21704560","1600"
"SL2.50ch00:21723887-21725208","21","21723887","21725208","1321"
"SL2.50ch00:21747062-21748950","51","21747062","21748950","1888"
"SL2.50ch00:21751304-21752003","7","21751304","21752003","699"
"SL2.50ch00:21763937-21765897","72","21763937","21765897","1960"
"SL2.50ch00:21763942-21765934","72","21763942","21765934","1992"
"SL2.50ch00:21774466-21776406","47","21774466","21776406","1940"
"SL2.50ch00:2348479-2348971","8","2348479","2348971","492"
"SL2.50ch00:3299013-3299394","6","3299013","3299394","381"
"SL2.50ch00:4061651-4061982","8","4061651","4061982","331"
"SL2.50ch00:4157750-4160909","779","4157750","4160909","3159"
"SL2.50ch00:4157756-4160945","779","4157756","4160945","3189"
"SL2.50ch00:4161615-4164606","261","4161615","4164606","2991"
"SL2.50ch00:4161618-4164579","261","4161618","4164579","2961"
"SL2.50ch00:4167859-4177035","738","4167859","4177035","9176"
"SL2.50ch00:4167874-4177035","738","4167874","4177035","9161"
"SL2.50ch00:4276842-4277455","110","4276842","4277455","613"
"SL2.50ch00:4276842-4277479","110","4276842","4277479","637"
"SL2.50ch00:5616640-5620363","86","5616640","5620363","3723"
"SL2.50ch00:5633474-5633958","12","5633474","5633958","484"
"SL2.50ch00:5640469-5640850","8","5640469","5640850","381"
"SL2.50ch00:5642602-5643172","22","5642602","5643172","570"
"SL2.50ch00:5650451-5651372","33","5650451","5651372","921"
"SL2.50ch00:5663075-5664604","27","5663075","5664604","1529"
"SL2.50ch00:5670366-5671502","40","5670366","5671502","1136"
"SL2.50ch00:5678648-5680437","33","5678648","5680437","1789"
"SL2.50ch00:6997912-6998316","5","6997912","6998316","404"
"SL2.50ch00:7045751-7046155","3","7045751","7046155","404"
"SL2.50ch00:7101268-7101772","16","7101268","7101772","504"
"SL2.50ch00:7103674-7104919","24","7103674","7104919","1245"
"SL2.50ch00:7117855-7118835","22","7117855","7118835","980"
"SL2.50ch00:7128074-7128405","18","7128074","7128405","331"
"SL2.50ch00:7357050-7357431","11","7357050","7357431","381"
"SL2.50ch00:7367846-7369725","112","7367846","7369725","1879"
"SL2.50ch00:7367871-7369670","112","7367871","7369670","1799"
"SL2.50ch00:7371642-7372531","55","7371642","7372531","889"
"SL2.50ch00:7371688-7372642","55","7371688","7372642","954"
"SL2.50ch00:7383910-7384751","24","7383910","7384751","841"
"SL2.50ch00:7385175-7385556","11","7385175","7385556","381"
"SL2.50ch00:7398004-7398335","17","7398004","7398335","331"
"SL2.50ch00:7409757-7410235","10","7409757","7410235","478"
"SL2.50ch00:7411313-7411841","8","7411313","7411841","528"
"SL2.50ch00:7416677-7433620","903","7416677","7433620","16943"
"SL2.50ch00:7439180-7440063","28","7439180","7440063","883"
"SL2.50ch00:7444731-7446486","27","7444731","7446486","1755"
"SL2.50ch00:7447128-7447722","17","7447128","7447722","594"
"SL2.50ch00:7450990-7452233","51","7450990","7452233","1243"
"SL2.50ch00:7471662-7472874","30","7471662","7472874","1212"
"SL2.50ch00:7473607-7476274","83","7473607","7476274","2667"
"SL2.50ch00:7480796-7482370","24","7480796","7482370","1574"
"SL2.50ch00:7483299-7486491","67","7483299","7486491","3192"
"SL2.50ch00:7489225-7489606","4","7489225","7489606","381"
"SL2.50ch00:7493647-7496794","73","7493647","7496794","3147"
"SL2.50ch00:7497691-7505701","207","7497691","7505701","8010"
"SL2.50ch00:7548540-7549016","3","7548540","7549016","476"
"SL2.50ch00:7579535-7579916","45","7579535","7579916","381"
"SL2.50ch00:7579537-7579941","45","7579537","7579941","404"
"SL2.50ch00:7656812-7660521","64","7656812","7660521","3709"
"SL2.50ch00:7661257-7666762","105","7661257","7666762","5505"
"SL2.50ch00:7671945-7672276","4","7671945","7672276","331"
"SL2.50ch00:7691363-7691814","5","7691363","7691814","451"
"SL2.50ch00:7721224-7722043","17","7721224","7722043","819"
"SL2.50ch00:7753861-7754192","2","7753861","7754192","331"
"SL2.50ch00:7759814-7760675","12","7759814","7760675","861"
"SL2.50ch00:7782569-7782900","6","7782569","7782900","331"
"SL2.50ch00:7785175-7785556","8","7785175","7785556","381"
"SL2.50ch00:7791369-7791750","8","7791369","7791750","381"
"SL2.50ch00:7799427-7805883","281","7799427","7805883","6456"
"SL2.50ch00:7806307-7806912","33","7806307","7806912","605"
"SL2.50ch00:7806334-7806780","33","7806334","7806780","446"
"SL2.50ch00:7809352-7810164","20","7809352","7810164","812"
"SL2.50ch00:7814409-7815341","27","7814409","7815341","932"
"SL2.50ch00:7818026-7820661","103","7818026","7820661","2635"
"SL2.50ch00:7828659-7840838","345","7828659","7840838","12179"
"SL2.50ch00:7844700-7847495","76","7844700","7847495","2795"
"SL2.50ch00:7851343-7857107","176","7851343","7857107","5764"
"SL2.50ch00:7861042-7865109","87","7861042","7865109","4067"
"SL2.50ch00:7865595-7869991","127","7865595","7869991","4396"
"SL2.50ch00:7874473-7875566","23","7874473","7875566","1093"
"SL2.50ch00:7894339-7894918","8","7894339","7894918","579"
"SL2.50ch00:7908152-7909933","54","7908152","7909933","1781"
"SL2.50ch00:7920594-7921036","11","7920594","7921036","442"
"SL2.50ch00:7929686-7930805","35","7929686","7930805","1119"
"SL2.50ch00:7932993-7933496","15","7932993","7933496","503"
"SL2.50ch00:7955702-7956245","15","7955702","7956245","543"
"SL2.50ch00:7981894-7984640","86","7981894","7984640","2746"
"SL2.50ch00:7992280-7995772","156","7992280","7995772","3492"
"SL2.50ch00:7997050-7999590","110","7997050","7999590","2540"
"SL2.50ch00:8003805-8008288","105","8003805","8008288","4483"
"SL2.50ch00:8211969-8213519","52","8211969","8213519","1550"
"SL2.50ch00:8215981-8216312","21","8215981","8216312","331"
"SL2.50ch00:8220236-8221108","17","8220236","8221108","872"
"SL2.50ch00:8226836-8227347","13","8226836","8227347","511"
"SL2.50ch00:8239260-8240239","47","8239260","8240239","979"
"SL2.50ch00:8239286-8240213","47","8239286","8240213","927"
"SL2.50ch00:8248127-8248821","23","8248127","8248821","694"
"SL2.50ch00:8261022-8261479","19","8261022","8261479","457"
"SL2.50ch00:8272962-8273984","24","8272962","8273984","1022"
"SL2.50ch00:8274420-8274933","21","8274420","8274933","513"
"SL2.50ch00:8278002-8278581","26","8278002","8278581","579"
"SL2.50ch00:8289099-8290072","18","8289099","8290072","973"
"SL2.50ch00:8290565-8291088","12","8290565","8291088","523"
"SL2.50ch00:8308289-8309515","54","8308289","8309515","1226"
"SL2.50ch00:8316667-8317356","25","8316667","8317356","689"
"SL2.50ch00:8317943-8318944","25","8317943","8318944","1001"
"SL2.50ch00:8337579-8338281","25","8337579","8338281","702"
"SL2.50ch00:8352245-8353277","210","8352245","8353277","1032"
"SL2.50ch00:8364154-8364535","15","8364154","8364535","381"
"SL2.50ch00:8365619-8366000","13","8365619","8366000","381"
"SL2.50ch00:8373129-8374954","57","8373129","8374954","1825"
"SL2.50ch00:8390588-8391066","19","8390588","8391066","478"
"SL2.50ch00:8394886-8395764","18","8394886","8395764","878"
"SL2.50ch00:8397257-8398381","31","8397257","8398381","1124"
"SL2.50ch00:8404870-8407969","41","8404870","8407969","3099"
"SL2.50ch00:8408883-8412450","111","8408883","8412450","3567"
"SL2.50ch00:8594461-8594943","24","8594461","8594943","482"
"SL2.50ch00:8609823-8611996","84","8609823","8611996","2173"
"SL2.50ch00:8613794-8619779","180","8613794","8619779","5985"
"SL2.50ch00:8620573-8625297","180","8620573","8625297","4724"
"SL2.50ch00:8634190-8643955","332","8634190","8643955","9765"
"SL2.50ch00:8665372-8665998","17","8665372","8665998","626"
"SL2.50ch00:8693413-8694710","26","8693413","8694710","1297"
"SL2.50ch00:8718576-8718907","6","8718576","8718907","331"
"SL2.50ch00:8733703-8734280","34","8733703","8734280","577"
"SL2.50ch00:8733739-8734376","35","8733739","8734376","637"
"SL2.50ch00:8949323-8950643","80","8949323","8950643","1320"
"SL2.50ch00:8951629-8952554","45","8951629","8952554","925"
"SL2.50ch00:8956889-8957937","34","8956889","8957937","1048"
"SL2.50ch00:8959158-8961918","104","8959158","8961918","2760"
"SL2.50ch00:8964673-8967254","59","8964673","8967254","2581"
"SL2.50ch00:8968434-8969133","11","8968434","8969133","699"
"SL2.50ch00:8976463-8979122","175","8976463","8979122","2659"
"SL2.50ch00:8976500-8979074","175","8976500","8979074","2574"
"SL2.50ch00:8985607-8990373","179","8985607","8990373","4766"
"SL2.50ch00:8991170-8996945","161","8991170","8996945","5775"
"SL2.50ch00:9002719-9008080","130","9002719","9008080","5361"
"SL2.50ch00:9015043-9015861","45","9015043","9015861","818"
"SL2.50ch00:9017163-9020271","113","9017163","9020271","3108"
"SL2.50ch00:9030190-9032107","91","9030190","9032107","1917"
"SL2.50ch00:9032873-9033452","14","9032873","9033452","579"
"SL2.50ch00:9039135-9039732","12","9039135","9039732","597"
"SL2.50ch00:9046200-9047902","104","9046200","9047902","1702"
"SL2.50ch00:9046202-9047927","104","9046202","9047927","1725"
"SL2.50ch00:9049667-9051611","110","9049667","9051611","1944"
"SL2.50ch00:9049687-9051617","110","9049687","9051617","1930"
"SL2.50ch00:9055419-9056439","44","9055419","9056439","1020"
"SL2.50ch00:9058057-9062380","301","9058057","9062380","4323"
"SL2.50ch00:9058130-9062366","301","9058130","9062366","4236"
"SL2.50ch00:9068652-9071643","162","9068652","9071643","2991"
"SL2.50ch00:9068669-9071580","162","9068669","9071580","2911"
"SL2.50ch00:9078238-9081468","112","9078238","9081468","3230"
"SL2.50ch00:9090020-9091344","64","9090020","9091344","1324"
"SL2.50ch00:9090129-9091328","61","9090129","9091328","1199"
"SL2.50ch00:9096399-9098580","48","9096399","9098580","2181"
"SL2.50ch00:9098778-9101782","57","9098778","9101782","3004"
"SL2.50ch00:9123049-9123430","10","9123049","9123430","381"
"SL2.50ch00:9149049-9149380","16","9149049","9149380","331"
"SL2.50ch00:9239301-9242365","76","9239301","9242365","3064"
"SL2.50ch00:9254842-9256563","47","9254842","9256563","1721"
"SL2.50ch00:9255016-9256573","47","9255016","9256573","1557"
"SL2.50ch00:9258981-9260290","34","9258981","9260290","1309"
"SL2.50ch00:9261209-9262659","39","9261209","9262659","1450"
"SL2.50ch00:9271913-9272294","8","9271913","9272294","381"
"SL2.50ch00:9337679-9338502","11","9337679","9338502","823"
"SL2.50ch00:9342636-9343189","17","9342636","9343189","553"
"SL2.50ch00:9366793-9367269","15","9366793","9367269","476"
"SL2.50ch00:9368011-9368406","7","9368011","9368406","395"
"SL2.50ch00:9369290-9370561","22","9369290","9370561","1271"
"SL2.50ch00:9395581-9395962","9","9395581","9395962","381"
"SL2.50ch00:9405622-9406110","13","9405622","9406110","488"
"SL2.50ch00:9407427-9409207","43","9407427","9409207","1780"
"SL2.50ch00:9411353-9417249","129","9411353","9417249","5896"
"SL2.50ch00:9418329-9422868","128","9418329","9422868","4539"
"SL2.50ch00:9423650-9427773","139","9423650","9427773","4123"
"SL2.50ch00:9432373-9435895","76","9432373","9435895","3522"
"SL2.50ch00:9438461-9438842","10","9438461","9438842","381"
"SL2.50ch00:9450109-9458110","234","9450109","9458110","8001"
"SL2.50ch00:9459722-9461061","35","9459722","9461061","1339"
"SL2.50ch00:9469117-9469704","35","9469117","9469704","587"
"SL2.50ch00:9469184-9469660","31","9469184","9469660","476"
"SL2.50ch00:9472299-9474303","64","9472299","9474303","2004"
"SL2.50ch00:9478102-9485702","255","9478102","9485702","7600"
"SL2.50ch00:9499085-9500608","34","9499085","9500608","1523"
"SL2.50ch00:9526293-9526787","5","9526293","9526787","494"
"SL2.50ch00:9563167-9565730","43","9563167","9565730","2563"
"SL2.50ch00:9570000-9571436","44","9570000","9571436","1436"
"SL2.50ch00:9571925-9573357","18","9571925","9573357","1432"
"SL2.50ch00:9574017-9574759","20","9574017","9574759","742"
"SL2.50ch00:9588332-9589715","35","9588332","9589715","1383"
"SL2.50ch00:9599366-9599921","24","9599366","9599921","555"
"SL2.50ch00:9601085-9601527","12","9601085","9601527","442"
"SL2.50ch00:9610173-9610782","19","9610173","9610782","609"
"SL2.50ch00:9619051-9619527","13","9619051","9619527","476"
"SL2.50ch00:9621309-9625027","144","9621309","9625027","3718"
"SL2.50ch00:9626034-9626852","28","9626034","9626852","818"
"SL2.50ch00:9627319-9628335","55","9627319","9628335","1016"
"SL2.50ch00:9629895-9630299","21","9629895","9630299","404"
"SL2.50ch00:9629917-9630298","21","9629917","9630298","381"
"SL2.50ch00:9722309-9729289","289","9722309","9729289","6980"
"SL2.50ch00:9753122-9755092","44","9753122","9755092","1970"
"SL2.50ch00:9757260-9760710","116","9757260","9760710","3450"
"SL2.50ch00:9771534-9776201","188","9771534","9776201","4667"
"SL2.50ch00:9781941-9782556","31","9781941","9782556","615"
"SL2.50ch00:9784250-9784845","9","9784250","9784845","595"
"SL2.50ch00:9788325-9788922","34","9788325","9788922","597"
"SL2.50ch00:9790477-9791122","21","9790477","9791122","645"
"SL2.50ch00:9794415-9796017","220","9794415","9796017","1602"
"SL2.50ch00:9802137-9804804","76","9802137","9804804","2667"
"SL2.50ch00:9814132-9815563","16","9814132","9815563","1431"
"SL2.50ch00:9819957-9820446","22","9819957","9820446","489"
"SL2.50ch00:9834856-9836719","105","9834856","9836719","1863"
"SL2.50ch00:9834870-9836717","103","9834870","9836717","1847"
"SL2.50ch00:9837981-9839049","37","9837981","9839049","1068"
"SL2.50ch00:9855831-9856465","12","9855831","9856465","634"
"SL2.50ch00:9858531-9858862","6","9858531","9858862","331"
"SL2.50ch00:9862095-9862680","29","9862095","9862680","585"
"SL2.50ch00:9864934-9865951","22","9864934","9865951","1017"
"SL2.50ch00:9880761-9881168","14","9880761","9881168","407"
"SL2.50ch00:9954134-9960010","160","9954134","9960010","5876"
"SL2.50ch00:9963927-9971391","217","9963927","9971391","7464"
"SL2.50ch00:9972941-9982190","260","9972941","9982190","9249"
"SL2.50ch00:9983433-9987686","115","9983433","9987686","4253"
"SL2.50ch00:9990143-9993954","97","9990143","9993954","3811"
"SL2.50ch00:9998705-10002129","120","9998705","10002129","3424"
"SL2.50ch01:11458478-11458882","0","11458478","11458882","404"
"SL2.50ch01:1333605-1333936","14","1333605","1333936","331"
"SL2.50ch01:14955668-14956176","6","14955668","14956176","508"
"SL2.50ch01:15605509-15606315","31","15605509","15606315","806"
"SL2.50ch01:15605583-15606193","30","15605583","15606193","610"
"SL2.50ch01:1627796-1628204","6","1627796","1628204","408"
"SL2.50ch01:1627802-1628244","6","1627802","1628244","442"
"SL2.50ch01:18123312-18123806","2","18123312","18123806","494"
"SL2.50ch01:1839633-1903351","239087","1839633","1903351","63718"
"SL2.50ch01:1839799-1903298","239086","1839799","1903298","63499"
"SL2.50ch01:18654278-18654759","12","18654278","18654759","481"
"SL2.50ch01:20263642-20264023","8","20263642","20264023","381"
"SL2.50ch01:22522140-22522710","4","22522140","22522710","570"
"SL2.50ch01:22596207-22597081","16","22596207","22597081","874"
"SL2.50ch01:22596263-22597008","16","22596263","22597008","745"
"SL2.50ch01:23874904-23875672","14","23874904","23875672","768"
"SL2.50ch01:23874966-23875520","10","23874966","23875520","554"
"SL2.50ch01:23892238-23892823","22","23892238","23892823","585"
"SL2.50ch01:23934743-23935506","111","23934743","23935506","763"
"SL2.50ch01:23934748-23939734","428","23934748","23939734","4986"
"SL2.50ch01:23935933-23937367","210","23935933","23937367","1434"
"SL2.50ch01:23937759-23938302","50","23937759","23938302","543"
"SL2.50ch01:23939235-23939566","9","23939235","23939566","331"
"SL2.50ch01:23941132-23943641","718","23941132","23943641","2509"
"SL2.50ch01:23941250-23943069","711","23941250","23943069","1819"
"SL2.50ch01:23952360-23953431","39","23952360","23953431","1071"
"SL2.50ch01:23964499-23964830","15","23964499","23964830","331"
"SL2.50ch01:23965493-23966287","176","23965493","23966287","794"
"SL2.50ch01:23965531-23966303","177","23965531","23966303","772"
"SL2.50ch01:24228623-24229100","6","24228623","24229100","477"
"SL2.50ch01:24233748-24236055","75","24233748","24236055","2307"
"SL2.50ch01:24233801-24235923","74","24233801","24235923","2122"
"SL2.50ch01:25453551-25453932","12","25453551","25453932","381"
"SL2.50ch01:26706804-26707135","8","26706804","26707135","331"
"SL2.50ch01:27417571-27417952","41","27417571","27417952","381"
"SL2.50ch01:27884780-27885588","85","27884780","27885588","808"
"SL2.50ch01:27884839-27885443","84","27884839","27885443","604"
"SL2.50ch01:28719574-28719905","0","28719574","28719905","331"
"SL2.50ch01:31877343-31877674","5","31877343","31877674","331"
"SL2.50ch01:32158559-32158989","8","32158559","32158989","430"
"SL2.50ch01:35397387-35397768","7","35397387","35397768","381"
"SL2.50ch01:36875461-36876083","12","36875461","36876083","622"
"SL2.50ch01:36888496-36896597","338","36888496","36896597","8101"
"SL2.50ch01:36888528-36896680","339","36888528","36896680","8152"
"SL2.50ch01:36950541-36950872","6","36950541","36950872","331"
"SL2.50ch01:36985947-36988070","118","36985947","36988070","2123"
"SL2.50ch01:39121305-39123184","90","39121305","39123184","1879"
"SL2.50ch01:39123633-39124598","17","39123633","39124598","965"
"SL2.50ch01:39132531-39133845","124","39132531","39133845","1314"
"SL2.50ch01:39132587-39133511","105","39132587","39133511","924"
"SL2.50ch01:39135383-39136962","79","39135383","39136962","1579"
"SL2.50ch01:39137335-39138333","41","39137335","39138333","998"
"SL2.50ch01:39769240-39770437","38","39769240","39770437","1197"
"SL2.50ch01:39769398-39770139","34","39769398","39770139","741"
"SL2.50ch01:40523723-40524199","13","40523723","40524199","476"
"SL2.50ch01:40903454-40903835","2","40903454","40903835","381"
"SL2.50ch01:41729423-41731299","55","41729423","41731299","1876"
"SL2.50ch01:41729508-41731215","55","41729508","41731215","1707"
"SL2.50ch01:41733234-41733827","11","41733234","41733827","593"
"SL2.50ch01:41734282-41734663","3","41734282","41734663","381"
"SL2.50ch01:41753105-41753553","11","41753105","41753553","448"
"SL2.50ch01:42362393-42362883","8","42362393","42362883","490"
"SL2.50ch01:43039497-43039883","78","43039497","43039883","386"
"SL2.50ch01:43647892-43648464","40","43647892","43648464","572"
"SL2.50ch01:43647919-43648405","39","43647919","43648405","486"
"SL2.50ch01:43779509-43779840","10","43779509","43779840","331"
"SL2.50ch01:44088990-44089371","3","44088990","44089371","381"
"SL2.50ch01:44093384-44094080","9","44093384","44094080","696"
"SL2.50ch01:44467103-44467591","9","44467103","44467591","488"
"SL2.50ch01:44528790-44530874","52","44528790","44530874","2084"
"SL2.50ch01:44531920-44532301","16","44531920","44532301","381"
"SL2.50ch01:44610177-44610661","16","44610177","44610661","484"
"SL2.50ch01:44654861-44657190","45","44654861","44657190","2329"
"SL2.50ch01:44706862-44707193","3","44706862","44707193","331"
"SL2.50ch01:44757077-44758026","15","44757077","44758026","949"
"SL2.50ch01:44757085-44758009","15","44757085","44758009","924"
"SL2.50ch01:44787696-44789005","27","44787696","44789005","1309"
"SL2.50ch01:44790727-44791309","13","44790727","44791309","582"
"SL2.50ch01:44799367-44801189","47","44799367","44801189","1822"
"SL2.50ch01:44815432-44816107","25","44815432","44816107","675"
"SL2.50ch01:44821828-44822517","13","44821828","44822517","689"
"SL2.50ch01:44830447-44831700","19","44830447","44831700","1253"
"SL2.50ch01:44835583-44836248","12","44835583","44836248","665"
"SL2.50ch01:44835607-44836280","13","44835607","44836280","673"
"SL2.50ch01:44843039-44843522","8","44843039","44843522","483"
"SL2.50ch01:44860997-44861575","8","44860997","44861575","578"
"SL2.50ch01:44881671-44882093","5","44881671","44882093","422"
"SL2.50ch01:44914556-44915097","5","44914556","44915097","541"
"SL2.50ch01:44921668-44922273","14","44921668","44922273","605"
"SL2.50ch01:44946354-44946735","6","44946354","44946735","381"
"SL2.50ch01:44981212-44982326","33","44981212","44982326","1114"
"SL2.50ch01:44981256-44982262","33","44981256","44982262","1006"
"SL2.50ch01:44982919-44986729","75","44982919","44986729","3810"
"SL2.50ch01:44994737-44995068","4","44994737","44995068","331"
"SL2.50ch01:45009206-45009799","178","45009206","45009799","593"
"SL2.50ch01:45009246-45009813","178","45009246","45009813","567"
"SL2.50ch01:45271272-45271996","8","45271272","45271996","724"
"SL2.50ch01:45276944-45277463","14","45276944","45277463","519"
"SL2.50ch01:45786008-45786339","1","45786008","45786339","331"
"SL2.50ch01:48286870-48287201","13","48286870","48287201","331"
"SL2.50ch01:51091098-51091429","5","51091098","51091429","331"
"SL2.50ch01:5240590-5240921","11","5240590","5240921","331"
"SL2.50ch01:53020786-53021273","5","53020786","53021273","487"
"SL2.50ch01:5319851-5322326","69","5319851","5322326","2475"
"SL2.50ch01:53294157-53294555","7","53294157","53294555","398"
"SL2.50ch01:53321430-53321927","22","53321430","53321927","497"
"SL2.50ch01:53328203-53328584","8","53328203","53328584","381"
"SL2.50ch01:53392195-53392852","270","53392195","53392852","657"
"SL2.50ch01:53392227-53392832","269","53392227","53392832","605"
"SL2.50ch01:53476716-53477201","3","53476716","53477201","485"
"SL2.50ch01:53507603-53507984","10","53507603","53507984","381"
"SL2.50ch01:54529003-54529517","30","54529003","54529517","514"
"SL2.50ch01:54964667-54965302","9","54964667","54965302","635"
"SL2.50ch01:55578885-55580294","105","55578885","55580294","1409"
"SL2.50ch01:55579459-55580281","93","55579459","55580281","822"
"SL2.50ch01:56092195-56092526","4","56092195","56092526","331"
"SL2.50ch01:56249140-56249692","85","56249140","56249692","552"
"SL2.50ch01:56249191-56249695","84","56249191","56249695","504"
"SL2.50ch01:56268229-56268560","7","56268229","56268560","331"
"SL2.50ch01:57183190-57183893","33","57183190","57183893","703"
"SL2.50ch01:57183302-57183748","33","57183302","57183748","446"
"SL2.50ch01:59207046-59207706","27","59207046","59207706","660"
"SL2.50ch01:59207067-59207653","25","59207067","59207653","586"
"SL2.50ch01:5969794-5970125","7","5969794","5970125","331"
"SL2.50ch01:59811765-59812268","7","59811765","59812268","503"
"SL2.50ch01:59925016-59925397","9","59925016","59925397","381"
"SL2.50ch01:60203089-60203470","4","60203089","60203470","381"
"SL2.50ch01:60368301-60368894","21","60368301","60368894","593"
"SL2.50ch01:60369273-60370381","42","60369273","60370381","1108"
"SL2.50ch01:60369363-60370299","39","60369363","60370299","936"
"SL2.50ch01:60876741-60878784","69","60876741","60878784","2043"
"SL2.50ch01:60876808-60878696","69","60876808","60878696","1888"
"SL2.50ch01:61418930-61419311","6","61418930","61419311","381"
"SL2.50ch01:61861812-61862416","35","61861812","61862416","604"
"SL2.50ch01:61862024-61862416","32","61862024","61862416","392"
"SL2.50ch01:61983838-61984471","15","61983838","61984471","633"
"SL2.50ch01:62189554-62191710","37","62189554","62191710","2156"
"SL2.50ch01:62189644-62190491","21","62189644","62190491","847"
"SL2.50ch01:63514700-63515104","8","63514700","63515104","404"
"SL2.50ch01:63631337-63631718","5","63631337","63631718","381"
"SL2.50ch01:63798121-63798929","26","63798121","63798929","808"
"SL2.50ch01:63800218-63800840","11","63800218","63800840","622"
"SL2.50ch01:63800335-63800716","10","63800335","63800716","381"
"SL2.50ch01:63802373-63803524","20","63802373","63803524","1151"
"SL2.50ch01:63802467-63803487","19","63802467","63803487","1020"
"SL2.50ch01:64585497-64585988","13","64585497","64585988","491"
"SL2.50ch01:64585607-64585938","10","64585607","64585938","331"
"SL2.50ch01:64640123-64640584","68","64640123","64640584","461"
"SL2.50ch01:64824499-64824830","10","64824499","64824830","331"
"SL2.50ch01:65150074-65150455","3","65150074","65150455","381"
"SL2.50ch01:65151039-65151567","9","65151039","65151567","528"
"SL2.50ch01:65152349-65153034","7","65152349","65153034","685"
"SL2.50ch01:65152378-65152953","7","65152378","65152953","575"
"SL2.50ch01:65651771-65652420","346","65651771","65652420","649"
"SL2.50ch01:65651851-65652388","346","65651851","65652388","537"
"SL2.50ch01:65923152-65923483","3","65923152","65923483","331"
"SL2.50ch01:66008980-66011338","75","66008980","66011338","2358"
"SL2.50ch01:66013156-66014283","40","66013156","66014283","1127"
"SL2.50ch01:66013167-66014271","39","66013167","66014271","1104"
"SL2.50ch01:66014871-66016094","9","66014871","66016094","1223"
"SL2.50ch01:66014873-66016068","9","66014873","66016068","1195"
"SL2.50ch01:66433502-66434215","36","66433502","66434215","713"
"SL2.50ch01:66433506-66434095","32","66433506","66434095","589"
"SL2.50ch01:67724905-67725308","25","67724905","67725308","403"
"SL2.50ch01:69689806-69690539","16","69689806","69690539","733"
"SL2.50ch01:69749012-69749393","8","69749012","69749393","381"
"SL2.50ch01:7029754-7030489","57","7029754","7030489","735"
"SL2.50ch01:7029756-7030764","61","7029756","7030764","1008"
"SL2.50ch01:7080465-7081931","41","7080465","7081931","1466"
"SL2.50ch01:7080467-7082059","41","7080467","7082059","1592"
"SL2.50ch01:72633577-72634315","31","72633577","72634315","738"
"SL2.50ch01:72633594-72634284","29","72633594","72634284","690"
"SL2.50ch01:73893700-73894081","2","73893700","73894081","381"
"SL2.50ch01:76143227-76143705","27","76143227","76143705","478"
"SL2.50ch01:76143301-76143794","27","76143301","76143794","493"
"SL2.50ch01:76743963-76744344","26","76743963","76744344","381"
"SL2.50ch01:77179128-77179727","3","77179128","77179727","599"
"SL2.50ch01:77501278-77502364","11","77501278","77502364","1086"
"SL2.50ch01:77501328-77502394","11","77501328","77502394","1066"
"SL2.50ch01:77505676-77506654","31","77505676","77506654","978"
"SL2.50ch01:77533691-77534343","24","77533691","77534343","652"
"SL2.50ch01:77533811-77534373","22","77533811","77534373","562"
"SL2.50ch01:78119763-78120315","9","78119763","78120315","552"
"SL2.50ch01:78119806-78120283","8","78119806","78120283","477"
"SL2.50ch01:80499781-80500543","10","80499781","80500543","762"
"SL2.50ch01:81744183-81744564","12","81744183","81744564","381"
"SL2.50ch01:82435930-82436624","43","82435930","82436624","694"
"SL2.50ch01:82436081-82436557","41","82436081","82436557","476"
"SL2.50ch01:82806773-82807407","23","82806773","82807407","634"
"SL2.50ch01:82806852-82807233","19","82806852","82807233","381"
"SL2.50ch01:84251043-84251523","9","84251043","84251523","480"
"SL2.50ch01:84251073-84251675","9","84251073","84251675","602"
"SL2.50ch01:84679602-84679985","46","84679602","84679985","383"
"SL2.50ch01:84679623-84680027","44","84679623","84680027","404"
"SL2.50ch01:84936641-84937409","14","84936641","84937409","768"
"SL2.50ch01:84936740-84937321","14","84936740","84937321","581"
"SL2.50ch01:85496822-85497632","14","85496822","85497632","810"
"SL2.50ch01:85505495-85506453","14","85505495","85506453","958"
"SL2.50ch01:86035460-86035841","37","86035460","86035841","381"
"SL2.50ch01:86035470-86035891","37","86035470","86035891","421"
"SL2.50ch01:87072429-87072760","72","87072429","87072760","331"
"SL2.50ch01:8745060-8745391","2","8745060","8745391","331"
"SL2.50ch01:88104737-88105141","82","88104737","88105141","404"
"SL2.50ch01:88104760-88105141","82","88104760","88105141","381"
"SL2.50ch01:9006265-9006884","218","9006265","9006884","619"
"SL2.50ch01:90133369-90133970","123","90133369","90133970","601"
"SL2.50ch01:90133382-90134008","123","90133382","90134008","626"
"SL2.50ch01:91495632-91496119","209","91495632","91496119","487"
"SL2.50ch01:91495700-91496155","209","91495700","91496155","455"
"SL2.50ch01:92021042-92021481","26","92021042","92021481","439"
"SL2.50ch01:92021077-92021560","26","92021077","92021560","483"
"SL2.50ch01:93670610-93671740","73","93670610","93671740","1130"
"SL2.50ch01:93670622-93671737","73","93670622","93671737","1115"
"SL2.50ch01:95967789-95968120","2","95967789","95968120","331"
"SL2.50ch01:96868512-96870416","160","96868512","96870416","1904"
"SL2.50ch01:96868535-96870495","160","96868535","96870495","1960"
"SL2.50ch01:96871050-96871716","28","96871050","96871716","666"
"SL2.50ch01:96871112-96871662","27","96871112","96871662","550"
"SL2.50ch01:98472724-98473480","23","98472724","98473480","756"
"SL2.50ch01:98472911-98473612","22","98472911","98473612","701"
"SL2.50ch01:98477499-98477880","4","98477499","98477880","381"
"SL2.50ch01:98480524-98480981","11","98480524","98480981","457"
"SL2.50ch01:98481412-98482215","11","98481412","98482215","803"
"SL2.50ch01:98483865-98484651","19","98483865","98484651","786"
"SL2.50ch01:98484076-98484616","18","98484076","98484616","540"
"SL2.50ch01:98485517-98485911","5","98485517","98485911","394"
"SL2.50ch01:98486289-98487292","27","98486289","98487292","1003"
"SL2.50ch01:98488591-98489679","14","98488591","98489679","1088"
"SL2.50ch01:98492353-98492828","6","98492353","98492828","475"
"SL2.50ch01:98497780-98499222","42","98497780","98499222","1442"
"SL2.50ch01:98497809-98499117","38","98497809","98499117","1308"
"SL2.50ch01:98501332-98501762","6","98501332","98501762","430"
"SL2.50ch01:98502853-98505157","58","98502853","98505157","2304"
"SL2.50ch01:98502942-98504832","53","98502942","98504832","1890"
"SL2.50ch01:98506801-98507467","20","98506801","98507467","666"
"SL2.50ch01:98510382-98510893","7","98510382","98510893","511"
"SL2.50ch01:98530565-98530946","9","98530565","98530946","381"
"SL2.50ch01:98534666-98535190","11","98534666","98535190","524"
"SL2.50ch01:98534700-98535176","11","98534700","98535176","476"
"SL2.50ch02:12829609-12830132","7","12829609","12830132","523"
"SL2.50ch02:12836089-12838255","51","12836089","12838255","2166"
"SL2.50ch02:12839260-12844314","111","12839260","12844314","5054"
"SL2.50ch02:12845287-12847581","44","12845287","12847581","2294"
"SL2.50ch02:12850240-12857594","152","12850240","12857594","7354"
"SL2.50ch02:12859332-12864932","172","12859332","12864932","5600"
"SL2.50ch02:12866874-12868146","44","12866874","12868146","1272"
"SL2.50ch02:12867016-12868053","43","12867016","12868053","1037"
"SL2.50ch02:12883728-12884393","14","12883728","12884393","665"
"SL2.50ch02:12887543-12888578","32","12887543","12888578","1035"
"SL2.50ch02:12918392-12919241","9","12918392","12919241","849"
"SL2.50ch02:12971061-12972855","30","12971061","12972855","1794"
"SL2.50ch02:12993663-12995536","39","12993663","12995536","1873"
"SL2.50ch02:13002579-13003837","35","13002579","13003837","1258"
"SL2.50ch02:13773265-13773884","21","13773265","13773884","619"
"SL2.50ch02:13775574-13775995","7","13775574","13775995","421"
"SL2.50ch02:13775666-13775997","6","13775666","13775997","331"
"SL2.50ch02:13779183-13780814","245","13779183","13780814","1631"
"SL2.50ch02:13784653-13786368","200","13784653","13786368","1715"
"SL2.50ch02:13787338-13787905","71","13787338","13787905","567"
"SL2.50ch02:13787398-13787830","71","13787398","13787830","432"
"SL2.50ch02:13788336-13788667","10","13788336","13788667","331"
"SL2.50ch02:13823623-13824558","48","13823623","13824558","935"
"SL2.50ch02:13823686-13824265","39","13823686","13824265","579"
"SL2.50ch02:13827287-13830147","239","13827287","13830147","2860"
"SL2.50ch02:13830918-13833224","458","13830918","13833224","2306"
"SL2.50ch02:13831037-13833217","458","13831037","13833217","2180"
"SL2.50ch02:13874890-13879485","128","13874890","13879485","4595"
"SL2.50ch02:15331721-15332318","20","15331721","15332318","597"
"SL2.50ch02:15331783-15332301","18","15331783","15332301","518"
"SL2.50ch02:17880687-17881091","25","17880687","17881091","404"
"SL2.50ch02:17880688-17881069","25","17880688","17881069","381"
"SL2.50ch02:17882138-17882864","110","17882138","17882864","726"
"SL2.50ch02:17882156-17882923","113","17882156","17882923","767"
"SL2.50ch02:19051081-19051687","24","19051081","19051687","606"
"SL2.50ch02:19051097-19051615","24","19051097","19051615","518"
"SL2.50ch02:19066183-19066514","1","19066183","19066514","331"
"SL2.50ch02:19905211-19906846","32","19905211","19906846","1635"
"SL2.50ch02:19909800-19910323","11","19909800","19910323","523"
"SL2.50ch02:20737373-20738019","59","20737373","20738019","646"
"SL2.50ch02:20737437-20737936","57","20737437","20737936","499"
"SL2.50ch02:2190847-2191262","43","2190847","2191262","415"
"SL2.50ch02:22601433-22602119","13","22601433","22602119","686"
"SL2.50ch02:23287429-23287833","27","23287429","23287833","404"
"SL2.50ch02:23287478-23287870","27","23287478","23287870","392"
"SL2.50ch02:23767720-23768631","47","23767720","23768631","911"
"SL2.50ch02:23768011-23768606","38","23768011","23768606","595"
"SL2.50ch02:24414076-24414457","3","24414076","24414457","381"
"SL2.50ch02:24490793-24495381","1233","24490793","24495381","4588"
"SL2.50ch02:24490875-24495357","1233","24490875","24495357","4482"
"SL2.50ch02:24495822-24496616","158","24495822","24496616","794"
"SL2.50ch02:24495838-24496627","158","24495838","24496627","789"
"SL2.50ch02:24497847-24498453","79","24497847","24498453","606"
"SL2.50ch02:24497872-24498348","78","24497872","24498348","476"
"SL2.50ch02:24507100-24507673","54","24507100","24507673","573"
"SL2.50ch02:24507156-24507711","54","24507156","24507711","555"
"SL2.50ch02:24512859-24514476","430","24512859","24514476","1617"
"SL2.50ch02:24512867-24514509","430","24512867","24514509","1642"
"SL2.50ch02:24531766-24533080","315","24531766","24533080","1314"
"SL2.50ch02:24531811-24533117","315","24531811","24533117","1306"
"SL2.50ch02:24850228-24850639","9","24850228","24850639","411"
"SL2.50ch02:24948053-24951171","45","24948053","24951171","3118"
"SL2.50ch02:24978476-24978986","18","24978476","24978986","510"
"SL2.50ch02:24987144-24988110","24","24987144","24988110","966"
"SL2.50ch02:24999075-24999406","3","24999075","24999406","331"
"SL2.50ch02:25003025-25006388","55","25003025","25006388","3363"
"SL2.50ch02:25015526-25016734","16","25015526","25016734","1208"
"SL2.50ch02:25022033-25022414","7","25022033","25022414","381"
"SL2.50ch02:26874689-26875105","12","26874689","26875105","416"
"SL2.50ch02:2908928-2909609","81","2908928","2909609","681"
"SL2.50ch02:2908986-2909736","83","2908986","2909736","750"
"SL2.50ch02:30278226-30278703","8","30278226","30278703","477"
"SL2.50ch02:30278278-30278682","8","30278278","30278682","404"
"SL2.50ch02:30497802-30498183","116","30497802","30498183","381"
"SL2.50ch02:31141816-31142341","7","31141816","31142341","525"
"SL2.50ch02:31406371-31406949","15","31406371","31406949","578"
"SL2.50ch02:32942115-32942594","11","32942115","32942594","479"
"SL2.50ch02:32942122-32942503","10","32942122","32942503","381"
"SL2.50ch02:32963117-32963498","16","32963117","32963498","381"
"SL2.50ch02:32973574-32973905","10","32973574","32973905","331"
"SL2.50ch02:32973617-32974123","11","32973617","32974123","506"
"SL2.50ch02:32976656-32977061","13","32976656","32977061","405"
"SL2.50ch02:32984562-32984978","10","32984562","32984978","416"
"SL2.50ch02:33077633-33077947","3","33077633","33077947","314"
"SL2.50ch02:36472031-36472412","10","36472031","36472412","381"
"SL2.50ch02:36474435-36479246","126","36474435","36479246","4811"
"SL2.50ch02:36474509-36478841","124","36474509","36478841","4332"
"SL2.50ch02:36945306-36945687","14","36945306","36945687","381"
"SL2.50ch02:37743077-37743458","99","37743077","37743458","381"
"SL2.50ch02:37743115-37743429","99","37743115","37743429","314"
"SL2.50ch02:38735776-38736107","4","38735776","38736107","331"
"SL2.50ch02:39031505-39031909","8","39031505","39031909","404"
"SL2.50ch02:39033808-39034637","26","39033808","39034637","829"
"SL2.50ch02:39033861-39034488","21","39033861","39034488","627"
"SL2.50ch02:41500703-41501189","41","41500703","41501189","486"
"SL2.50ch02:41500770-41501174","41","41500770","41501174","404"
"SL2.50ch02:41740526-41746005","155","41740526","41746005","5479"
"SL2.50ch02:41742793-41747605","138","41742793","41747605","4812"
"SL2.50ch02:41747630-41749102","28","41747630","41749102","1472"
"SL2.50ch02:41958508-41958839","69","41958508","41958839","331"
"SL2.50ch02:44549133-44549754","674","44549133","44549754","621"
"SL2.50ch02:44549141-44549732","674","44549141","44549732","591"
"SL2.50ch02:44818399-44819146","972","44818399","44819146","747"
"SL2.50ch02:44818552-44819123","971","44818552","44819123","571"
"SL2.50ch02:45016484-45016815","15","45016484","45016815","331"
"SL2.50ch02:45768024-45768355","2","45768024","45768355","331"
"SL2.50ch02:47573514-47573845","4","47573514","47573845","331"
"SL2.50ch02:47588308-47588712","6","47588308","47588712","404"
"SL2.50ch02:47694739-47695070","16","47694739","47695070","331"
"SL2.50ch02:48371660-48372144","25","48371660","48372144","484"
"SL2.50ch02:48371716-48372177","26","48371716","48372177","461"
"SL2.50ch02:48732997-48733856","34","48732997","48733856","859"
"SL2.50ch02:48733190-48733850","30","48733190","48733850","660"
"SL2.50ch02:49313147-49313478","3","49313147","49313478","331"
"SL2.50ch02:49904154-49904808","19","49904154","49904808","654"
"SL2.50ch02:49904278-49904659","12","49904278","49904659","381"
"SL2.50ch02:51682010-51682391","19","51682010","51682391","381"
"SL2.50ch02:51682021-51682425","19","51682021","51682425","404"
"SL2.50ch02:5181503-5181884","4","5181503","5181884","381"
"SL2.50ch02:52487696-52488109","6","52487696","52488109","413"
"SL2.50ch02:52487726-52488168","6","52487726","52488168","442"
"SL2.50ch02:53630270-53630674","25","53630270","53630674","404"
"SL2.50ch02:53630278-53630659","25","53630278","53630659","381"
"SL2.50ch02:61080-61962","15","61080","61962","882"
"SL2.50ch02:6346252-6346737","11","6346252","6346737","485"
"SL2.50ch02:6346354-6346685","8","6346354","6346685","331"
"SL2.50ch02:6347850-6348384","25","6347850","6348384","534"
"SL2.50ch02:8193589-8193920","19","8193589","8193920","331"
"SL2.50ch02:8462188-8462569","8","8462188","8462569","381"
"SL2.50ch02:8892026-8893262","15","8892026","8893262","1236"
"SL2.50ch02:9251199-9251834","141","9251199","9251834","635"
"SL2.50ch02:9324555-9324936","12","9324555","9324936","381"
"SL2.50ch02:9407238-9419280","420","9407238","9419280","12042"
"SL2.50ch02:9423880-9427239","138","9423880","9427239","3359"
"SL2.50ch02:9522461-9523269","18","9522461","9523269","808"
"SL2.50ch03:1058317-1058710","11","1058317","1058710","393"
"SL2.50ch03:1058318-1058722","11","1058318","1058722","404"
"SL2.50ch03:11745710-11748231","49","11745710","11748231","2521"
"SL2.50ch03:12705966-12706508","9","12705966","12706508","542"
"SL2.50ch03:13311547-13311928","15","13311547","13311928","381"
"SL2.50ch03:13318242-13320196","56","13318242","13320196","1954"
"SL2.50ch03:13345110-13345650","19","13345110","13345650","540"
"SL2.50ch03:13346186-13346662","11","13346186","13346662","476"
"SL2.50ch03:13361771-13363248","62","13361771","13363248","1477"
"SL2.50ch03:13361894-13363260","61","13361894","13363260","1366"
"SL2.50ch03:13366641-13367356","10","13366641","13367356","715"
"SL2.50ch03:13366659-13367442","10","13366659","13367442","783"
"SL2.50ch03:13368063-13372304","141","13368063","13372304","4241"
"SL2.50ch03:15952973-15954262","82","15952973","15954262","1289"
"SL2.50ch03:15955771-15957606","111","15955771","15957606","1835"
"SL2.50ch03:15955780-15957531","111","15955780","15957531","1751"
"SL2.50ch03:15958712-15960873","72","15958712","15960873","2161"
"SL2.50ch03:15958762-15960717","69","15958762","15960717","1955"
"SL2.50ch03:1596313-1596727","6","1596313","1596727","414"
"SL2.50ch03:15969035-15969863","113","15969035","15969863","828"
"SL2.50ch03:15969117-15970109","114","15969117","15970109","992"
"SL2.50ch03:15971446-15973065","105","15971446","15973065","1619"
"SL2.50ch03:15971661-15973115","102","15971661","15973115","1454"
"SL2.50ch03:15974113-15977441","300","15974113","15977441","3328"
"SL2.50ch03:15974260-15974674","16","15974260","15974674","414"
"SL2.50ch03:15975126-15977534","273","15975126","15977534","2408"
"SL2.50ch03:16158911-16159242","5","16158911","16159242","331"
"SL2.50ch03:16290483-16291380","31","16290483","16291380","897"
"SL2.50ch03:16781741-16782486","11","16781741","16782486","745"
"SL2.50ch03:16813615-16814156","34","16813615","16814156","541"
"SL2.50ch03:16813701-16814086","34","16813701","16814086","385"
"SL2.50ch03:16988842-16989467","17","16988842","16989467","625"
"SL2.50ch03:16988892-16989402","16","16988892","16989402","510"
"SL2.50ch03:18337424-18337805","7","18337424","18337805","381"
"SL2.50ch03:19264433-19265103","24","19264433","19265103","670"
"SL2.50ch03:19264699-19265080","21","19264699","19265080","381"
"SL2.50ch03:19394226-19394607","6","19394226","19394607","381"
"SL2.50ch03:1949080-1949567","23","1949080","1949567","487"
"SL2.50ch03:19647429-19647810","3","19647429","19647810","381"
"SL2.50ch03:19922927-19923406","11","19922927","19923406","479"
"SL2.50ch03:20510356-20510926","13","20510356","20510926","570"
"SL2.50ch03:20510518-20510906","13","20510518","20510906","388"
"SL2.50ch03:21396540-21396921","6","21396540","21396921","381"
"SL2.50ch03:21452593-21452974","4","21452593","21452974","381"
"SL2.50ch03:22923133-22923817","14","22923133","22923817","684"
"SL2.50ch03:22923320-22923701","13","22923320","22923701","381"
"SL2.50ch03:23694487-23695402","148","23694487","23695402","915"
"SL2.50ch03:23694570-23695391","148","23694570","23695391","821"
"SL2.50ch03:23696853-23697416","47","23696853","23697416","563"
"SL2.50ch03:23696863-23697427","47","23696863","23697427","564"
"SL2.50ch03:24533819-24534239","19","24533819","24534239","420"
"SL2.50ch03:25795003-25795664","309","25795003","25795664","661"
"SL2.50ch03:25795086-25795500","306","25795086","25795500","414"
"SL2.50ch03:29000823-29001154","2","29000823","29001154","331"
"SL2.50ch03:29749990-29750798","1","29749990","29750798","808"
"SL2.50ch03:30365258-30370045","670","30365258","30370045","4787"
"SL2.50ch03:30365362-30369911","668","30365362","30369911","4549"
"SL2.50ch03:30882310-30882641","6","30882310","30882641","331"
"SL2.50ch03:31622139-31623807","86","31622139","31623807","1668"
"SL2.50ch03:3174764-3175236","36","3174764","3175236","472"
"SL2.50ch03:3174801-3175182","35","3174801","3175182","381"
"SL2.50ch03:32171053-32172261","442","32171053","32172261","1208"
"SL2.50ch03:32171158-32172318","442","32171158","32172318","1160"
"SL2.50ch03:3264920-3265251","20","3264920","3265251","331"
"SL2.50ch03:33136406-33137028","1310","33136406","33137028","622"
"SL2.50ch03:33136430-33137011","1310","33136430","33137011","581"
"SL2.50ch03:33645135-33645516","1","33645135","33645516","381"
"SL2.50ch03:33785250-33785654","8","33785250","33785654","404"
"SL2.50ch03:34590888-34592949","131","34590888","34592949","2061"
"SL2.50ch03:34595118-34596134","65","34595118","34596134","1016"
"SL2.50ch03:34595177-34596062","65","34595177","34596062","885"
"SL2.50ch03:34597537-34598912","104","34597537","34598912","1375"
"SL2.50ch03:34597548-34598952","105","34597548","34598952","1404"
"SL2.50ch03:34599575-34601701","440","34599575","34601701","2126"
"SL2.50ch03:34599897-34601556","436","34599897","34601556","1659"
"SL2.50ch03:34605836-34608910","552","34605836","34608910","3074"
"SL2.50ch03:34606158-34608868","544","34606158","34608868","2710"
"SL2.50ch03:36362070-36362451","3","36362070","36362451","381"
"SL2.50ch03:37388170-37388998","139","37388170","37388998","828"
"SL2.50ch03:37388317-37389021","139","37388317","37389021","704"
"SL2.50ch03:37793068-37793615","10","37793068","37793615","547"
"SL2.50ch03:3963188-3963579","5","3963188","3963579","391"
"SL2.50ch03:39746106-39747541","70","39746106","39747541","1435"
"SL2.50ch03:39746229-39747518","65","39746229","39747518","1289"
"SL2.50ch03:40339033-40339364","5","40339033","40339364","331"
"SL2.50ch03:407189-407972","11","407189","407972","783"
"SL2.50ch03:407380-407915","10","407380","407915","535"
"SL2.50ch03:41347342-41347919","37","41347342","41347919","577"
"SL2.50ch03:41347361-41347842","37","41347361","41347842","481"
"SL2.50ch03:41525374-41525958","20","41525374","41525958","584"
"SL2.50ch03:41526620-41528858","37","41526620","41528858","2238"
"SL2.50ch03:44111860-44114474","1323","44111860","44114474","2614"
"SL2.50ch03:44112081-44114465","1322","44112081","44114465","2384"
"SL2.50ch03:44115847-44117045","1557","44115847","44117045","1198"
"SL2.50ch03:44115883-44116989","1533","44115883","44116989","1106"
"SL2.50ch03:44391801-44392283","22","44391801","44392283","482"
"SL2.50ch03:44452817-44453309","13","44452817","44453309","492"
"SL2.50ch03:44457183-44457618","15","44457183","44457618","435"
"SL2.50ch03:44459272-44459690","15","44459272","44459690","418"
"SL2.50ch03:45183694-45184302","2","45183694","45184302","608"
"SL2.50ch03:45379864-45380535","12","45379864","45380535","671"
"SL2.50ch03:45802648-45803172","3","45802648","45803172","524"
"SL2.50ch03:46424746-46425077","14","46424746","46425077","331"
"SL2.50ch03:46578184-46580068","23","46578184","46580068","1884"
"SL2.50ch03:48907463-48909035","115","48907463","48909035","1572"
"SL2.50ch03:48907468-48908450","91","48907468","48908450","982"
"SL2.50ch03:50332867-50333433","14","50332867","50333433","566"
"SL2.50ch03:51702380-51703024","146","51702380","51703024","644"
"SL2.50ch03:51702397-51702993","146","51702397","51702993","596"
"SL2.50ch03:52270746-52271863","39","52270746","52271863","1117"
"SL2.50ch03:52597412-52597793","19","52597412","52597793","381"
"SL2.50ch03:52597428-52597871","20","52597428","52597871","443"
"SL2.50ch03:53569737-53570118","20","53569737","53570118","381"
"SL2.50ch03:53623586-53624166","18","53623586","53624166","580"
"SL2.50ch03:53623660-53624115","17","53623660","53624115","455"
"SL2.50ch03:53627847-53628538","133","53627847","53628538","691"
"SL2.50ch03:53627897-53628562","133","53627897","53628562","665"
"SL2.50ch03:53931251-53932697","46","53931251","53932697","1446"
"SL2.50ch03:53931260-53932687","46","53931260","53932687","1427"
"SL2.50ch03:54169521-54172079","80","54169521","54172079","2558"
"SL2.50ch03:54169545-54173017","90","54169545","54173017","3472"
"SL2.50ch03:54176311-54177270","50","54176311","54177270","959"
"SL2.50ch03:54176482-54177200","44","54176482","54177200","718"
"SL2.50ch03:54178552-54178933","9","54178552","54178933","381"
"SL2.50ch03:54181376-54181794","9","54181376","54181794","418"
"SL2.50ch03:54184133-54185223","8","54184133","54185223","1090"
"SL2.50ch03:56488712-56490419","534","56488712","56490419","1707"
"SL2.50ch03:56488743-56490393","534","56488743","56490393","1650"
"SL2.50ch03:59443405-59443736","14","59443405","59443736","331"
"SL2.50ch03:5997176-5997655","4","5997176","5997655","479"
"SL2.50ch03:60238707-60239292","7","60238707","60239292","585"
"SL2.50ch03:60259367-60259698","3","60259367","60259698","331"
"SL2.50ch03:60833776-60835353","29","60833776","60835353","1577"
"SL2.50ch03:60837758-60838548","14","60837758","60838548","790"
"SL2.50ch03:60877408-60877838","14","60877408","60877838","430"
"SL2.50ch03:60887023-60887890","14","60887023","60887890","867"
"SL2.50ch03:62569572-62569953","19","62569572","62569953","381"
"SL2.50ch03:6433412-6434088","25","6433412","6434088","676"
"SL2.50ch03:6433585-6433966","17","6433585","6433966","381"
"SL2.50ch03:6454508-6455101","20","6454508","6455101","593"
"SL2.50ch03:64820415-64821556","22","64820415","64821556","1141"
"SL2.50ch03:64827514-64828534","22","64827514","64828534","1020"
"SL2.50ch03:64829794-64830331","12","64829794","64830331","537"
"SL2.50ch03:64835372-64835703","3","64835372","64835703","331"
"SL2.50ch03:64925645-64929544","69","64925645","64929544","3899"
"SL2.50ch03:65655543-65655992","20","65655543","65655992","449"
"SL2.50ch03:65655611-65656015","20","65655611","65656015","404"
"SL2.50ch03:65838805-65839386","41","65838805","65839386","581"
"SL2.50ch03:65838875-65839279","41","65838875","65839279","404"
"SL2.50ch03:6838333-6838947","11","6838333","6838947","614"
"SL2.50ch03:6838427-6839096","12","6838427","6839096","669"
"SL2.50ch03:6842160-6843334","20","6842160","6843334","1174"
"SL2.50ch03:6846720-6847146","22","6846720","6847146","426"
"SL2.50ch03:6857162-6858973","44","6857162","6858973","1811"
"SL2.50ch03:6857252-6859124","44","6857252","6859124","1872"
"SL2.50ch03:6868406-6870317","31","6868406","6870317","1911"
"SL2.50ch03:6871197-6872353","42","6871197","6872353","1156"
"SL2.50ch03:6883183-6884180","18","6883183","6884180","997"
"SL2.50ch03:6883219-6884161","17","6883219","6884161","942"
"SL2.50ch03:6921438-6922525","22","6921438","6922525","1087"
"SL2.50ch03:6921908-6922783","16","6921908","6922783","875"
"SL2.50ch03:6938417-6939798","17","6938417","6939798","1381"
"SL2.50ch03:6947107-6948856","61","6947107","6948856","1749"
"SL2.50ch03:6947149-6948532","52","6947149","6948532","1383"
"SL2.50ch03:6951415-6952931","35","6951415","6952931","1516"
"SL2.50ch03:6951458-6953280","39","6951458","6953280","1822"
"SL2.50ch03:6965402-6966234","14","6965402","6966234","832"
"SL2.50ch03:70528901-70529381","49","70528901","70529381","480"
"SL2.50ch03:70528934-70529411","49","70528934","70529411","477"
"SL2.50ch03:7105740-7106154","7","7105740","7106154","414"
"SL2.50ch03:7109711-7110042","9","7109711","7110042","331"
"SL2.50ch03:9711046-9711377","6","9711046","9711377","331"
"SL2.50ch04:11167926-11168307","22","11167926","11168307","381"
"SL2.50ch04:11568557-11568938","12","11568557","11568938","381"
"SL2.50ch04:11568580-11568984","12","11568580","11568984","404"
"SL2.50ch04:12098243-12099159","15","12098243","12099159","916"
"SL2.50ch04:12101156-12101792","23","12101156","12101792","636"
"SL2.50ch04:12101275-12101773","22","12101275","12101773","498"
"SL2.50ch04:13811358-13811739","4","13811358","13811739","381"
"SL2.50ch04:14616245-14616921","12","14616245","14616921","676"
"SL2.50ch04:14616362-14616870","10","14616362","14616870","508"
"SL2.50ch04:14685495-14686456","5","14685495","14686456","961"
"SL2.50ch04:14731562-14732266","19","14731562","14732266","704"
"SL2.50ch04:14738437-14739052","10","14738437","14739052","615"
"SL2.50ch04:14738906-14739287","3","14738906","14739287","381"
"SL2.50ch04:14742378-14743652","17","14742378","14743652","1274"
"SL2.50ch04:14768522-14769939","23","14768522","14769939","1417"
"SL2.50ch04:14768650-14769717","17","14768650","14769717","1067"
"SL2.50ch04:14808043-14809946","36","14808043","14809946","1903"
"SL2.50ch04:14814113-14814610","18","14814113","14814610","497"
"SL2.50ch04:14834318-14836915","55","14834318","14836915","2597"
"SL2.50ch04:14841425-14842026","13","14841425","14842026","601"
"SL2.50ch04:15038357-15041426","92","15038357","15041426","3069"
"SL2.50ch04:15038450-15041435","93","15038450","15041435","2985"
"SL2.50ch04:16897815-16898196","2","16897815","16898196","381"
"SL2.50ch04:17160905-17161286","16","17160905","17161286","381"
"SL2.50ch04:17450904-17451334","8","17450904","17451334","430"
"SL2.50ch04:17950940-17951321","0","17950940","17951321","381"
"SL2.50ch04:18560486-18561108","119","18560486","18561108","622"
"SL2.50ch04:18560509-18561081","119","18560509","18561081","572"
"SL2.50ch04:19321854-19322395","3","19321854","19322395","541"
"SL2.50ch04:19324757-19325964","23","19324757","19325964","1207"
"SL2.50ch04:19336793-19337124","1","19336793","19337124","331"
"SL2.50ch04:21631398-21631886","2","21631398","21631886","488"
"SL2.50ch04:22738936-22739317","2","22738936","22739317","381"
"SL2.50ch04:248035-248441","22","248035","248441","406"
"SL2.50ch04:248047-248451","22","248047","248451","404"
"SL2.50ch04:2506311-2506692","5","2506311","2506692","381"
"SL2.50ch04:26603102-26603834","21","26603102","26603834","732"
"SL2.50ch04:26611415-26614562","63","26611415","26614562","3147"
"SL2.50ch04:26623139-26623792","6","26623139","26623792","653"
"SL2.50ch04:26631151-26631482","6","26631151","26631482","331"
"SL2.50ch04:26662602-26662933","8","26662602","26662933","331"
"SL2.50ch04:26679587-26679968","10","26679587","26679968","381"
"SL2.50ch04:26681867-26683221","41","26681867","26683221","1354"
"SL2.50ch04:26718296-26720437","53","26718296","26720437","2141"
"SL2.50ch04:26721036-26722679","55","26721036","26722679","1643"
"SL2.50ch04:26724649-26725030","8","26724649","26725030","381"
"SL2.50ch04:26730814-26731195","13","26730814","26731195","381"
"SL2.50ch04:26736129-26736533","5","26736129","26736533","404"
"SL2.50ch04:26738374-26738948","10","26738374","26738948","574"
"SL2.50ch04:26745585-26745916","19","26745585","26745916","331"
"SL2.50ch04:26747946-26748260","9","26747946","26748260","314"
"SL2.50ch04:26759022-26759516","8","26759022","26759516","494"
"SL2.50ch04:26812505-26813601","24","26812505","26813601","1096"
"SL2.50ch04:26827281-26827696","5","26827281","26827696","415"
"SL2.50ch04:26830969-26831458","4","26830969","26831458","489"
"SL2.50ch04:30142735-30143508","47","30142735","30143508","773"
"SL2.50ch04:30142793-30143207","30","30142793","30143207","414"
"SL2.50ch04:30599050-30599381","4","30599050","30599381","331"
"SL2.50ch04:31286884-31287606","235","31286884","31287606","722"
"SL2.50ch04:31286913-31287498","233","31286913","31287498","585"
"SL2.50ch04:32065961-32066292","4","32065961","32066292","331"
"SL2.50ch04:3316578-3317091","95","3316578","3317091","513"
"SL2.50ch04:33411833-33412514","32","33411833","33412514","681"
"SL2.50ch04:33411924-33412528","31","33411924","33412528","604"
"SL2.50ch04:33600222-33600774","72","33600222","33600774","552"
"SL2.50ch04:33600272-33600716","72","33600272","33600716","444"
"SL2.50ch04:33964686-33965817","136","33964686","33965817","1131"
"SL2.50ch04:33964729-33967848","272","33964729","33967848","3119"
"SL2.50ch04:33966498-33967356","105","33966498","33967356","858"
"SL2.50ch04:35026645-35027706","20","35026645","35027706","1061"
"SL2.50ch04:35026684-35027088","11","35026684","35027088","404"
"SL2.50ch04:36284887-36285330","2","36284887","36285330","443"
"SL2.50ch04:37281328-37281732","5","37281328","37281732","404"
"SL2.50ch04:39274784-39275165","7","39274784","39275165","381"
"SL2.50ch04:4062282-4062871","25","4062282","4062871","589"
"SL2.50ch04:4062370-4062848","25","4062370","4062848","478"
"SL2.50ch04:41198481-41199118","40","41198481","41199118","637"
"SL2.50ch04:41209999-41210708","27","41209999","41210708","709"
"SL2.50ch04:41212066-41213957","106","41212066","41213957","1891"
"SL2.50ch04:42564925-42565329","19","42564925","42565329","404"
"SL2.50ch04:42564940-42565321","19","42564940","42565321","381"
"SL2.50ch04:42679549-42679880","3","42679549","42679880","331"
"SL2.50ch04:42863861-42864250","18","42863861","42864250","389"
"SL2.50ch04:43245826-43246241","13","43245826","43246241","415"
"SL2.50ch04:43245904-43246329","13","43245904","43246329","425"
"SL2.50ch04:4399766-4400170","13","4399766","4400170","404"
"SL2.50ch04:4482019-4482333","29","4482019","4482333","314"
"SL2.50ch04:4488477-4488858","2","4488477","4488858","381"
"SL2.50ch04:48279740-48280213","20","48279740","48280213","473"
"SL2.50ch04:48279793-48280124","19","48279793","48280124","331"
"SL2.50ch04:49644302-49644683","3","49644302","49644683","381"
"SL2.50ch04:50234376-50234780","15","50234376","50234780","404"
"SL2.50ch04:51272935-51273524","10","51272935","51273524","589"
"SL2.50ch04:51484281-51484595","10","51484281","51484595","314"
"SL2.50ch04:51485088-51485419","4","51485088","51485419","331"
"SL2.50ch04:51500439-51501036","8","51500439","51501036","597"
"SL2.50ch04:51505549-51506054","4","51505549","51506054","505"
"SL2.50ch04:52006935-52007508","6","52006935","52007508","573"
"SL2.50ch04:52330422-52330973","12","52330422","52330973","551"
"SL2.50ch04:52330550-52330881","10","52330550","52330881","331"
"SL2.50ch04:53900148-53901223","33","53900148","53901223","1075"
"SL2.50ch04:53903218-53903751","6","53903218","53903751","533"
"SL2.50ch04:54063060-54063441","7","54063060","54063441","381"
"SL2.50ch04:54063066-54063470","7","54063066","54063470","404"
"SL2.50ch04:55558117-55558552","3","55558117","55558552","435"
"SL2.50ch04:55561929-55563076","25","55561929","55563076","1147"
"SL2.50ch04:55565197-55566978","58","55565197","55566978","1781"
"SL2.50ch04:55565245-55566562","46","55565245","55566562","1317"
"SL2.50ch04:55572877-55573415","2","55572877","55573415","538"
"SL2.50ch04:55661207-55661538","2","55661207","55661538","331"
"SL2.50ch04:56149343-56149851","44","56149343","56149851","508"
"SL2.50ch04:56149445-56149922","38","56149445","56149922","477"
"SL2.50ch04:58235770-58236246","70","58235770","58236246","476"
"SL2.50ch04:59105601-59105932","9","59105601","59105932","331"
"SL2.50ch04:59156129-59156636","19","59156129","59156636","507"
"SL2.50ch04:60977337-60977741","18","60977337","60977741","404"
"SL2.50ch04:60977351-60977682","18","60977351","60977682","331"
"SL2.50ch04:64832176-64832716","73","64832176","64832716","540"
"SL2.50ch04:66134287-66134764","23","66134287","66134764","477"
"SL2.50ch04:66134319-66134650","23","66134319","66134650","331"
"SL2.50ch04:6910535-6910916","102","6910535","6910916","381"
"SL2.50ch04:6910540-6910984","102","6910540","6910984","444"
"SL2.50ch04:7355584-7356830","30","7355584","7356830","1246"
"SL2.50ch04:7365607-7368298","48","7365607","7368298","2691"
"SL2.50ch04:7380510-7381292","15","7380510","7381292","782"
"SL2.50ch04:7455432-7455865","6","7455432","7455865","433"
"SL2.50ch04:7571576-7571907","7","7571576","7571907","331"
"SL2.50ch04:7573563-7574260","8","7573563","7574260","697"
"SL2.50ch05:10221772-10222261","9","10221772","10222261","489"
"SL2.50ch05:11785106-11785510","59","11785106","11785510","404"
"SL2.50ch05:11785125-11785601","60","11785125","11785601","476"
"SL2.50ch05:124689-125267","50","124689","125267","578"
"SL2.50ch05:124706-125207","48","124706","125207","501"
"SL2.50ch05:12490821-12491152","5","12490821","12491152","331"
"SL2.50ch05:12893036-12893417","7","12893036","12893417","381"
"SL2.50ch05:13793519-13794167","14","13793519","13794167","648"
"SL2.50ch05:13793604-13794217","14","13793604","13794217","613"
"SL2.50ch05:14606008-14607052","843","14606008","14607052","1044"
"SL2.50ch05:14606055-14607014","843","14606055","14607014","959"
"SL2.50ch05:16312811-16313192","8","16312811","16313192","381"
"SL2.50ch05:16783662-16784043","0","16783662","16784043","381"
"SL2.50ch05:17047934-17048591","10","17047934","17048591","657"
"SL2.50ch05:17049662-17050637","12","17049662","17050637","975"
"SL2.50ch05:17051721-17052102","3","17051721","17052102","381"
"SL2.50ch05:17063457-17063861","1","17063457","17063861","404"
"SL2.50ch05:18129069-18129572","14","18129069","18129572","503"
"SL2.50ch05:19524275-19525076","11","19524275","19525076","801"
"SL2.50ch05:19525770-19526777","15","19525770","19526777","1007"
"SL2.50ch05:19598004-19598318","1","19598004","19598318","314"
"SL2.50ch05:19599523-19600251","10","19599523","19600251","728"
"SL2.50ch05:19600643-19601146","15","19600643","19601146","503"
"SL2.50ch05:19601659-19603553","74","19601659","19603553","1894"
"SL2.50ch05:19671082-19671918","7","19671082","19671918","836"
"SL2.50ch05:19674403-19674734","9","19674403","19674734","331"
"SL2.50ch05:19678494-19678825","5","19678494","19678825","331"
"SL2.50ch05:19685741-19686330","8","19685741","19686330","589"
"SL2.50ch05:19708053-19708384","3","19708053","19708384","331"
"SL2.50ch05:19711216-19711706","12","19711216","19711706","490"
"SL2.50ch05:19759005-19759336","4","19759005","19759336","331"
"SL2.50ch05:19853440-19855026","36","19853440","19855026","1586"
"SL2.50ch05:19856632-19857957","30","19856632","19857957","1325"
"SL2.50ch05:19861412-19861816","15","19861412","19861816","404"
"SL2.50ch05:19862602-19863006","7","19862602","19863006","404"
"SL2.50ch05:20083995-20084376","3","20083995","20084376","381"
"SL2.50ch05:2203078-2203720","170","2203078","2203720","642"
"SL2.50ch05:2203124-2203700","170","2203124","2203700","576"
"SL2.50ch05:22229509-22229943","5","22229509","22229943","434"
"SL2.50ch05:24103037-24103418","2","24103037","24103418","381"
"SL2.50ch05:24201496-24201877","3","24201496","24201877","381"
"SL2.50ch05:24361731-24362416","75","24361731","24362416","685"
"SL2.50ch05:24361792-24362383","75","24361792","24362383","591"
"SL2.50ch05:25812462-25813223","303","25812462","25813223","761"
"SL2.50ch05:25812555-25813179","302","25812555","25813179","624"
"SL2.50ch05:26626513-26626894","129","26626513","26626894","381"
"SL2.50ch05:26633231-26633719","6","26633231","26633719","488"
"SL2.50ch05:27332331-27332808","32","27332331","27332808","477"
"SL2.50ch05:27332339-27332743","32","27332339","27332743","404"
"SL2.50ch05:28301302-28301954","465","28301302","28301954","652"
"SL2.50ch05:28301333-28301965","465","28301333","28301965","632"
"SL2.50ch05:28401561-28401892","5","28401561","28401892","331"
"SL2.50ch05:29349509-29349922","9","29349509","29349922","413"
"SL2.50ch05:30096129-30096547","19","30096129","30096547","418"
"SL2.50ch05:30114820-30115151","10","30114820","30115151","331"
"SL2.50ch05:30138122-30138697","48","30138122","30138697","575"
"SL2.50ch05:30147627-30148491","29","30147627","30148491","864"
"SL2.50ch05:30147746-30148650","32","30147746","30148650","904"
"SL2.50ch05:30152644-30154543","78","30152644","30154543","1899"
"SL2.50ch05:30152985-30154006","58","30152985","30154006","1021"
"SL2.50ch05:30156828-30157232","19","30156828","30157232","404"
"SL2.50ch05:30156852-30157233","19","30156852","30157233","381"
"SL2.50ch05:30363697-30364389","20","30363697","30364389","692"
"SL2.50ch05:34059094-34059674","115","34059094","34059674","580"
"SL2.50ch05:34059144-34059617","111","34059144","34059617","473"
"SL2.50ch05:34096226-34097364","1463","34096226","34097364","1138"
"SL2.50ch05:34096261-34097447","1463","34096261","34097447","1186"
"SL2.50ch05:34099408-34100806","7996","34099408","34100806","1398"
"SL2.50ch05:34099451-34100853","7996","34099451","34100853","1402"
"SL2.50ch05:34480723-34481104","5","34480723","34481104","381"
"SL2.50ch05:35110282-35110857","12","35110282","35110857","575"
"SL2.50ch05:35110320-35110651","7","35110320","35110651","331"
"SL2.50ch05:35698357-35699539","94","35698357","35699539","1182"
"SL2.50ch05:35698543-35699463","90","35698543","35699463","920"
"SL2.50ch05:36962640-36963113","84","36962640","36963113","473"
"SL2.50ch05:36962682-36963063","84","36962682","36963063","381"
"SL2.50ch05:3700932-3702233","16","3700932","3702233","1301"
"SL2.50ch05:3701791-3702230","6","3701791","3702230","439"
"SL2.50ch05:39240018-39240584","2","39240018","39240584","566"
"SL2.50ch05:39394971-39395579","13","39394971","39395579","608"
"SL2.50ch05:39395236-39395617","9","39395236","39395617","381"
"SL2.50ch05:39968353-39972493","136","39968353","39972493","4140"
"SL2.50ch05:39973315-39974018","22","39973315","39974018","703"
"SL2.50ch05:40067756-40069087","57","40067756","40069087","1331"
"SL2.50ch05:40068143-40069037","52","40068143","40069037","894"
"SL2.50ch05:42981754-42982235","4","42981754","42982235","481"
"SL2.50ch05:42985502-42986002","15","42985502","42986002","500"
"SL2.50ch05:42985526-42986002","15","42985526","42986002","476"
"SL2.50ch05:45135281-45135914","212","45135281","45135914","633"
"SL2.50ch05:45135327-45135881","212","45135327","45135881","554"
"SL2.50ch05:47294856-47295187","10","47294856","47295187","331"
"SL2.50ch05:47671717-47672048","9","47671717","47672048","331"
"SL2.50ch05:47779945-47780427","3","47779945","47780427","482"
"SL2.50ch05:48771151-48771886","21","48771151","48771886","735"
"SL2.50ch05:49830528-49830994","7","49830528","49830994","466"
"SL2.50ch05:49929892-49930514","57","49929892","49930514","622"
"SL2.50ch05:49929931-49930553","58","49929931","49930553","622"
"SL2.50ch05:50407719-50408100","5","50407719","50408100","381"
"SL2.50ch05:51313841-51315982","1093","51313841","51315982","2141"
"SL2.50ch05:51314141-51315271","1079","51314141","51315271","1130"
"SL2.50ch05:51317108-51317439","19","51317108","51317439","331"
"SL2.50ch05:51467418-51467901","20","51467418","51467901","483"
"SL2.50ch05:51486830-51487211","7","51486830","51487211","381"
"SL2.50ch05:54806564-54806945","4","54806564","54806945","381"
"SL2.50ch05:56642259-56642640","6","56642259","56642640","381"
"SL2.50ch05:56674141-56674472","1","56674141","56674472","331"
"SL2.50ch05:56705782-56706417","25","56705782","56706417","635"
"SL2.50ch05:56705831-56706270","23","56705831","56706270","439"
"SL2.50ch05:57568879-57571321","164","57568879","57571321","2442"
"SL2.50ch05:57571883-57572825","276","57571883","57572825","942"
"SL2.50ch05:57574709-57576547","149","57574709","57576547","1838"
"SL2.50ch05:57574805-57576091","142","57574805","57576091","1286"
"SL2.50ch05:57583802-57584494","35","57583802","57584494","692"
"SL2.50ch05:57583997-57584401","35","57583997","57584401","404"
"SL2.50ch05:58886999-58887587","15","58886999","58887587","588"
"SL2.50ch05:58892119-58892799","588","58892119","58892799","680"
"SL2.50ch05:58892194-58892774","588","58892194","58892774","580"
"SL2.50ch05:60997418-60998297","64","60997418","60998297","879"
"SL2.50ch05:60997468-60998204","64","60997468","60998204","736"
"SL2.50ch05:61296040-61296421","11","61296040","61296421","381"
"SL2.50ch05:6201149-6201625","13","6201149","6201625","476"
"SL2.50ch05:62772319-62772973","183","62772319","62772973","654"
"SL2.50ch05:62772347-62772953","183","62772347","62772953","606"
"SL2.50ch05:62857645-62858218","22","62857645","62858218","573"
"SL2.50ch05:62857730-62858111","21","62857730","62858111","381"
"SL2.50ch05:64187011-64187408","6","64187011","64187408","397"
"SL2.50ch05:64808149-64808463","36","64808149","64808463","314"
"SL2.50ch05:64808156-64809141","48","64808156","64809141","985"
"SL2.50ch05:6498403-6499131","628","6498403","6499131","728"
"SL2.50ch05:6498423-6499134","628","6498423","6499134","711"
"SL2.50ch05:6728520-6728851","48","6728520","6728851","331"
"SL2.50ch05:6773458-6774010","89","6773458","6774010","552"
"SL2.50ch05:6773554-6773995","89","6773554","6773995","441"
"SL2.50ch05:8436040-8436421","10","8436040","8436421","381"
"SL2.50ch05:9087800-9088496","13","9087800","9088496","696"
"SL2.50ch06:10947409-10948377","29","10947409","10948377","968"
"SL2.50ch06:10950513-10951823","58","10950513","10951823","1310"
"SL2.50ch06:10957115-10958211","43","10957115","10958211","1096"
"SL2.50ch06:10961074-10962307","32","10961074","10962307","1233"
"SL2.50ch06:10963169-10964427","32","10963169","10964427","1258"
"SL2.50ch06:10965926-10966653","27","10965926","10966653","727"
"SL2.50ch06:10966185-10966589","21","10966185","10966589","404"
"SL2.50ch06:10968867-10970263","50","10968867","10970263","1396"
"SL2.50ch06:10971723-10972891","51","10971723","10972891","1168"
"SL2.50ch06:10971728-10972909","51","10971728","10972909","1181"
"SL2.50ch06:10979407-10980101","38","10979407","10980101","694"
"SL2.50ch06:10979446-10980177","38","10979446","10980177","731"
"SL2.50ch06:10982165-10983036","50","10982165","10983036","871"
"SL2.50ch06:10982174-10983088","50","10982174","10983088","914"
"SL2.50ch06:10986776-10990133","125","10986776","10990133","3357"
"SL2.50ch06:10986793-10990146","125","10986793","10990146","3353"
"SL2.50ch06:10996653-10998982","94","10996653","10998982","2329"
"SL2.50ch06:11000018-11000938","85","11000018","11000938","920"
"SL2.50ch06:11000031-11001002","85","11000031","11001002","971"
"SL2.50ch06:11009017-11014358","182","11009017","11014358","5341"
"SL2.50ch06:11019681-11027346","466","11019681","11027346","7665"
"SL2.50ch06:11019690-11027373","466","11019690","11027373","7683"
"SL2.50ch06:11032844-11037074","195","11032844","11037074","4230"
"SL2.50ch06:11032910-11037102","195","11032910","11037102","4192"
"SL2.50ch06:11037841-11040305","107","11037841","11040305","2464"
"SL2.50ch06:11040940-11044030","116","11040940","11044030","3090"
"SL2.50ch06:11050128-11054360","226","11050128","11054360","4232"
"SL2.50ch06:11050137-11054383","226","11050137","11054383","4246"
"SL2.50ch06:11067918-11068400","15","11067918","11068400","482"
"SL2.50ch06:11101554-11102380","20","11101554","11102380","826"
"SL2.50ch06:11121999-11124431","113","11121999","11124431","2432"
"SL2.50ch06:11125470-11127116","58","11125470","11127116","1646"
"SL2.50ch06:11127577-11128833","15","11127577","11128833","1256"
"SL2.50ch06:11137608-11138028","6","11137608","11138028","420"
"SL2.50ch06:11142266-11148185","173","11142266","11148185","5919"
"SL2.50ch06:11149965-11152499","110","11149965","11152499","2534"
"SL2.50ch06:11150240-11152056","85","11150240","11152056","1816"
"SL2.50ch06:11154178-11155976","65","11154178","11155976","1798"
"SL2.50ch06:11182085-11183486","16","11182085","11183486","1401"
"SL2.50ch06:11189145-11189476","14","11189145","11189476","331"
"SL2.50ch06:11225806-11226137","10","11225806","11226137","331"
"SL2.50ch06:11227199-11227858","35","11227199","11227858","659"
"SL2.50ch06:11232258-11232639","16","11232258","11232639","381"
"SL2.50ch06:11249962-11250548","7","11249962","11250548","586"
"SL2.50ch06:11282449-11282780","10","11282449","11282780","331"
"SL2.50ch06:11373336-11373815","5","11373336","11373815","479"
"SL2.50ch06:11374132-11374823","6","11374132","11374823","691"
"SL2.50ch06:11374397-11374728","4","11374397","11374728","331"
"SL2.50ch06:11537565-11538079","29","11537565","11538079","514"
"SL2.50ch06:11541452-11541783","4","11541452","11541783","331"
"SL2.50ch06:11564987-11566222","62","11564987","11566222","1235"
"SL2.50ch06:11565009-11565513","49","11565009","11565513","504"
"SL2.50ch06:11578387-11578768","11","11578387","11578768","381"
"SL2.50ch06:11581506-11581837","20","11581506","11581837","331"
"SL2.50ch06:11592346-11593517","57","11592346","11593517","1171"
"SL2.50ch06:11600456-11601309","42","11600456","11601309","853"
"SL2.50ch06:11605185-11606283","40","11605185","11606283","1098"
"SL2.50ch06:11607730-11609234","92","11607730","11609234","1504"
"SL2.50ch06:11607751-11609192","92","11607751","11609192","1441"
"SL2.50ch06:11610339-11612353","47","11610339","11612353","2014"
"SL2.50ch06:11615867-11616398","17","11615867","11616398","531"
"SL2.50ch06:11622835-11624534","106","11622835","11624534","1699"
"SL2.50ch06:11622845-11624328","102","11622845","11624328","1483"
"SL2.50ch06:11632052-11632718","56","11632052","11632718","666"
"SL2.50ch06:11632082-11632652","56","11632082","11632652","570"
"SL2.50ch06:11634548-11636811","119","11634548","11636811","2263"
"SL2.50ch06:11634549-11636814","119","11634549","11636814","2265"
"SL2.50ch06:12253948-12255474","83","12253948","12255474","1526"
"SL2.50ch06:12260916-12261634","17","12260916","12261634","718"
"SL2.50ch06:12264007-12268154","314","12264007","12268154","4147"
"SL2.50ch06:12268798-12269790","27","12268798","12269790","992"
"SL2.50ch06:12391176-12391618","21","12391176","12391618","442"
"SL2.50ch06:12412041-12412372","1","12412041","12412372","331"
"SL2.50ch06:12444950-12445993","40","12444950","12445993","1043"
"SL2.50ch06:12445028-12445966","40","12445028","12445966","938"
"SL2.50ch06:12447390-12448808","33","12447390","12448808","1418"
"SL2.50ch06:12513906-12514643","6","12513906","12514643","737"
"SL2.50ch06:12647474-12647855","11","12647474","12647855","381"
"SL2.50ch06:12661829-12662323","12","12661829","12662323","494"
"SL2.50ch06:12747589-12748565","6","12747589","12748565","976"
"SL2.50ch06:12761552-12761883","5","12761552","12761883","331"
"SL2.50ch06:12785820-12786361","2","12785820","12786361","541"
"SL2.50ch06:12849422-12850298","97","12849422","12850298","876"
"SL2.50ch06:12849583-12850366","97","12849583","12850366","783"
"SL2.50ch06:12875194-12875525","5","12875194","12875525","331"
"SL2.50ch06:12891357-12891738","2","12891357","12891738","381"
"SL2.50ch06:12931056-12931437","7","12931056","12931437","381"
"SL2.50ch06:12986616-12986997","0","12986616","12986997","381"
"SL2.50ch06:13010303-13011118","9","13010303","13011118","815"
"SL2.50ch06:13018711-13019092","6","13018711","13019092","381"
"SL2.50ch06:13052196-13052697","9","13052196","13052697","501"
"SL2.50ch06:13424117-13425113","127","13424117","13425113","996"
"SL2.50ch06:13424223-13425105","127","13424223","13425105","882"
"SL2.50ch06:16354420-16354824","10","16354420","16354824","404"
"SL2.50ch06:19992401-19992782","2","19992401","19992782","381"
"SL2.50ch06:20128520-20129249","544","20128520","20129249","729"
"SL2.50ch06:20129767-20130271","1010","20129767","20130271","504"
"SL2.50ch06:20515088-20515533","55","20515088","20515533","445"
"SL2.50ch06:20515111-20515588","55","20515111","20515588","477"
"SL2.50ch06:20964739-20965120","12","20964739","20965120","381"
"SL2.50ch06:21340971-21341487","88","21340971","21341487","516"
"SL2.50ch06:21340997-21341474","88","21340997","21341474","477"
"SL2.50ch06:21771206-21772206","29","21771206","21772206","1000"
"SL2.50ch06:21771437-21772110","26","21771437","21772110","673"
"SL2.50ch06:22980971-22981374","7","22980971","22981374","403"
"SL2.50ch06:24095780-24096111","7","24095780","24096111","331"
"SL2.50ch06:24168452-24168833","91","24168452","24168833","381"
"SL2.50ch06:24363884-24364282","12","24363884","24364282","398"
"SL2.50ch06:24536183-24536661","87","24536183","24536661","478"
"SL2.50ch06:26056901-26057232","6","26056901","26057232","331"
"SL2.50ch06:27436698-27437251","28","27436698","27437251","553"
"SL2.50ch06:27436707-27437301","28","27436707","27437301","594"
"SL2.50ch06:27475434-27477639","44","27475434","27477639","2205"
"SL2.50ch06:27691687-27692018","4","27691687","27692018","331"
"SL2.50ch06:29957413-29957917","4","29957413","29957917","504"
"SL2.50ch06:30643930-30644261","3","30643930","30644261","331"
"SL2.50ch06:30951068-30951467","11","30951068","30951467","399"
"SL2.50ch06:31135931-31136493","33","31135931","31136493","562"
"SL2.50ch06:31135949-31136534","33","31135949","31136534","585"
"SL2.50ch06:31144477-31144791","2","31144477","31144791","314"
"SL2.50ch06:32472516-32473343","10","32472516","32473343","827"
"SL2.50ch06:32472677-32473264","6","32472677","32473264","587"
"SL2.50ch06:3332788-3333307","19","3332788","3333307","519"
"SL2.50ch06:3332805-3333282","17","3332805","3333282","477"
"SL2.50ch06:33858355-33858984","38","33858355","33858984","629"
"SL2.50ch06:33858408-33858912","38","33858408","33858912","504"
"SL2.50ch06:3414446-3415308","17","3414446","3415308","862"
"SL2.50ch06:3424470-3424956","8","3424470","3424956","486"
"SL2.50ch06:3450859-3454807","92","3450859","3454807","3948"
"SL2.50ch06:3455247-3456666","25","3455247","3456666","1419"
"SL2.50ch06:34686221-34686640","14","34686221","34686640","419"
"SL2.50ch06:34686354-34686685","14","34686354","34686685","331"
"SL2.50ch06:3473858-3474189","12","3473858","3474189","331"
"SL2.50ch06:35232434-35232930","12","35232434","35232930","496"
"SL2.50ch06:35232443-35233047","14","35232443","35233047","604"
"SL2.50ch06:35841143-35842116","13","35841143","35842116","973"
"SL2.50ch06:35849344-35849894","6","35849344","35849894","550"
"SL2.50ch06:35855396-35855826","6","35855396","35855826","430"
"SL2.50ch06:36203477-36203864","19","36203477","36203864","387"
"SL2.50ch06:36593577-36594084","280","36593577","36594084","507"
"SL2.50ch06:36593589-36594065","280","36593589","36594065","476"
"SL2.50ch06:38692663-38693044","24","38692663","38693044","381"
"SL2.50ch06:38692679-38693089","24","38692679","38693089","410"
"SL2.50ch06:39340497-39340878","55","39340497","39340878","381"
"SL2.50ch06:39340502-39340906","55","39340502","39340906","404"
"SL2.50ch06:40138794-40139305","54","40138794","40139305","511"
"SL2.50ch06:40138835-40139291","54","40138835","40139291","456"
"SL2.50ch06:40454554-40455489","17","40454554","40455489","935"
"SL2.50ch06:42038148-42038552","21","42038148","42038552","404"
"SL2.50ch06:42038173-42038504","21","42038173","42038504","331"
"SL2.50ch06:4241451-4242037","34","4241451","4242037","586"
"SL2.50ch06:4241551-4241973","31","4241551","4241973","422"
"SL2.50ch06:42662943-42663546","292","42662943","42663546","603"
"SL2.50ch06:42662979-42663474","290","42662979","42663474","495"
"SL2.50ch06:4357169-4357799","148","4357169","4357799","630"
"SL2.50ch06:4357287-4357860","148","4357287","4357860","573"
"SL2.50ch06:43986841-43987261","53","43986841","43987261","420"
"SL2.50ch06:43986871-43987275","53","43986871","43987275","404"
"SL2.50ch06:44551082-44551775","10","44551082","44551775","693"
"SL2.50ch06:44654974-44655464","41","44654974","44655464","490"
"SL2.50ch06:44655030-44655411","41","44655030","44655411","381"
"SL2.50ch06:44744106-44744650","327","44744106","44744650","544"
"SL2.50ch06:44744152-44744589","327","44744152","44744589","437"
"SL2.50ch06:46138834-46139495","17","46138834","46139495","661"
"SL2.50ch06:46139046-46139467","15","46139046","46139467","421"
"SL2.50ch06:46145254-46148688","1283","46145254","46148688","3434"
"SL2.50ch06:46145319-46148663","1283","46145319","46148663","3344"
"SL2.50ch06:47239543-47240018","49","47239543","47240018","475"
"SL2.50ch06:47239593-47239976","48","47239593","47239976","383"
"SL2.50ch06:47293479-47294053","81","47293479","47294053","574"
"SL2.50ch06:47293625-47294071","79","47293625","47294071","446"
"SL2.50ch06:49737650-49738665","26","49737650","49738665","1015"
"SL2.50ch06:49737695-49738545","26","49737695","49738545","850"
"SL2.50ch06:5004425-5004927","14","5004425","5004927","502"
"SL2.50ch06:5008489-5008870","4","5008489","5008870","381"
"SL2.50ch06:5066776-5067157","8","5066776","5067157","381"
"SL2.50ch06:5075824-5076205","9","5075824","5076205","381"
"SL2.50ch06:5224495-5224826","6","5224495","5224826","331"
"SL2.50ch06:5261672-5262257","28","5261672","5262257","585"
"SL2.50ch06:5261686-5262235","28","5261686","5262235","549"
"SL2.50ch06:5300754-5301239","12","5300754","5301239","485"
"SL2.50ch06:5539405-5539736","7","5539405","5539736","331"
"SL2.50ch06:5771307-5772133","9","5771307","5772133","826"
"SL2.50ch06:5771379-5771910","8","5771379","5771910","531"
"SL2.50ch06:5967206-5967587","2","5967206","5967587","381"
"SL2.50ch06:6389557-6390114","63","6389557","6390114","557"
"SL2.50ch06:6389582-6390202","63","6389582","6390202","620"
"SL2.50ch06:6707638-6707969","11","6707638","6707969","331"
"SL2.50ch06:7067797-7068178","5","7067797","7068178","381"
"SL2.50ch06:7575695-7576076","5","7575695","7576076","381"
"SL2.50ch06:7609806-7610281","26","7609806","7610281","475"
"SL2.50ch06:7609870-7610251","25","7609870","7610251","381"
"SL2.50ch06:7918580-7919090","12","7918580","7919090","510"
"SL2.50ch06:8571905-8572751","5","8571905","8572751","846"
"SL2.50ch06:8594302-8596098","37","8594302","8596098","1796"
"SL2.50ch07:10484474-10485393","82","10484474","10485393","919"
"SL2.50ch07:10484584-10485404","79","10484584","10485404","820"
"SL2.50ch07:10490137-10490882","208","10490137","10490882","745"
"SL2.50ch07:10490157-10490846","208","10490157","10490846","689"
"SL2.50ch07:11631182-11631753","17","11631182","11631753","571"
"SL2.50ch07:11631232-11631655","15","11631232","11631655","423"
"SL2.50ch07:11852517-11854058","64","11852517","11854058","1541"
"SL2.50ch07:11852568-11854114","66","11852568","11854114","1546"
"SL2.50ch07:11854828-11856849","223","11854828","11856849","2021"
"SL2.50ch07:11854838-11856909","225","11854838","11856909","2071"
"SL2.50ch07:12792028-12792566","16","12792028","12792566","538"
"SL2.50ch07:13061177-13061558","1","13061177","13061558","381"
"SL2.50ch07:14185905-14186286","1","14185905","14186286","381"
"SL2.50ch07:14895177-14895660","4","14895177","14895660","483"
"SL2.50ch07:154-644","22","154","644","490"
"SL2.50ch07:16218905-16219478","15","16218905","16219478","573"
"SL2.50ch07:16794790-16795121","29","16794790","16795121","331"
"SL2.50ch07:19797843-19798311","7","19797843","19798311","468"
"SL2.50ch07:19804202-19804706","5","19804202","19804706","504"
"SL2.50ch07:19824914-19825318","8","19824914","19825318","404"
"SL2.50ch07:19845517-19845848","11","19845517","19845848","331"
"SL2.50ch07:19862962-19864091","15","19862962","19864091","1129"
"SL2.50ch07:19882116-19882627","24","19882116","19882627","511"
"SL2.50ch07:19882263-19882743","26","19882263","19882743","480"
"SL2.50ch07:19886335-19887665","55","19886335","19887665","1330"
"SL2.50ch07:19950344-19950963","8","19950344","19950963","619"
"SL2.50ch07:2038-2579","27","2038","2579","541"
"SL2.50ch07:222-2571","60","222","2571","2349"
"SL2.50ch07:2361885-2362270","18","2361885","2362270","385"
"SL2.50ch07:26467738-26468069","0","26467738","26468069","331"
"SL2.50ch07:27291275-27291834","12","27291275","27291834","559"
"SL2.50ch07:27969921-27970302","4","27969921","27970302","381"
"SL2.50ch07:28302964-28303555","421","28302964","28303555","591"
"SL2.50ch07:28303048-28303619","420","28303048","28303619","571"
"SL2.50ch07:29209556-29210196","35","29209556","29210196","640"
"SL2.50ch07:29209644-29210025","33","29209644","29210025","381"
"SL2.50ch07:29621993-29622555","4","29621993","29622555","562"
"SL2.50ch07:29775314-29775846","10","29775314","29775846","532"
"SL2.50ch07:2999380-3000365","32","2999380","3000365","985"
"SL2.50ch07:2999657-3000382","28","2999657","3000382","725"
"SL2.50ch07:30901950-30903433","63","30901950","30903433","1483"
"SL2.50ch07:30901983-30903426","63","30901983","30903426","1443"
"SL2.50ch07:30904001-30904867","15","30904001","30904867","866"
"SL2.50ch07:30904013-30904344","10","30904013","30904344","331"
"SL2.50ch07:30906088-30906620","76","30906088","30906620","532"
"SL2.50ch07:30906121-30906581","75","30906121","30906581","460"
"SL2.50ch07:32432778-32433597","214","32432778","32433597","819"
"SL2.50ch07:32433027-32433607","214","32433027","32433607","580"
"SL2.50ch07:34439305-34439686","7","34439305","34439686","381"
"SL2.50ch07:35067189-35067570","8","35067189","35067570","381"
"SL2.50ch07:36068583-36069109","6","36068583","36069109","526"
"SL2.50ch07:36068623-36069186","6","36068623","36069186","563"
"SL2.50ch07:3774928-3776334","40","3774928","3776334","1406"
"SL2.50ch07:38161094-38161653","8","38161094","38161653","559"
"SL2.50ch07:39115128-39115459","12","39115128","39115459","331"
"SL2.50ch07:39119631-39120035","39","39119631","39120035","404"
"SL2.50ch07:39119691-39120022","39","39119691","39120022","331"
"SL2.50ch07:4007330-4008116","71","4007330","4008116","786"
"SL2.50ch07:4007359-4008082","70","4007359","4008082","723"
"SL2.50ch07:44373280-44373661","12","44373280","44373661","381"
"SL2.50ch07:44383776-44384209","24","44383776","44384209","433"
"SL2.50ch07:44383777-44384198","22","44383777","44384198","421"
"SL2.50ch07:44576879-44577295","15","44576879","44577295","416"
"SL2.50ch07:45281877-45282258","5","45281877","45282258","381"
"SL2.50ch07:45560506-45560994","10","45560506","45560994","488"
"SL2.50ch07:47753072-47753453","2","47753072","47753453","381"
"SL2.50ch07:4797941-4798272","13","4797941","4798272","331"
"SL2.50ch07:48041097-48041612","5","48041097","48041612","515"
"SL2.50ch07:48381568-48382040","6","48381568","48382040","472"
"SL2.50ch07:4895812-4896296","1","4895812","4896296","484"
"SL2.50ch07:50218675-50219079","19","50218675","50219079","404"
"SL2.50ch07:50218773-50219104","16","50218773","50219104","331"
"SL2.50ch07:5061098-5061517","9","5061098","5061517","419"
"SL2.50ch07:50623432-50623911","9","50623432","50623911","479"
"SL2.50ch07:50623456-50624030","9","50623456","50624030","574"
"SL2.50ch07:5066460-5067638","24","5066460","5067638","1178"
"SL2.50ch07:52229717-52230208","22","52229717","52230208","491"
"SL2.50ch07:52229815-52230196","22","52229815","52230196","381"
"SL2.50ch07:52359458-52359772","1","52359458","52359772","314"
"SL2.50ch07:52372224-52372538","10","52372224","52372538","314"
"SL2.50ch07:5329634-5330048","21","5329634","5330048","414"
"SL2.50ch07:5355046-5355716","15","5355046","5355716","670"
"SL2.50ch07:5356731-5357135","10","5356731","5357135","404"
"SL2.50ch07:5385939-5386418","2","5385939","5386418","479"
"SL2.50ch07:5390060-5390391","1","5390060","5390391","331"
"SL2.50ch07:53975469-53975850","38","53975469","53975850","381"
"SL2.50ch07:5413307-5413638","6","5413307","5413638","331"
"SL2.50ch07:5450366-5452125","35","5450366","5452125","1759"
"SL2.50ch07:54736727-54737286","35","54736727","54737286","559"
"SL2.50ch07:54736814-54737356","35","54736814","54737356","542"
"SL2.50ch07:55282872-55283203","58","55282872","55283203","331"
"SL2.50ch07:55624036-55624417","8","55624036","55624417","381"
"SL2.50ch07:55632636-55633402","19","55632636","55633402","766"
"SL2.50ch07:55632892-55633419","14","55632892","55633419","527"
"SL2.50ch07:5584381-5585173","20","5584381","5585173","792"
"SL2.50ch07:5586876-5587257","8","5586876","5587257","381"
"SL2.50ch07:56095617-56096086","31","56095617","56096086","469"
"SL2.50ch07:56754920-56755411","12","56754920","56755411","491"
"SL2.50ch07:56755026-56755357","10","56755026","56755357","331"
"SL2.50ch07:56757178-56757964","10","56757178","56757964","786"
"SL2.50ch07:56757244-56757688","5","56757244","56757688","444"
"SL2.50ch07:57398904-57399485","14","57398904","57399485","581"
"SL2.50ch07:57399017-57399450","14","57399017","57399450","433"
"SL2.50ch07:57399966-57400347","17","57399966","57400347","381"
"SL2.50ch07:57401731-57402243","19","57401731","57402243","512"
"SL2.50ch07:57406415-57407105","8","57406415","57407105","690"
"SL2.50ch07:57431514-57431928","6","57431514","57431928","414"
"SL2.50ch07:58301158-58301618","22","58301158","58301618","460"
"SL2.50ch07:58301216-58301699","22","58301216","58301699","483"
"SL2.50ch07:58802339-58805033","55","58802339","58805033","2694"
"SL2.50ch07:59388865-59389400","55","59388865","59389400","535"
"SL2.50ch07:59388872-59389382","55","59388872","59389382","510"
"SL2.50ch07:59507081-59507651","463","59507081","59507651","570"
"SL2.50ch07:59507100-59507681","463","59507100","59507681","581"
"SL2.50ch07:61301593-61302334","42","61301593","61302334","741"
"SL2.50ch07:61301628-61302228","42","61301628","61302228","600"
"SL2.50ch07:62472101-62472482","18","62472101","62472482","381"
"SL2.50ch07:64790110-64790491","12","64790110","64790491","381"
"SL2.50ch07:65784674-65785078","35","65784674","65785078","404"
"SL2.50ch07:65784723-65785054","35","65784723","65785054","331"
"SL2.50ch07:67284176-67284832","10","67284176","67284832","656"
"SL2.50ch07:67912732-67913063","6","67912732","67913063","331"
"SL2.50ch07:6845941-6846255","6","6845941","6846255","314"
"SL2.50ch07:7832010-7832632","42","7832010","7832632","622"
"SL2.50ch07:7832066-7832643","42","7832066","7832643","577"
"SL2.50ch07:8823263-8824031","17","8823263","8824031","768"
"SL2.50ch07:8823669-8824050","11","8823669","8824050","381"
"SL2.50ch07:8824548-8825026","20","8824548","8825026","478"
"SL2.50ch07:9898065-9898700","8","9898065","9898700","635"
"SL2.50ch07:9898163-9898669","6","9898163","9898669","506"
"SL2.50ch07:9909935-9910328","8","9909935","9910328","393"
"SL2.50ch08:10002647-10004817","115","10002647","10004817","2170"
"SL2.50ch08:10005533-10006891","60","10005533","10006891","1358"
"SL2.50ch08:10005568-10006873","60","10005568","10006873","1305"
"SL2.50ch08:10011790-10013473","87","10011790","10013473","1683"
"SL2.50ch08:10011801-10013458","87","10011801","10013458","1657"
"SL2.50ch08:10015712-10017858","141","10015712","10017858","2146"
"SL2.50ch08:10015740-10017922","141","10015740","10017922","2182"
"SL2.50ch08:10024208-10028275","290","10024208","10028275","4067"
"SL2.50ch08:10024251-10028292","289","10024251","10028292","4041"
"SL2.50ch08:10030595-10031855","53","10030595","10031855","1260"
"SL2.50ch08:10032600-10036508","167","10032600","10036508","3908"
"SL2.50ch08:10118904-10119390","12","10118904","10119390","486"
"SL2.50ch08:10118930-10119322","12","10118930","10119322","392"
"SL2.50ch08:10428374-10428886","20","10428374","10428886","512"
"SL2.50ch08:10428946-10430169","45","10428946","10430169","1223"
"SL2.50ch08:10429599-10430003","18","10429599","10430003","404"
"SL2.50ch08:10434563-10437241","65","10434563","10437241","2678"
"SL2.50ch08:10445638-10446435","12","10445638","10446435","797"
"SL2.50ch08:10751620-10752185","14","10751620","10752185","565"
"SL2.50ch08:10821079-10821882","12","10821079","10821882","803"
"SL2.50ch08:10888296-10889971","29","10888296","10889971","1675"
"SL2.50ch08:10943904-10944540","15","10943904","10944540","636"
"SL2.50ch08:10943984-10944315","11","10943984","10944315","331"
"SL2.50ch08:11082853-11083390","29","11082853","11083390","537"
"SL2.50ch08:11082916-11083320","29","11082916","11083320","404"
"SL2.50ch08:11130561-11131537","117","11130561","11131537","976"
"SL2.50ch08:11130610-11131455","116","11130610","11131455","845"
"SL2.50ch08:11137944-11141315","1480","11137944","11141315","3371"
"SL2.50ch08:11137972-11141241","1478","11137972","11141241","3269"
"SL2.50ch08:11147893-11149553","159","11147893","11149553","1660"
"SL2.50ch08:11147992-11149016","155","11147992","11149016","1024"
"SL2.50ch08:11732661-11733614","73","11732661","11733614","953"
"SL2.50ch08:11732707-11733646","74","11732707","11733646","939"
"SL2.50ch08:11881136-11881517","13","11881136","11881517","381"
"SL2.50ch08:12167350-12167897","5","12167350","12167897","547"
"SL2.50ch08:14782902-14783428","14","14782902","14783428","526"
"SL2.50ch08:14814597-14814928","3","14814597","14814928","331"
"SL2.50ch08:14999691-15000656","77","14999691","15000656","965"
"SL2.50ch08:14999740-15000606","77","14999740","15000606","866"
"SL2.50ch08:15167804-15168524","58","15167804","15168524","720"
"SL2.50ch08:15167815-15168517","58","15167815","15168517","702"
"SL2.50ch08:15513806-15514870","21","15513806","15514870","1064"
"SL2.50ch08:15515420-15516377","36","15515420","15516377","957"
"SL2.50ch08:15515544-15516319","33","15515544","15516319","775"
"SL2.50ch08:15517604-15518082","14","15517604","15518082","478"
"SL2.50ch08:15542570-15543146","9","15542570","15543146","576"
"SL2.50ch08:15547426-15547934","25","15547426","15547934","508"
"SL2.50ch08:15554959-15555500","15","15554959","15555500","541"
"SL2.50ch08:15554971-15555471","15","15554971","15555471","500"
"SL2.50ch08:15556237-15557294","37","15556237","15557294","1057"
"SL2.50ch08:15556337-15556952","24","15556337","15556952","615"
"SL2.50ch08:15599337-15599668","8","15599337","15599668","331"
"SL2.50ch08:15611848-15612373","9","15611848","15612373","525"
"SL2.50ch08:15611858-15612262","8","15611858","15612262","404"
"SL2.50ch08:15838864-15839355","24","15838864","15839355","491"
"SL2.50ch08:15838937-15839341","23","15838937","15839341","404"
"SL2.50ch08:15840171-15840654","25","15840171","15840654","483"
"SL2.50ch08:15840223-15840700","25","15840223","15840700","477"
"SL2.50ch08:15842234-15842741","23","15842234","15842741","507"
"SL2.50ch08:15842254-15842829","23","15842254","15842829","575"
"SL2.50ch08:15843700-15844081","10","15843700","15844081","381"
"SL2.50ch08:15847434-15847878","19","15847434","15847878","444"
"SL2.50ch08:15847471-15847852","19","15847471","15847852","381"
"SL2.50ch08:16026869-16027904","63","16026869","16027904","1035"
"SL2.50ch08:16026903-16027866","63","16026903","16027866","963"
"SL2.50ch08:16031640-16032073","31","16031640","16032073","433"
"SL2.50ch08:16806935-16807249","2","16806935","16807249","314"
"SL2.50ch08:17270165-17270546","6","17270165","17270546","381"
"SL2.50ch08:17908895-17909226","4","17908895","17909226","331"
"SL2.50ch08:18438023-18438427","25","18438023","18438427","404"
"SL2.50ch08:20104688-20105019","5","20104688","20105019","331"
"SL2.50ch08:22009830-22010344","3","22009830","22010344","514"
"SL2.50ch08:22076676-22077080","5","22076676","22077080","404"
"SL2.50ch08:22534316-22534721","24","22534316","22534721","405"
"SL2.50ch08:24010344-24010725","8","24010344","24010725","381"
"SL2.50ch08:25335964-25336450","18","25335964","25336450","486"
"SL2.50ch08:25669393-25670020","22","25669393","25670020","627"
"SL2.50ch08:25669541-25669872","20","25669541","25669872","331"
"SL2.50ch08:2620359-2620865","24","2620359","2620865","506"
"SL2.50ch08:2620388-2620769","23","2620388","2620769","381"
"SL2.50ch08:26692777-26693800","25","26692777","26693800","1023"
"SL2.50ch08:27633104-27633749","692","27633104","27633749","645"
"SL2.50ch08:27633182-27633720","691","27633182","27633720","538"
"SL2.50ch08:28156057-28156388","13","28156057","28156388","331"
"SL2.50ch08:28974492-28975079","10","28974492","28975079","587"
"SL2.50ch08:29077358-29077772","1","29077358","29077772","414"
"SL2.50ch08:30786206-30786950","8","30786206","30786950","744"
"SL2.50ch08:30793548-30793929","8","30793548","30793929","381"
"SL2.50ch08:31765704-31766610","316","31765704","31766610","906"
"SL2.50ch08:31765782-31766550","313","31765782","31766550","768"
"SL2.50ch08:32821682-32822263","59","32821682","32822263","581"
"SL2.50ch08:32821774-32822279","59","32821774","32822279","505"
"SL2.50ch08:33047344-33047675","3","33047344","33047675","331"
"SL2.50ch08:34430564-34431484","20","34430564","34431484","920"
"SL2.50ch08:36327433-36327764","5","36327433","36327764","331"
"SL2.50ch08:36793005-36793386","4","36793005","36793386","381"
"SL2.50ch08:37202422-37203959","78","37202422","37203959","1537"
"SL2.50ch08:37202647-37203707","77","37202647","37203707","1060"
"SL2.50ch08:37401957-37402433","105","37401957","37402433","476"
"SL2.50ch08:39144874-39154075","2743","39144874","39154075","9201"
"SL2.50ch08:39144954-39146361","245","39144954","39146361","1407"
"SL2.50ch08:39148354-39154081","2144","39148354","39154081","5727"
"SL2.50ch08:39368577-39368908","9","39368577","39368908","331"
"SL2.50ch08:39823771-39824152","8","39823771","39824152","381"
"SL2.50ch08:40203197-40203674","6","40203197","40203674","477"
"SL2.50ch08:40547974-40548655","20","40547974","40548655","681"
"SL2.50ch08:41015930-41016311","3","41015930","41016311","381"
"SL2.50ch08:41075542-41076191","16","41075542","41076191","649"
"SL2.50ch08:41469338-41470035","5","41469338","41470035","697"
"SL2.50ch08:42177168-42177549","13","42177168","42177549","381"
"SL2.50ch08:42861626-42862141","11","42861626","42862141","515"
"SL2.50ch08:43103112-43103493","1","43103112","43103493","381"
"SL2.50ch08:4393994-4394436","93","4393994","4394436","442"
"SL2.50ch08:4393998-4394439","93","4393998","4394439","441"
"SL2.50ch08:44452684-44453110","10","44452684","44453110","426"
"SL2.50ch08:44453900-44454707","10","44453900","44454707","807"
"SL2.50ch08:44453955-44454807","10","44453955","44454807","852"
"SL2.50ch08:44703510-44703921","34","44703510","44703921","411"
"SL2.50ch08:45328710-45329041","1","45328710","45329041","331"
"SL2.50ch08:46709361-46710441","72","46709361","46710441","1080"
"SL2.50ch08:46709638-46710359","65","46709638","46710359","721"
"SL2.50ch08:46711088-46711419","13","46711088","46711419","331"
"SL2.50ch08:46953388-46956864","2846","46953388","46956864","3476"
"SL2.50ch08:46953415-46956255","2845","46953415","46956255","2840"
"SL2.50ch08:48239831-48240908","90","48239831","48240908","1077"
"SL2.50ch08:48239875-48240887","90","48239875","48240887","1012"
"SL2.50ch08:49240268-49240824","3","49240268","49240824","556"
"SL2.50ch08:50477308-50478101","24","50477308","50478101","793"
"SL2.50ch08:50497942-50498323","3","50497942","50498323","381"
"SL2.50ch08:50544007-50544528","7","50544007","50544528","521"
"SL2.50ch08:5160554-5160885","1","5160554","5160885","331"
"SL2.50ch08:51743953-51744426","131","51743953","51744426","473"
"SL2.50ch08:51879524-51880278","18","51879524","51880278","754"
"SL2.50ch08:52271090-52271421","3","52271090","52271421","331"
"SL2.50ch08:5420200-5420795","27","5420200","5420795","595"
"SL2.50ch08:54478649-54479041","147","54478649","54479041","392"
"SL2.50ch08:54823862-54824451","15","54823862","54824451","589"
"SL2.50ch08:54901586-54901917","6","54901586","54901917","331"
"SL2.50ch08:54992822-54994428","31","54992822","54994428","1606"
"SL2.50ch08:54992918-54994412","25","54992918","54994412","1494"
"SL2.50ch08:57456480-57456922","32","57456480","57456922","442"
"SL2.50ch08:57456497-57456878","32","57456497","57456878","381"
"SL2.50ch08:57485275-57486166","242","57485275","57486166","891"
"SL2.50ch08:57485318-57486127","242","57485318","57486127","809"
"SL2.50ch08:57859970-57863383","97","57859970","57863383","3413"
"SL2.50ch08:60628938-60630113","46","60628938","60630113","1175"
"SL2.50ch08:60629025-60629899","44","60629025","60629899","874"
"SL2.50ch08:61394563-61394946","20","61394563","61394946","383"
"SL2.50ch08:63628678-63629726","22","63628678","63629726","1048"
"SL2.50ch08:65065998-65066664","13","65065998","65066664","666"
"SL2.50ch08:65133233-65133737","19","65133233","65133737","504"
"SL2.50ch08:65133290-65133715","19","65133290","65133715","425"
"SL2.50ch08:65307754-65308248","16","65307754","65308248","494"
"SL2.50ch08:65307832-65308213","16","65307832","65308213","381"
"SL2.50ch08:6538025-6538356","4","6538025","6538356","331"
"SL2.50ch08:6548254-6548871","77","6548254","6548871","617"
"SL2.50ch08:7035515-7035997","23","7035515","7035997","482"
"SL2.50ch08:7035551-7035934","23","7035551","7035934","383"
"SL2.50ch08:7188815-7190115","10","7188815","7190115","1300"
"SL2.50ch08:7751707-7752126","14","7751707","7752126","419"
"SL2.50ch08:9428445-9429609","44","9428445","9429609","1164"
"SL2.50ch08:9453312-9453643","3","9453312","9453643","331"
"SL2.50ch08:9465674-9467113","47","9465674","9467113","1439"
"SL2.50ch08:9985700-9986431","63","9985700","9986431","731"
"SL2.50ch08:9985738-9986349","63","9985738","9986349","611"
"SL2.50ch08:9987917-9990374","278","9987917","9990374","2457"
"SL2.50ch08:9987980-9990352","275","9987980","9990352","2372"
"SL2.50ch08:9993060-9995894","239","9993060","9995894","2834"
"SL2.50ch08:9993110-9995845","238","9993110","9995845","2735"
"SL2.50ch09:10572288-10572752","23","10572288","10572752","464"
"SL2.50ch09:11297372-11304280","1444","11297372","11304280","6908"
"SL2.50ch09:11297455-11301487","949","11297455","11301487","4032"
"SL2.50ch09:11302205-11304217","490","11302205","11304217","2012"
"SL2.50ch09:11306416-11308324","325","11306416","11308324","1908"
"SL2.50ch09:11306567-11308222","325","11306567","11308222","1655"
"SL2.50ch09:11310024-11314093","446","11310024","11314093","4069"
"SL2.50ch09:11310074-11312436","405","11310074","11312436","2362"
"SL2.50ch09:11312983-11313898","35","11312983","11313898","915"
"SL2.50ch09:11838269-11838600","3","11838269","11838600","331"
"SL2.50ch09:13565000-13565471","6","13565000","13565471","471"
"SL2.50ch09:13687955-13688340","75","13687955","13688340","385"
"SL2.50ch09:13697408-13698632","32","13697408","13698632","1224"
"SL2.50ch09:15004929-15005310","40","15004929","15005310","381"
"SL2.50ch09:1555948-1556329","51","1555948","1556329","381"
"SL2.50ch09:1555956-1556389","51","1555956","1556389","433"
"SL2.50ch09:16106991-16107322","8","16106991","16107322","331"
"SL2.50ch09:17060794-17061198","35","17060794","17061198","404"
"SL2.50ch09:17060804-17061135","35","17060804","17061135","331"
"SL2.50ch09:17597972-17598353","4","17597972","17598353","381"
"SL2.50ch09:17852973-17853411","14","17852973","17853411","438"
"SL2.50ch09:17853002-17853383","14","17853002","17853383","381"
"SL2.50ch09:18467903-18468328","15","18467903","18468328","425"
"SL2.50ch09:18938957-18939338","73","18938957","18939338","381"
"SL2.50ch09:21762754-21763135","4","21762754","21763135","381"
"SL2.50ch09:21821098-21821429","4","21821098","21821429","331"
"SL2.50ch09:21941177-21941508","8","21941177","21941508","331"
"SL2.50ch09:22135943-22136274","9","22135943","22136274","331"
"SL2.50ch09:22431248-22431629","4","22431248","22431629","381"
"SL2.50ch09:22437801-22438132","4","22437801","22438132","331"
"SL2.50ch09:22897093-22897424","2","22897093","22897424","331"
"SL2.50ch09:2437108-2437694","115","2437108","2437694","586"
"SL2.50ch09:2437132-2437672","115","2437132","2437672","540"
"SL2.50ch09:24474565-24475346","153","24474565","24475346","781"
"SL2.50ch09:24474571-24475431","153","24474571","24475431","860"
"SL2.50ch09:25663452-25663766","8","25663452","25663766","314"
"SL2.50ch09:25887279-25887683","32","25887279","25887683","404"
"SL2.50ch09:25887332-25887713","31","25887332","25887713","381"
"SL2.50ch09:26984447-26984828","3","26984447","26984828","381"
"SL2.50ch09:27413762-27414450","21","27413762","27414450","688"
"SL2.50ch09:27651027-27651544","4","27651027","27651544","517"
"SL2.50ch09:29279607-29280010","4","29279607","29280010","403"
"SL2.50ch09:29381878-29382209","7","29381878","29382209","331"
"SL2.50ch09:35300706-35302558","480","35300706","35302558","1852"
"SL2.50ch09:35300711-35302502","480","35300711","35302502","1791"
"SL2.50ch09:35303361-35309113","1011","35303361","35309113","5752"
"SL2.50ch09:37523012-37523659","29","37523012","37523659","647"
"SL2.50ch09:37523144-37523629","29","37523144","37523629","485"
"SL2.50ch09:37543881-37544373","5","37543881","37544373","492"
"SL2.50ch09:37849789-37850170","9","37849789","37850170","381"
"SL2.50ch09:3963936-3964267","15","3963936","3964267","331"
"SL2.50ch09:39657490-39657821","1","39657490","39657821","331"
"SL2.50ch09:40280143-40281553","4426","40280143","40281553","1410"
"SL2.50ch09:40280172-40281545","4426","40280172","40281545","1373"
"SL2.50ch09:40947194-40947781","7","40947194","40947781","587"
"SL2.50ch09:40947203-40947715","7","40947203","40947715","512"
"SL2.50ch09:41017563-41017894","6","41017563","41017894","331"
"SL2.50ch09:41491452-41491783","10","41491452","41491783","331"
"SL2.50ch09:41909205-41909648","2","41909205","41909648","443"
"SL2.50ch09:41911466-41912964","39","41911466","41912964","1498"
"SL2.50ch09:42412888-42413390","7","42412888","42413390","502"
"SL2.50ch09:42668675-42669276","11","42668675","42669276","601"
"SL2.50ch09:43219510-43219841","9","43219510","43219841","331"
"SL2.50ch09:44296701-44297082","3","44296701","44297082","381"
"SL2.50ch09:45297510-45298512","9","45297510","45298512","1002"
"SL2.50ch09:45297710-45298261","7","45297710","45298261","551"
"SL2.50ch09:45397104-45398205","105","45397104","45398205","1101"
"SL2.50ch09:45397113-45398181","105","45397113","45398181","1068"
"SL2.50ch09:45750930-45751311","8","45750930","45751311","381"
"SL2.50ch09:46223872-46224276","4","46223872","46224276","404"
"SL2.50ch09:46262512-46263393","1318","46262512","46263393","881"
"SL2.50ch09:46262519-46263341","1318","46262519","46263341","822"
"SL2.50ch09:46687672-46688188","21","46687672","46688188","516"
"SL2.50ch09:46687826-46688157","16","46687826","46688157","331"
"SL2.50ch09:48658671-48659075","6","48658671","48659075","404"
"SL2.50ch09:48889000-48889623","48","48889000","48889623","623"
"SL2.50ch09:48889173-48889607","48","48889173","48889607","434"
"SL2.50ch09:49473050-49473529","6","49473050","49473529","479"
"SL2.50ch09:49777729-49778110","6","49777729","49778110","381"
"SL2.50ch09:50745655-50746138","39","50745655","50746138","483"
"SL2.50ch09:50745734-50746148","39","50745734","50746148","414"
"SL2.50ch09:51276055-51276436","136","51276055","51276436","381"
"SL2.50ch09:51473938-51474319","6","51473938","51474319","381"
"SL2.50ch09:52104855-52105186","30","52104855","52105186","331"
"SL2.50ch09:53088477-53090485","481","53088477","53090485","2008"
"SL2.50ch09:53088577-53090450","480","53088577","53090450","1873"
"SL2.50ch09:53498611-53499037","4","53498611","53499037","426"
"SL2.50ch09:56322360-56322811","30","56322360","56322811","451"
"SL2.50ch09:56413626-56414046","20","56413626","56414046","420"
"SL2.50ch09:56413745-56414076","17","56413745","56414076","331"
"SL2.50ch09:57813604-57814516","19","57813604","57814516","912"
"SL2.50ch09:58995843-58996883","526","58995843","58996883","1040"
"SL2.50ch09:58995972-58996780","525","58995972","58996780","808"
"SL2.50ch09:60656738-60657422","95","60656738","60657422","684"
"SL2.50ch09:60656793-60657396","95","60656793","60657396","603"
"SL2.50ch09:61857443-61858157","634","61857443","61858157","714"
"SL2.50ch09:61857460-61858188","634","61857460","61858188","728"
"SL2.50ch09:62110648-62111029","104","62110648","62111029","381"
"SL2.50ch09:63828888-63829269","10","63828888","63829269","381"
"SL2.50ch09:63970902-63971418","510","63970902","63971418","516"
"SL2.50ch09:63970917-63971489","510","63970917","63971489","572"
"SL2.50ch09:63993860-63994241","52","63993860","63994241","381"
"SL2.50ch09:64377909-64378414","26","64377909","64378414","505"
"SL2.50ch09:6479807-6480138","2","6479807","6480138","331"
"SL2.50ch09:64935394-64937239","47","64935394","64937239","1845"
"SL2.50ch09:64935641-64936588","27","64935641","64936588","947"
"SL2.50ch09:67002243-67003144","12","67002243","67003144","901"
"SL2.50ch09:67002297-67003131","12","67002297","67003131","834"
"SL2.50ch09:6789966-6791370","125","6789966","6791370","1404"
"SL2.50ch09:6789982-6791313","125","6789982","6791313","1331"
"SL2.50ch09:68836714-68838170","53","68836714","68838170","1456"
"SL2.50ch09:68836781-68838147","53","68836781","68838147","1366"
"SL2.50ch09:70696428-70697064","88","70696428","70697064","636"
"SL2.50ch09:70696558-70697034","88","70696558","70697034","476"
"SL2.50ch09:71690438-71690842","19","71690438","71690842","404"
"SL2.50ch09:7384113-7384507","18","7384113","7384507","394"
"SL2.50ch09:7384153-7384467","18","7384153","7384467","314"
"SL2.50ch09:8551095-8551787","64","8551095","8551787","692"
"SL2.50ch09:8786499-8786830","16","8786499","8786830","331"
"SL2.50ch10:10731620-10732316","89","10731620","10732316","696"
"SL2.50ch10:10731672-10732352","89","10731672","10732352","680"
"SL2.50ch10:10733685-10734225","43","10733685","10734225","540"
"SL2.50ch10:10733693-10734261","44","10733693","10734261","568"
"SL2.50ch10:10734837-10735485","36","10734837","10735485","648"
"SL2.50ch10:10734970-10735446","34","10734970","10735446","476"
"SL2.50ch10:11251487-11251966","39","11251487","11251966","479"
"SL2.50ch10:11251503-11251927","39","11251503","11251927","424"
"SL2.50ch10:11687715-11688411","8","11687715","11688411","696"
"SL2.50ch10:11928798-11929179","6","11928798","11929179","381"
"SL2.50ch10:13079170-13079551","7","13079170","13079551","381"
"SL2.50ch10:13112776-13113266","13","13112776","13113266","490"
"SL2.50ch10:13192538-13193260","12","13192538","13193260","722"
"SL2.50ch10:14905372-14905761","12","14905372","14905761","389"
"SL2.50ch10:15241490-15242831","2312","15241490","15242831","1341"
"SL2.50ch10:15241521-15242839","2312","15241521","15242839","1318"
"SL2.50ch10:15272457-15273031","8","15272457","15273031","574"
"SL2.50ch10:15654082-15654413","3","15654082","15654413","331"
"SL2.50ch10:15739002-15739471","8","15739002","15739471","469"
"SL2.50ch10:15756893-15757307","15","15756893","15757307","414"
"SL2.50ch10:15785019-15785706","11","15785019","15785706","687"
"SL2.50ch10:15809046-15809427","4","15809046","15809427","381"
"SL2.50ch10:15828403-15828933","8","15828403","15828933","530"
"SL2.50ch10:15836524-15837418","22","15836524","15837418","894"
"SL2.50ch10:16038644-16038958","0","16038644","16038958","314"
"SL2.50ch10:16338841-16339222","7","16338841","16339222","381"
"SL2.50ch10:16959772-16960153","3","16959772","16960153","381"
"SL2.50ch10:17152475-17152806","5","17152475","17152806","331"
"SL2.50ch10:17488601-17488932","0","17488601","17488932","331"
"SL2.50ch10:17728555-17728936","9","17728555","17728936","381"
"SL2.50ch10:18055037-18055568","7","18055037","18055568","531"
"SL2.50ch10:18417889-18421988","118","18417889","18421988","4099"
"SL2.50ch10:18419554-18421837","87","18419554","18421837","2283"
"SL2.50ch10:19554684-19555161","5","19554684","19555161","477"
"SL2.50ch10:21219810-21221049","19","21219810","21221049","1239"
"SL2.50ch10:21220717-21221098","6","21220717","21221098","381"
"SL2.50ch10:21226044-21227861","33","21226044","21227861","1817"
"SL2.50ch10:21231503-21232793","26","21231503","21232793","1290"
"SL2.50ch10:21236697-21237727","17","21236697","21237727","1030"
"SL2.50ch10:21247095-21247945","15","21247095","21247945","850"
"SL2.50ch10:21909257-21909638","8","21909257","21909638","381"
"SL2.50ch10:21912336-21912895","18","21912336","21912895","559"
"SL2.50ch10:21912523-21912854","15","21912523","21912854","331"
"SL2.50ch10:22463263-22463644","67","22463263","22463644","381"
"SL2.50ch10:22665357-22665920","43","22665357","22665920","563"
"SL2.50ch10:22665366-22665842","43","22665366","22665842","476"
"SL2.50ch10:23944414-23944745","13","23944414","23944745","331"
"SL2.50ch10:23945481-23946086","53","23945481","23946086","605"
"SL2.50ch10:23945593-23945997","47","23945593","23945997","404"
"SL2.50ch10:23948670-23949189","23","23948670","23949189","519"
"SL2.50ch10:23948721-23949209","23","23948721","23949209","488"
"SL2.50ch10:23987423-23987829","13","23987423","23987829","406"
"SL2.50ch10:23987430-23987921","13","23987430","23987921","491"
"SL2.50ch10:24143875-24144206","19","24143875","24144206","331"
"SL2.50ch10:24144714-24145133","27","24144714","24145133","419"
"SL2.50ch10:25777284-25778078","225","25777284","25778078","794"
"SL2.50ch10:26351606-26353632","67","26351606","26353632","2026"
"SL2.50ch10:26364063-26364988","26","26364063","26364988","925"
"SL2.50ch10:26372427-26374567","60","26372427","26374567","2140"
"SL2.50ch10:26801345-26803921","1364","26801345","26803921","2576"
"SL2.50ch10:26801376-26803810","1364","26801376","26803810","2434"
"SL2.50ch10:26805624-26806588","316","26805624","26806588","964"
"SL2.50ch10:26805673-26806571","316","26805673","26806571","898"
"SL2.50ch10:27361328-27361709","4","27361328","27361709","381"
"SL2.50ch10:27367963-27368518","342","27367963","27368518","555"
"SL2.50ch10:2743197-2744195","14","2743197","2744195","998"
"SL2.50ch10:27729001-27729332","10","27729001","27729332","331"
"SL2.50ch10:27831882-27832263","2","27831882","27832263","381"
"SL2.50ch10:28297984-28299299","57","28297984","28299299","1315"
"SL2.50ch10:28300057-28300751","22","28300057","28300751","694"
"SL2.50ch10:28302218-28303445","23","28302218","28303445","1227"
"SL2.50ch10:28333904-28334285","5","28333904","28334285","381"
"SL2.50ch10:3100881-3101351","52","3100881","3101351","470"
"SL2.50ch10:3100943-3101358","52","3100943","3101358","415"
"SL2.50ch10:33008469-33009405","21","33008469","33009405","936"
"SL2.50ch10:33012053-33012679","12","33012053","33012679","626"
"SL2.50ch10:33013242-33015279","45","33013242","33015279","2037"
"SL2.50ch10:33025491-33026363","5","33025491","33026363","872"
"SL2.50ch10:33027836-33028167","11","33027836","33028167","331"
"SL2.50ch10:33367682-33368161","32","33367682","33368161","479"
"SL2.50ch10:34942527-34942858","4","34942527","34942858","331"
"SL2.50ch10:3515258-3517489","23","3515258","3517489","2231"
"SL2.50ch10:36684473-36685261","49","36684473","36685261","788"
"SL2.50ch10:36684506-36685324","50","36684506","36685324","818"
"SL2.50ch10:36692920-36693393","24","36692920","36693393","473"
"SL2.50ch10:36692976-36693357","24","36692976","36693357","381"
"SL2.50ch10:37167936-37168372","7","37167936","37168372","436"
"SL2.50ch10:37171205-37171832","207","37171205","37171832","627"
"SL2.50ch10:37433232-37433563","4","37433232","37433563","331"
"SL2.50ch10:3749220-3749731","2","3749220","3749731","511"
"SL2.50ch10:3771256-3771649","5","3771256","3771649","393"
"SL2.50ch10:3774237-3775333","23","3774237","3775333","1096"
"SL2.50ch10:37795371-37795911","24","37795371","37795911","540"
"SL2.50ch10:37795420-37795834","21","37795420","37795834","414"
"SL2.50ch10:38097440-38098119","20","38097440","38098119","679"
"SL2.50ch10:38103513-38105024","47","38103513","38105024","1511"
"SL2.50ch10:38148179-38148560","1","38148179","38148560","381"
"SL2.50ch10:3825346-3826282","14","3825346","3826282","936"
"SL2.50ch10:38518278-38518682","4","38518278","38518682","404"
"SL2.50ch10:38788572-38788903","4","38788572","38788903","331"
"SL2.50ch10:39018173-39019106","60","39018173","39019106","933"
"SL2.50ch10:39018177-39019168","60","39018177","39019168","991"
"SL2.50ch10:39505430-39506024","191","39505430","39506024","594"
"SL2.50ch10:39505488-39505961","190","39505488","39505961","473"
"SL2.50ch10:40514730-40515367","7","40514730","40515367","637"
"SL2.50ch10:40794625-40797335","476","40794625","40797335","2710"
"SL2.50ch10:40798540-40800270","1060","40798540","40800270","1730"
"SL2.50ch10:40803618-40804361","126","40803618","40804361","743"
"SL2.50ch10:40803668-40804243","126","40803668","40804243","575"
"SL2.50ch10:41052210-41052591","4","41052210","41052591","381"
"SL2.50ch10:41646838-41647325","58","41646838","41647325","487"
"SL2.50ch10:4216994-4217610","14","4216994","4217610","616"
"SL2.50ch10:4223331-4223712","0","4223331","4223712","381"
"SL2.50ch10:42461282-42461695","9","42461282","42461695","413"
"SL2.50ch10:43054947-43058129","144","43054947","43058129","3182"
"SL2.50ch10:43054961-43058440","149","43054961","43058440","3479"
"SL2.50ch10:43331276-43331607","1","43331276","43331607","331"
"SL2.50ch10:43880868-43882563","892","43880868","43882563","1695"
"SL2.50ch10:43880893-43882499","889","43880893","43882499","1606"
"SL2.50ch10:43884406-43885636","379","43884406","43885636","1230"
"SL2.50ch10:43884432-43885580","379","43884432","43885580","1148"
"SL2.50ch10:43886611-43888316","958","43886611","43888316","1705"
"SL2.50ch10:43886619-43888345","958","43886619","43888345","1726"
"SL2.50ch10:43892734-43893347","154","43892734","43893347","613"
"SL2.50ch10:43892739-43893413","155","43892739","43893413","674"
"SL2.50ch10:45905566-45906318","247","45905566","45906318","752"
"SL2.50ch10:45905589-45906284","247","45905589","45906284","695"
"SL2.50ch10:46079402-46079935","11","46079402","46079935","533"
"SL2.50ch10:46186212-46186627","7","46186212","46186627","415"
"SL2.50ch10:47-562","32","47","562","515"
"SL2.50ch10:4700026-4700922","870","4700026","4700922","896"
"SL2.50ch10:4700081-4700864","870","4700081","4700864","783"
"SL2.50ch10:47369452-47369936","5","47369452","47369936","484"
"SL2.50ch10:47369559-47369942","5","47369559","47369942","383"
"SL2.50ch10:47595913-47598242","59","47595913","47598242","2329"
"SL2.50ch10:47607064-47607863","15","47607064","47607863","799"
"SL2.50ch10:48524361-48524742","46","48524361","48524742","381"
"SL2.50ch10:50260688-50261069","1","50260688","50261069","381"
"SL2.50ch10:52429802-52430183","6","52429802","52430183","381"
"SL2.50ch10:53322801-53323370","227","53322801","53323370","569"
"SL2.50ch10:53322881-53323357","226","53322881","53323357","476"
"SL2.50ch10:53466316-53466803","14","53466316","53466803","487"
"SL2.50ch10:53525560-53526223","112","53525560","53526223","663"
"SL2.50ch10:53525600-53526245","112","53525600","53526245","645"
"SL2.50ch10:54023122-54024529","32","54023122","54024529","1407"
"SL2.50ch10:54026985-54027366","11","54026985","54027366","381"
"SL2.50ch10:54033977-54034308","18","54033977","54034308","331"
"SL2.50ch10:57-646","32","57","646","589"
"SL2.50ch10:57564317-57565777","38","57564317","57565777","1460"
"SL2.50ch10:57574723-57575319","9","57574723","57575319","596"
"SL2.50ch10:57576102-57578546","65","57576102","57578546","2444"
"SL2.50ch10:57584248-57584871","20","57584248","57584871","623"
"SL2.50ch10:57584364-57584790","16","57584364","57584790","426"
"SL2.50ch10:57587455-57588500","41","57587455","57588500","1045"
"SL2.50ch10:57594384-57595207","19","57594384","57595207","823"
"SL2.50ch10:57594506-57595182","19","57594506","57595182","676"
"SL2.50ch10:57633781-57634112","10","57633781","57634112","331"
"SL2.50ch10:57635553-57635884","6","57635553","57635884","331"
"SL2.50ch10:57640306-57641896","74","57640306","57641896","1590"
"SL2.50ch10:57640331-57642120","77","57640331","57642120","1789"
"SL2.50ch10:57648449-57648853","5","57648449","57648853","404"
"SL2.50ch10:57659220-57660471","66","57659220","57660471","1251"
"SL2.50ch10:57659290-57660280","63","57659290","57660280","990"
"SL2.50ch10:57663451-57664326","18","57663451","57664326","875"
"SL2.50ch10:57664883-57665515","21","57664883","57665515","632"
"SL2.50ch10:57686786-57687387","18","57686786","57687387","601"
"SL2.50ch10:57697919-57699039","36","57697919","57699039","1120"
"SL2.50ch10:57698011-57699110","36","57698011","57699110","1099"
"SL2.50ch10:57700938-57702308","58","57700938","57702308","1370"
"SL2.50ch10:57701011-57702306","58","57701011","57702306","1295"
"SL2.50ch10:60633557-60633961","11","60633557","60633961","404"
"SL2.50ch10:6175256-6186574","7525","6175256","6186574","11318"
"SL2.50ch10:6175273-6186606","7525","6175273","6186606","11333"
"SL2.50ch10:6187256-6187865","111","6187256","6187865","609"
"SL2.50ch10:6187267-6187841","111","6187267","6187841","574"
"SL2.50ch10:62954773-62955154","5","62954773","62955154","381"
"SL2.50ch10:62960379-62960792","9","62960379","62960792","413"
"SL2.50ch10:63001181-63001750","5","63001181","63001750","569"
"SL2.50ch10:63001270-63001774","5","63001270","63001774","504"
"SL2.50ch10:65521147-65522487","28","65521147","65522487","1340"
"SL2.50ch10:65523634-65525509","53","65523634","65525509","1875"
"SL2.50ch10:65523654-65525477","53","65523654","65525477","1823"
"SL2.50ch10:7372366-7372794","30","7372366","7372794","428"
"SL2.50ch10:7372371-7372752","30","7372371","7372752","381"
"SL2.50ch10:7893911-7894584","5","7893911","7894584","673"
"SL2.50ch10:8660010-8660414","6","8660010","8660414","404"
"SL2.50ch10:9020980-9021472","29","9020980","9021472","492"
"SL2.50ch10:9021051-9021481","29","9021051","9021481","430"
"SL2.50ch11:10491901-10492282","4","10491901","10492282","381"
"SL2.50ch11:10763052-10763578","4","10763052","10763578","526"
"SL2.50ch11:10861838-10862311","43","10861838","10862311","473"
"SL2.50ch11:10861882-10862263","43","10861882","10862263","381"
"SL2.50ch11:11073228-11074951","34","11073228","11074951","1723"
"SL2.50ch11:11073297-11074938","34","11073297","11074938","1641"
"SL2.50ch11:11075926-11076497","4","11075926","11076497","571"
"SL2.50ch11:11078484-11081752","50","11078484","11081752","3268"
"SL2.50ch11:11078491-11080974","42","11078491","11080974","2483"
"SL2.50ch11:11090778-11091159","7","11090778","11091159","381"
"SL2.50ch11:11287975-11288821","17","11287975","11288821","846"
"SL2.50ch11:11288233-11288822","16","11288233","11288822","589"
"SL2.50ch11:12015871-12016420","149","12015871","12016420","549"
"SL2.50ch11:12015943-12016356","147","12015943","12016356","413"
"SL2.50ch11:12656102-12656433","5","12656102","12656433","331"
"SL2.50ch11:12908974-12909779","18","12908974","12909779","805"
"SL2.50ch11:13246427-13247114","16","13246427","13247114","687"
"SL2.50ch11:13365977-13367097","87","13365977","13367097","1120"
"SL2.50ch11:13377601-13380916","2919","13377601","13380916","3315"
"SL2.50ch11:13378088-13380856","2895","13378088","13380856","2768"
"SL2.50ch11:13383738-13384910","518","13383738","13384910","1172"
"SL2.50ch11:13383747-13385922","569","13383747","13385922","2175"
"SL2.50ch11:13386594-13388325","1517","13386594","13388325","1731"
"SL2.50ch11:13386665-13388384","1517","13386665","13388384","1719"
"SL2.50ch11:13390197-13392203","2312","13390197","13392203","2006"
"SL2.50ch11:13390252-13392190","2292","13390252","13392190","1938"
"SL2.50ch11:13394721-13400012","4276","13394721","13400012","5291"
"SL2.50ch11:13394732-13399929","4276","13394732","13399929","5197"
"SL2.50ch11:13401106-13402132","238","13401106","13402132","1026"
"SL2.50ch11:13401324-13402133","237","13401324","13402133","809"
"SL2.50ch11:13495308-13495639","42","13495308","13495639","331"
"SL2.50ch11:13967680-13968061","7","13967680","13968061","381"
"SL2.50ch11:14383538-14383942","38","14383538","14383942","404"
"SL2.50ch11:14383567-14383948","38","14383567","14383948","381"
"SL2.50ch11:16103009-16104472","208","16103009","16104472","1463"
"SL2.50ch11:16103077-16104555","208","16103077","16104555","1478"
"SL2.50ch11:16828350-16828836","5","16828350","16828836","486"
"SL2.50ch11:17210281-17210848","170","17210281","17210848","567"
"SL2.50ch11:17210342-17210853","170","17210342","17210853","511"
"SL2.50ch11:17769163-17769784","463","17769163","17769784","621"
"SL2.50ch11:17769250-17769808","463","17769250","17769808","558"
"SL2.50ch11:17840381-17840899","7","17840381","17840899","518"
"SL2.50ch11:17851102-17851547","56","17851102","17851547","445"
"SL2.50ch11:17872804-17873937","316","17872804","17873937","1133"
"SL2.50ch11:17887367-17887748","15","17887367","17887748","381"
"SL2.50ch11:17912310-17912804","14","17912310","17912804","494"
"SL2.50ch11:17948294-17948718","9","17948294","17948718","424"
"SL2.50ch11:17952839-17953362","12","17952839","17953362","523"
"SL2.50ch11:17953562-17954874","59","17953562","17954874","1312"
"SL2.50ch11:17956504-17957248","12","17956504","17957248","744"
"SL2.50ch11:17984426-17985006","4","17984426","17985006","580"
"SL2.50ch11:17987923-17989566","62","17987923","17989566","1643"
"SL2.50ch11:17990667-17991355","24","17990667","17991355","688"
"SL2.50ch11:17991856-17992755","24","17991856","17992755","899"
"SL2.50ch11:17998476-18002583","119","17998476","18002583","4107"
"SL2.50ch11:18006145-18006622","11","18006145","18006622","477"
"SL2.50ch11:18015335-18019259","94","18015335","18019259","3924"
"SL2.50ch11:18020893-18026619","159","18020893","18026619","5726"
"SL2.50ch11:18031880-18033730","64","18031880","18033730","1850"
"SL2.50ch11:18034215-18034546","9","18034215","18034546","331"
"SL2.50ch11:18035075-18037182","64","18035075","18037182","2107"
"SL2.50ch11:18573852-18574332","12","18573852","18574332","480"
"SL2.50ch11:18614111-18614770","7","18614111","18614770","659"
"SL2.50ch11:18618766-18619147","7","18618766","18619147","381"
"SL2.50ch11:18627266-18627879","24","18627266","18627879","613"
"SL2.50ch11:18645294-18645625","8","18645294","18645625","331"
"SL2.50ch11:18669146-18669564","13","18669146","18669564","418"
"SL2.50ch11:18669153-18669534","13","18669153","18669534","381"
"SL2.50ch11:18682069-18682473","14","18682069","18682473","404"
"SL2.50ch11:18682100-18682482","14","18682100","18682482","382"
"SL2.50ch11:18737518-18738246","38","18737518","18738246","728"
"SL2.50ch11:19130493-19130874","8","19130493","19130874","381"
"SL2.50ch11:19331016-19331347","8","19331016","19331347","331"
"SL2.50ch11:2007375-2007851","79","2007375","2007851","476"
"SL2.50ch11:2007377-2007881","79","2007377","2007881","504"
"SL2.50ch11:20225376-20225757","11","20225376","20225757","381"
"SL2.50ch11:20415610-20416661","54","20415610","20416661","1051"
"SL2.50ch11:20415801-20416652","53","20415801","20416652","851"
"SL2.50ch11:20419008-20420298","114","20419008","20420298","1290"
"SL2.50ch11:20419096-20420352","115","20419096","20420352","1256"
"SL2.50ch11:20421066-20423091","295","20421066","20423091","2025"
"SL2.50ch11:20421606-20423006","286","20421606","20423006","1400"
"SL2.50ch11:20424390-20425175","43","20424390","20425175","785"
"SL2.50ch11:20424401-20425118","43","20424401","20425118","717"
"SL2.50ch11:20800179-20801675","23","20800179","20801675","1496"
"SL2.50ch11:20846608-20846939","3","20846608","20846939","331"
"SL2.50ch11:20849550-20849864","8","20849550","20849864","314"
"SL2.50ch11:21922467-21923181","49","21922467","21923181","714"
"SL2.50ch11:21922576-21923209","49","21922576","21923209","633"
"SL2.50ch11:22290552-22290933","2","22290552","22290933","381"
"SL2.50ch11:23447790-23448368","15","23447790","23448368","578"
"SL2.50ch11:23447797-23448375","15","23447797","23448375","578"
"SL2.50ch11:23452090-23452660","26","23452090","23452660","570"
"SL2.50ch11:23452184-23452620","22","23452184","23452620","436"
"SL2.50ch11:23453096-23454251","34","23453096","23454251","1155"
"SL2.50ch11:23453138-23454118","34","23453138","23454118","980"
"SL2.50ch11:23915533-23916385","18","23915533","23916385","852"
"SL2.50ch11:24012808-24014097","32","24012808","24014097","1289"
"SL2.50ch11:25050931-25051882","17","25050931","25051882","951"
"SL2.50ch11:25053151-25053482","4","25053151","25053482","331"
"SL2.50ch11:26225813-26226217","3","26225813","26226217","404"
"SL2.50ch11:27896404-27896867","15","27896404","27896867","463"
"SL2.50ch11:28356052-28357167","14","28356052","28357167","1115"
"SL2.50ch11:28357833-28360601","57","28357833","28360601","2768"
"SL2.50ch11:28756969-28757350","7","28756969","28757350","381"
"SL2.50ch11:29290879-29291260","19","29290879","29291260","381"
"SL2.50ch11:30180460-30180882","16","30180460","30180882","422"
"SL2.50ch11:30597977-30599970","109","30597977","30599970","1993"
"SL2.50ch11:30608750-30609194","31","30608750","30609194","444"
"SL2.50ch11:30608770-30609174","31","30608770","30609174","404"
"SL2.50ch11:30742579-30743572","16","30742579","30743572","993"
"SL2.50ch11:30742605-30743633","16","30742605","30743633","1028"
"SL2.50ch11:31298306-31298848","168","31298306","31298848","542"
"SL2.50ch11:31585982-31587719","406","31585982","31587719","1737"
"SL2.50ch11:31586061-31587703","406","31586061","31587703","1642"
"SL2.50ch11:32406653-32407261","43","32406653","32407261","608"
"SL2.50ch11:32409690-32410071","46","32409690","32410071","381"
"SL2.50ch11:32422768-32423161","12","32422768","32423161","393"
"SL2.50ch11:32424044-32426753","1061","32424044","32426753","2709"
"SL2.50ch11:32424052-32426791","1062","32424052","32426791","2739"
"SL2.50ch11:33038646-33039127","33","33038646","33039127","481"
"SL2.50ch11:33038691-33039168","33","33038691","33039168","477"
"SL2.50ch11:33838579-33838960","4","33838579","33838960","381"
"SL2.50ch11:35150940-35151378","5","35150940","35151378","438"
"SL2.50ch11:35906758-35907139","0","35906758","35907139","381"
"SL2.50ch11:37407268-37407599","3","37407268","37407599","331"
"SL2.50ch11:38194546-38196205","58","38194546","38196205","1659"
"SL2.50ch11:38194617-38196159","56","38194617","38196159","1542"
"SL2.50ch11:38960956-38961687","14","38960956","38961687","731"
"SL2.50ch11:38976843-38977174","6","38976843","38977174","331"
"SL2.50ch11:39377269-39377690","24","39377269","39377690","421"
"SL2.50ch11:40159204-40159535","2","40159204","40159535","331"
"SL2.50ch11:40317208-40320411","865","40317208","40320411","3203"
"SL2.50ch11:40317209-40320529","867","40317209","40320529","3320"
"SL2.50ch11:41197754-41198085","6","41197754","41198085","331"
"SL2.50ch11:41847128-41847661","3","41847128","41847661","533"
"SL2.50ch11:42918211-42918845","43","42918211","42918845","634"
"SL2.50ch11:42918269-42918859","45","42918269","42918859","590"
"SL2.50ch11:43122285-43122616","11","43122285","43122616","331"
"SL2.50ch11:43436495-43436876","6","43436495","43436876","381"
"SL2.50ch11:45233504-45239706","1992","45233504","45239706","6202"
"SL2.50ch11:45233663-45239720","1984","45233663","45239720","6057"
"SL2.50ch11:45246294-45248276","577","45246294","45248276","1982"
"SL2.50ch11:45246295-45248318","577","45246295","45248318","2023"
"SL2.50ch11:45250517-45251257","362","45250517","45251257","740"
"SL2.50ch11:45250523-45251236","362","45250523","45251236","713"
"SL2.50ch11:45252815-45254411","489","45252815","45254411","1596"
"SL2.50ch11:45252840-45254378","478","45252840","45254378","1538"
"SL2.50ch11:45255655-45260484","1495","45255655","45260484","4829"
"SL2.50ch11:45255683-45260439","1495","45255683","45260439","4756"
"SL2.50ch11:45336960-45338883","552","45336960","45338883","1923"
"SL2.50ch11:45337036-45338896","546","45337036","45338896","1860"
"SL2.50ch11:45339571-45342127","601","45339571","45342127","2556"
"SL2.50ch11:45339892-45342146","598","45339892","45342146","2254"
"SL2.50ch11:45343888-45345757","606","45343888","45345757","1869"
"SL2.50ch11:45343932-45345750","600","45343932","45345750","1818"
"SL2.50ch11:45350101-45351451","471","45350101","45351451","1350"
"SL2.50ch11:45350111-45351438","471","45350111","45351438","1327"
"SL2.50ch11:45354471-45355948","440","45354471","45355948","1477"
"SL2.50ch11:45354492-45356028","440","45354492","45356028","1536"
"SL2.50ch11:45357921-45358671","169","45357921","45358671","750"
"SL2.50ch11:45357991-45358650","167","45357991","45358650","659"
"SL2.50ch11:45363873-45368149","1637","45363873","45368149","4276"
"SL2.50ch11:45363883-45368069","1636","45363883","45368069","4186"
"SL2.50ch11:45371016-45372698","236","45371016","45372698","1682"
"SL2.50ch11:45371030-45372657","236","45371030","45372657","1627"
"SL2.50ch11:45374308-45377789","944","45374308","45377789","3481"
"SL2.50ch11:45374348-45377768","943","45374348","45377768","3420"
"SL2.50ch11:45386705-45388208","631","45386705","45388208","1503"
"SL2.50ch11:45386734-45388276","627","45386734","45388276","1542"
"SL2.50ch11:45390084-45391167","331","45390084","45391167","1083"
"SL2.50ch11:45390126-45391165","327","45390126","45391165","1039"
"SL2.50ch11:45392558-45394301","409","45392558","45394301","1743"
"SL2.50ch11:45392787-45394263","401","45392787","45394263","1476"
"SL2.50ch11:45396272-45396781","34","45396272","45396781","509"
"SL2.50ch11:45397264-45397956","166","45397264","45397956","692"
"SL2.50ch11:45400822-45401203","11","45400822","45401203","381"
"SL2.50ch11:45403852-45404567","73","45403852","45404567","715"
"SL2.50ch11:45403892-45404869","75","45403892","45404869","977"
"SL2.50ch11:45405893-45406671","19","45405893","45406671","778"
"SL2.50ch11:45406140-45406635","15","45406140","45406635","495"
"SL2.50ch11:45411459-45413075","436","45411459","45413075","1616"
"SL2.50ch11:45411475-45413034","436","45411475","45413034","1559"
"SL2.50ch11:45417282-45418372","133","45417282","45418372","1090"
"SL2.50ch11:45417295-45418458","129","45417295","45418458","1163"
"SL2.50ch11:45422630-45423708","329","45422630","45423708","1078"
"SL2.50ch11:45422641-45423626","327","45422641","45423626","985"
"SL2.50ch11:45440153-45441044","105","45440153","45441044","891"
"SL2.50ch11:45440170-45440838","104","45440170","45440838","668"
"SL2.50ch11:45444371-45444962","92","45444371","45444962","591"
"SL2.50ch11:45444392-45444894","92","45444392","45444894","502"
"SL2.50ch11:45446480-45449019","637","45446480","45449019","2539"
"SL2.50ch11:45446502-45448937","636","45446502","45448937","2435"
"SL2.50ch11:45450066-45451953","355","45450066","45451953","1887"
"SL2.50ch11:45450198-45451955","352","45450198","45451955","1757"
"SL2.50ch11:45459831-45460436","258","45459831","45460436","605"
"SL2.50ch11:45459847-45460418","258","45459847","45460418","571"
"SL2.50ch11:45461232-45462107","135","45461232","45462107","875"
"SL2.50ch11:45461254-45462039","135","45461254","45462039","785"
"SL2.50ch11:45463523-45465560","430","45463523","45465560","2037"
"SL2.50ch11:45463545-45465535","430","45463545","45465535","1990"
"SL2.50ch11:45475487-45476009","34","45475487","45476009","522"
"SL2.50ch11:45475498-45475974","33","45475498","45475974","476"
"SL2.50ch11:45992516-45992847","5","45992516","45992847","331"
"SL2.50ch11:4671798-4672206","8","4671798","4672206","408"
"SL2.50ch11:4671846-4672227","8","4671846","4672227","381"
"SL2.50ch11:47166014-47166395","2","47166014","47166395","381"
"SL2.50ch11:48691879-48692369","29","48691879","48692369","490"
"SL2.50ch11:48691975-48692306","28","48691975","48692306","331"
"SL2.50ch11:48717907-48719584","530","48717907","48719584","1677"
"SL2.50ch11:48717921-48719673","531","48717921","48719673","1752"
"SL2.50ch11:48869744-48870859","1088","48869744","48870859","1115"
"SL2.50ch11:48869746-48871201","1095","48869746","48871201","1455"
"SL2.50ch11:49617738-49625597","1960","49617738","49625597","7859"
"SL2.50ch11:49617752-49620791","686","49617752","49620791","3039"
"SL2.50ch11:49621163-49625553","1273","49621163","49625553","4390"
"SL2.50ch11:49629289-49636156","1244","49629289","49636156","6867"
"SL2.50ch11:49629359-49636101","1240","49629359","49636101","6742"
"SL2.50ch11:49638631-49640729","275","49638631","49640729","2098"
"SL2.50ch11:49638814-49640579","272","49638814","49640579","1765"
"SL2.50ch11:49641085-49644012","208","49641085","49644012","2927"
"SL2.50ch11:49641219-49643986","207","49641219","49643986","2767"
"SL2.50ch11:49648062-49649559","416","49648062","49649559","1497"
"SL2.50ch11:49648129-49649470","413","49648129","49649470","1341"
"SL2.50ch11:49740346-49741494","13","49740346","49741494","1148"
"SL2.50ch11:49740464-49741355","13","49740464","49741355","891"
"SL2.50ch11:49779907-49780311","5","49779907","49780311","404"
"SL2.50ch11:50255274-50255781","18","50255274","50255781","507"
"SL2.50ch11:50269947-50270376","19","50269947","50270376","429"
"SL2.50ch11:50794411-50795090","52","50794411","50795090","679"
"SL2.50ch11:50794589-50795065","48","50794589","50795065","476"
"SL2.50ch11:51012856-51013341","13","51012856","51013341","485"
"SL2.50ch11:51640933-51641462","7","51640933","51641462","529"
"SL2.50ch11:53074895-53075361","14","53074895","53075361","466"
"SL2.50ch11:53074921-53075337","14","53074921","53075337","416"
"SL2.50ch11:53587385-53587841","11","53587385","53587841","456"
"SL2.50ch11:53587433-53587916","11","53587433","53587916","483"
"SL2.50ch11:55434542-55435796","47","55434542","55435796","1254"
"SL2.50ch11:55434573-55435648","47","55434573","55435648","1075"
"SL2.50ch11:55436855-55437258","5","55436855","55437258","403"
"SL2.50ch11:5768913-5769332","33","5768913","5769332","419"
"SL2.50ch11:5768962-5769343","33","5768962","5769343","381"
"SL2.50ch11:7156237-7156814","17","7156237","7156814","577"
"SL2.50ch11:7156314-7156732","16","7156314","7156732","418"
"SL2.50ch11:7159640-7160120","27","7159640","7160120","480"
"SL2.50ch11:7159705-7160160","28","7159705","7160160","455"
"SL2.50ch11:7471982-7472313","1","7471982","7472313","331"
"SL2.50ch11:8470402-8472553","95","8470402","8472553","2151"
"SL2.50ch11:8470520-8472326","95","8470520","8472326","1806"
"SL2.50ch11:8485860-8486264","6","8485860","8486264","404"
"SL2.50ch11:8510015-8510759","21","8510015","8510759","744"
"SL2.50ch11:8510017-8510718","21","8510017","8510718","701"
"SL2.50ch11:8517017-8517422","12","8517017","8517422","405"
"SL2.50ch11:9479271-9479955","9","9479271","9479955","684"
"SL2.50ch11:9484236-9484982","21","9484236","9484982","746"
"SL2.50ch11:9484287-9485000","20","9484287","9485000","713"
"SL2.50ch12:11125605-11126177","79","11125605","11126177","572"
"SL2.50ch12:12332998-12333329","4","12332998","12333329","331"
"SL2.50ch12:1281270-1281935","564","1281270","1281935","665"
"SL2.50ch12:1281330-1282010","564","1281330","1282010","680"
"SL2.50ch12:13250700-13251294","53","13250700","13251294","594"
"SL2.50ch12:13250748-13251224","51","13250748","13251224","476"
"SL2.50ch12:14018476-14018807","4","14018476","14018807","331"
"SL2.50ch12:14493392-14493899","1","14493392","14493899","507"
"SL2.50ch12:14493555-14493936","1","14493555","14493936","381"
"SL2.50ch12:15148901-15149232","3","15148901","15149232","331"
"SL2.50ch12:15634492-15634969","21","15634492","15634969","477"
"SL2.50ch12:17330809-17331703","16","17330809","17331703","894"
"SL2.50ch12:17338044-17338589","21","17338044","17338589","545"
"SL2.50ch12:17343076-17343923","18","17343076","17343923","847"
"SL2.50ch12:17369783-17372098","67","17369783","17372098","2315"
"SL2.50ch12:17374178-17375468","34","17374178","17375468","1290"
"SL2.50ch12:17452322-17452808","1","17452322","17452808","486"
"SL2.50ch12:17453646-17454510","21","17453646","17454510","864"
"SL2.50ch12:17458286-17458617","6","17458286","17458617","331"
"SL2.50ch12:17462767-17463586","43","17462767","17463586","819"
"SL2.50ch12:17462792-17463626","43","17462792","17463626","834"
"SL2.50ch12:17468752-17470197","97","17468752","17470197","1445"
"SL2.50ch12:17468971-17470210","95","17468971","17470210","1239"
"SL2.50ch12:17570238-17572190","52","17570238","17572190","1952"
"SL2.50ch12:17582576-17583864","48","17582576","17583864","1288"
"SL2.50ch12:17582629-17583877","48","17582629","17583877","1248"
"SL2.50ch12:17584517-17586675","132","17584517","17586675","2158"
"SL2.50ch12:17584536-17586614","132","17584536","17586614","2078"
"SL2.50ch12:19350921-19351325","17","19350921","19351325","404"
"SL2.50ch12:19389610-19389991","8","19389610","19389991","381"
"SL2.50ch12:21139202-21139659","9","21139202","21139659","457"
"SL2.50ch12:21403404-21403840","9","21403404","21403840","436"
"SL2.50ch12:22366142-22366649","18","22366142","22366649","507"
"SL2.50ch12:22366240-22366645","15","22366240","22366645","405"
"SL2.50ch12:22466090-22469538","157","22466090","22469538","3448"
"SL2.50ch12:22467023-22469458","146","22467023","22469458","2435"
"SL2.50ch12:22471379-22472200","29","22471379","22472200","821"
"SL2.50ch12:22471407-22472087","29","22471407","22472087","680"
"SL2.50ch12:22476825-22478142","74","22476825","22478142","1317"
"SL2.50ch12:22476935-22478041","72","22476935","22478041","1106"
"SL2.50ch12:22571612-22572821","47","22571612","22572821","1209"
"SL2.50ch12:22571717-22572799","47","22571717","22572799","1082"
"SL2.50ch12:22575813-22577176","42","22575813","22577176","1363"
"SL2.50ch12:22587749-22588457","23","22587749","22588457","708"
"SL2.50ch12:22590590-22591176","8","22590590","22591176","586"
"SL2.50ch12:22599374-22600385","33","22599374","22600385","1011"
"SL2.50ch12:22610566-22610979","7","22610566","22610979","413"
"SL2.50ch12:22619644-22621023","71","22619644","22621023","1379"
"SL2.50ch12:22619701-22621095","71","22619701","22621095","1394"
"SL2.50ch12:22622908-22624182","88","22622908","22624182","1274"
"SL2.50ch12:22622918-22624219","88","22622918","22624219","1301"
"SL2.50ch12:22626855-22628226","34","22626855","22628226","1371"
"SL2.50ch12:22636260-22637117","48","22636260","22637117","857"
"SL2.50ch12:22636265-22637122","48","22636265","22637122","857"
"SL2.50ch12:22638809-22641705","108","22638809","22641705","2896"
"SL2.50ch12:22642990-22644299","64","22642990","22644299","1309"
"SL2.50ch12:22643043-22644316","62","22643043","22644316","1273"
"SL2.50ch12:22647684-22649182","45","22647684","22649182","1498"
"SL2.50ch12:22647724-22649179","44","22647724","22649179","1455"
"SL2.50ch12:22661770-22664397","51","22661770","22664397","2627"
"SL2.50ch12:22689890-22690369","5","22689890","22690369","479"
"SL2.50ch12:22698690-22699413","9","22698690","22699413","723"
"SL2.50ch12:22703614-22704318","4","22703614","22704318","704"
"SL2.50ch12:22765154-22770114","124","22765154","22770114","4960"
"SL2.50ch12:22770869-22773743","43","22770869","22773743","2874"
"SL2.50ch12:26321661-26322042","7","26321661","26322042","381"
"SL2.50ch12:26989483-26989864","1","26989483","26989864","381"
"SL2.50ch12:27481101-27481482","6","27481101","27481482","381"
"SL2.50ch12:29080778-29087823","191","29080778","29087823","7045"
"SL2.50ch12:29094883-29096025","25","29094883","29096025","1142"
"SL2.50ch12:29096668-29097262","24","29096668","29097262","594"
"SL2.50ch12:29097977-29099133","29","29097977","29099133","1156"
"SL2.50ch12:29986594-29986976","20","29986594","29986976","382"
"SL2.50ch12:30017686-30018067","112","30017686","30018067","381"
"SL2.50ch12:3209934-3210390","28","3209934","3210390","456"
"SL2.50ch12:3209999-3210380","27","3209999","3210380","381"
"SL2.50ch12:33269561-33270105","5","33269561","33270105","544"
"SL2.50ch12:33815397-33815892","51","33815397","33815892","495"
"SL2.50ch12:33815427-33815831","51","33815427","33815831","404"
"SL2.50ch12:33827505-33828188","24","33827505","33828188","683"
"SL2.50ch12:33829156-33829748","42","33829156","33829748","592"
"SL2.50ch12:33829226-33829607","36","33829226","33829607","381"
"SL2.50ch12:34295106-34305960","431","34295106","34305960","10854"
"SL2.50ch12:34295125-34305784","429","34295125","34305784","10659"
"SL2.50ch12:34306321-34317329","357","34306321","34317329","11008"
"SL2.50ch12:34307944-34317175","316","34307944","34317175","9231"
"SL2.50ch12:34329060-34333200","101","34329060","34333200","4140"
"SL2.50ch12:34329861-34331697","61","34329861","34331697","1836"
"SL2.50ch12:34333645-34333959","3","34333645","34333959","314"
"SL2.50ch12:34808288-34808669","64","34808288","34808669","381"
"SL2.50ch12:36108054-36136218","813","36108054","36136218","28164"
"SL2.50ch12:36159277-36160089","23","36159277","36160089","812"
"SL2.50ch12:36180044-36180928","19","36180044","36180928","884"
"SL2.50ch12:36183812-36184673","14","36183812","36184673","861"
"SL2.50ch12:36228443-36228925","8","36228443","36228925","482"
"SL2.50ch12:36230006-36230387","9","36230006","36230387","381"
"SL2.50ch12:36243987-36244318","9","36243987","36244318","331"
"SL2.50ch12:36245646-36246132","4","36245646","36246132","486"
"SL2.50ch12:36251793-36252444","10","36251793","36252444","651"
"SL2.50ch12:37679933-37680505","47","37679933","37680505","572"
"SL2.50ch12:37679973-37680475","47","37679973","37680475","502"
"SL2.50ch12:38096630-38097066","17","38096630","38097066","436"
"SL2.50ch12:38096955-38098209","43","38096955","38098209","1254"
"SL2.50ch12:39449937-39450547","6","39449937","39450547","610"
"SL2.50ch12:39482866-39483197","6","39482866","39483197","331"
"SL2.50ch12:39785085-39785416","5","39785085","39785416","331"
"SL2.50ch12:41429927-41430258","3","41429927","41430258","331"
"SL2.50ch12:42325893-42326385","1","42325893","42326385","492"
"SL2.50ch12:42325980-42326361","1","42325980","42326361","381"
"SL2.50ch12:4279791-4283658","371","4279791","4283658","3867"
"SL2.50ch12:4279793-4283758","372","4279793","4283758","3965"
"SL2.50ch12:4296390-4297207","20","4296390","4297207","817"
"SL2.50ch12:4297763-4298673","17","4297763","4298673","910"
"SL2.50ch12:4297827-4298566","17","4297827","4298566","739"
"SL2.50ch12:4299696-4301289","26","4299696","4301289","1593"
"SL2.50ch12:4300238-4301278","17","4300238","4301278","1040"
"SL2.50ch12:4302878-4303292","11","4302878","4303292","414"
"SL2.50ch12:4308651-4310061","31","4308651","4310061","1410"
"SL2.50ch12:4311839-4312170","9","4311839","4312170","331"
"SL2.50ch12:4313018-4313834","12","4313018","4313834","816"
"SL2.50ch12:4313124-4313854","12","4313124","4313854","730"
"SL2.50ch12:4328830-4329758","56","4328830","4329758","928"
"SL2.50ch12:4328911-4329804","56","4328911","4329804","893"
"SL2.50ch12:4332757-4333958","29","4332757","4333958","1201"
"SL2.50ch12:4332795-4334013","29","4332795","4334013","1218"
"SL2.50ch12:4335203-4337241","50","4335203","4337241","2038"
"SL2.50ch12:4350353-4351259","17","4350353","4351259","906"
"SL2.50ch12:4350370-4351149","16","4350370","4351149","779"
"SL2.50ch12:44659011-44659469","39","44659011","44659469","458"
"SL2.50ch12:4498945-4499947","22","4498945","4499947","1002"
"SL2.50ch12:45738173-45738504","40","45738173","45738504","331"
"SL2.50ch12:47013502-47013833","5","47013502","47013833","331"
"SL2.50ch12:47850906-47851287","4","47850906","47851287","381"
"SL2.50ch12:49282766-49283277","104","49282766","49283277","511"
"SL2.50ch12:49282814-49283195","104","49282814","49283195","381"
"SL2.50ch12:49661976-49662526","291","49661976","49662526","550"
"SL2.50ch12:49662034-49662510","291","49662034","49662510","476"
"SL2.50ch12:49894199-49894848","6","49894199","49894848","649"
"SL2.50ch12:49894315-49894836","6","49894315","49894836","521"
"SL2.50ch12:49897234-49897821","6","49897234","49897821","587"
"SL2.50ch12:50172509-50173789","77","50172509","50173789","1280"
"SL2.50ch12:50172600-50173673","76","50172600","50173673","1073"
"SL2.50ch12:5093985-5094492","58","5093985","5094492","507"
"SL2.50ch12:5094025-5094411","58","5094025","5094411","386"
"SL2.50ch12:51038493-51039010","19","51038493","51039010","517"
"SL2.50ch12:51040353-51041261","101","51040353","51041261","908"
"SL2.50ch12:51040474-51042152","148","51040474","51042152","1678"
"SL2.50ch12:51041614-51042084","47","51041614","51042084","470"
"SL2.50ch12:51073484-51073975","47","51073484","51073975","491"
"SL2.50ch12:51073513-51073990","47","51073513","51073990","477"
"SL2.50ch12:51538100-51538911","49","51538100","51538911","811"
"SL2.50ch12:51538163-51538838","47","51538163","51538838","675"
"SL2.50ch12:51544192-51544877","39","51544192","51544877","685"
"SL2.50ch12:51544211-51545010","41","51544211","51545010","799"
"SL2.50ch12:51597182-51597823","202","51597182","51597823","641"
"SL2.50ch12:51597324-51597800","202","51597324","51597800","476"
"SL2.50ch12:5192271-5192750","6","5192271","5192750","479"
"SL2.50ch12:54256722-54257322","18","54256722","54257322","600"
"SL2.50ch12:54273682-54274338","270","54273682","54274338","656"
"SL2.50ch12:54273741-54274217","263","54273741","54274217","476"
"SL2.50ch12:54308714-54309197","14","54308714","54309197","483"
"SL2.50ch12:54318649-54319616","24","54318649","54319616","967"
"SL2.50ch12:54319025-54319406","19","54319025","54319406","381"
"SL2.50ch12:54590584-54591655","15","54590584","54591655","1071"
"SL2.50ch12:5488467-5488892","9","5488467","5488892","425"
"SL2.50ch12:55097793-55098124","10","55097793","55098124","331"
"SL2.50ch12:55224586-55225072","19","55224586","55225072","486"
"SL2.50ch12:55224654-55225051","16","55224654","55225051","397"
"SL2.50ch12:56077983-56078387","17","56077983","56078387","404"
"SL2.50ch12:56078034-56078365","17","56078034","56078365","331"
"SL2.50ch12:56908933-56910083","628","56908933","56910083","1150"
"SL2.50ch12:56909006-56910116","627","56909006","56910116","1110"
"SL2.50ch12:57552013-57553141","20","57552013","57553141","1128"
"SL2.50ch12:57552044-57553763","24","57552044","57553763","1719"
"SL2.50ch12:57621736-57622289","53","57621736","57622289","553"
"SL2.50ch12:57621782-57622238","53","57621782","57622238","456"
"SL2.50ch12:58130508-58130889","6","58130508","58130889","381"
"SL2.50ch12:59006940-59008045","36","59006940","59008045","1105"
"SL2.50ch12:60467750-60469546","39","60467750","60469546","1796"
"SL2.50ch12:60502840-60503511","13","60502840","60503511","671"
"SL2.50ch12:60503445-60503776","4","60503445","60503776","331"
"SL2.50ch12:60526848-60527334","3","60526848","60527334","486"
"SL2.50ch12:60534671-60537576","50","60534671","60537576","2905"
"SL2.50ch12:60546159-60552268","133","60546159","60552268","6109"
"SL2.50ch12:60556961-60564301","251","60556961","60564301","7340"
"SL2.50ch12:60565795-60567385","29","60565795","60567385","1590"
"SL2.50ch12:60569886-60573385","116","60569886","60573385","3499"
"SL2.50ch12:60586267-60590941","142","60586267","60590941","4674"
"SL2.50ch12:60593366-60593801","9","60593366","60593801","435"
"SL2.50ch12:60595078-60596221","22","60595078","60596221","1143"
"SL2.50ch12:60598684-60599309","7","60598684","60599309","625"
"SL2.50ch12:60610231-60618151","191","60610231","60618151","7920"
"SL2.50ch12:60624354-60631196","160","60624354","60631196","6842"
"SL2.50ch12:60637700-60641689","82","60637700","60641689","3989"
"SL2.50ch12:60643055-60643768","19","60643055","60643768","713"
"SL2.50ch12:60649865-60650474","7","60649865","60650474","609"
"SL2.50ch12:60651370-60651832","10","60651370","60651832","462"
"SL2.50ch12:60663344-60664212","7","60663344","60664212","868"
"SL2.50ch12:60669966-60670728","11","60669966","60670728","762"
"SL2.50ch12:60692608-60693779","42","60692608","60693779","1171"
"SL2.50ch12:60696892-60709033","343","60696892","60709033","12141"
"SL2.50ch12:60697520-60709363","337","60697520","60709363","11843"
"SL2.50ch12:60709890-60717733","281","60709890","60717733","7843"
"SL2.50ch12:60711458-60717601","223","60711458","60717601","6143"
"SL2.50ch12:60718836-60737124","802","60718836","60737124","18288"
"SL2.50ch12:60718857-60737164","802","60718857","60737164","18307"
"SL2.50ch12:60921858-60922437","6","60921858","60922437","579"
"SL2.50ch12:60947806-60951643","562","60947806","60951643","3837"
"SL2.50ch12:60947867-60949804","498","60947867","60949804","1937"
"SL2.50ch12:60951150-60951596","32","60951150","60951596","446"
"SL2.50ch12:61002859-61005844","278","61002859","61005844","2985"
"SL2.50ch12:61002927-61004820","226","61002927","61004820","1893"
"SL2.50ch12:61005201-61005615","50","61005201","61005615","414"
"SL2.50ch12:6159373-6159853","14","6159373","6159853","480"
"SL2.50ch12:61617164-61618595","15","61617164","61618595","1431"
"SL2.50ch12:61617339-61618525","13","61617339","61618525","1186"
"SL2.50ch12:61625683-61626124","13","61625683","61626124","441"
"SL2.50ch12:61627518-61630158","60","61627518","61630158","2640"
"SL2.50ch12:61638041-61642381","127","61638041","61642381","4340"
"SL2.50ch12:61647075-61649066","69","61647075","61649066","1991"
"SL2.50ch12:61649839-61653854","132","61649839","61653854","4015"
"SL2.50ch12:61656910-61658152","37","61656910","61658152","1242"
"SL2.50ch12:6203932-6204684","14","6203932","6204684","752"
"SL2.50ch12:6204092-6204496","10","6204092","6204496","404"
"SL2.50ch12:6208307-6208825","7","6208307","6208825","518"
"SL2.50ch12:62260264-62260645","39","62260264","62260645","381"
"SL2.50ch12:62260268-62260702","39","62260268","62260702","434"
"SL2.50ch12:62672044-62673379","25","62672044","62673379","1335"
"SL2.50ch12:62677611-62678101","16","62677611","62678101","490"
"SL2.50ch12:62680291-62680622","7","62680291","62680622","331"
"SL2.50ch12:62685389-62686456","22","62685389","62686456","1067"
"SL2.50ch12:63804529-63805112","86","63804529","63805112","583"
"SL2.50ch12:63804551-63805133","86","63804551","63805133","582"
"SL2.50ch12:63885229-63885802","80","63885229","63885802","573"
"SL2.50ch12:63885259-63885825","80","63885259","63885825","566"
"SL2.50ch12:64875640-64876159","9","64875640","64876159","519"
"SL2.50ch12:65405444-65406020","157","65405444","65406020","576"
"SL2.50ch12:65405532-65406036","155","65405532","65406036","504"
"SL2.50ch12:65635988-65636918","780","65635988","65636918","930"
"SL2.50ch12:65636138-65636835","778","65636138","65636835","697"
"SL2.50ch12:65737636-65739323","39","65737636","65739323","1687"
"SL2.50ch12:65744964-65745563","38","65744964","65745563","599"
"SL2.50ch12:65745156-65745569","37","65745156","65745569","413"
"SL2.50ch12:7358534-7359257","552","7358534","7359257","723"
"SL2.50ch12:7358610-7359322","552","7358610","7359322","712"
"SL2.50ch12:7715540-7716044","8","7715540","7716044","504"
"SL2.50ch12:870451-871091","129","870451","871091","640"
"SL2.50ch12:870467-871043","129","870467","871043","576"
"SL2.50ch12:9622357-9622865","3","9622357","9622865","508"
"SL2.50ch12:9622529-9623515","15","9622529","9623515","986"
"__no_feature","4248728","__no_feature","__no_feature","Bad Read Size"
"__ambiguous","452061","__ambiguous","__ambiguous","Bad Read Size"
"__too_low_aQual","780670","__too_low_aQual","__too_low_aQual","Bad Read Size"
"__not_aligned","0","__not_aligned","__not_aligned","Bad Read Size"
"__alignment_not_unique","0","__alignment_not_unique","__alignment_not_unique","Bad Read Size"
