"SL2.50ch00:10005141-10011112","292","10005141","10011112","5971"
"SL2.50ch00:10065487-10066763","69","10065487","10066763","1276"
"SL2.50ch00:10068907-10069554","33","10068907","10069554","647"
"SL2.50ch00:10077002-10077940","55","10077002","10077940","938"
"SL2.50ch00:10083677-10084008","32","10083677","10084008","331"
"SL2.50ch00:10083717-10084121","38","10083717","10084121","404"
"SL2.50ch00:10087141-10087522","14","10087141","10087522","381"
"SL2.50ch00:10091503-10092106","31","10091503","10092106","603"
"SL2.50ch00:10093140-10093724","23","10093140","10093724","584"
"SL2.50ch00:10103496-10104116","18","10103496","10104116","620"
"SL2.50ch00:10105984-10106392","9","10105984","10106392","408"
"SL2.50ch00:10108110-10108526","36","10108110","10108526","416"
"SL2.50ch00:10111024-10111355","20","10111024","10111355","331"
"SL2.50ch00:10117335-10118295","36","10117335","10118295","960"
"SL2.50ch00:10120087-10122222","174","10120087","10122222","2135"
"SL2.50ch00:10120718-10122214","135","10120718","10122214","1496"
"SL2.50ch00:10152460-10155800","234","10152460","10155800","3340"
"SL2.50ch00:10152754-10155689","222","10152754","10155689","2935"
"SL2.50ch00:10157628-10158609","85","10157628","10158609","981"
"SL2.50ch00:10157650-10158569","84","10157650","10158569","919"
"SL2.50ch00:10272221-10272832","22","10272221","10272832","611"
"SL2.50ch00:10279819-10280479","24","10279819","10280479","660"
"SL2.50ch00:10289422-10289901","28","10289422","10289901","479"
"SL2.50ch00:10290736-10291286","13","10290736","10291286","550"
"SL2.50ch00:10291703-10292158","24","10291703","10292158","455"
"SL2.50ch00:10297595-10298546","79","10297595","10298546","951"
"SL2.50ch00:10297703-10298485","77","10297703","10298485","782"
"SL2.50ch00:10299741-10300252","11","10299741","10300252","511"
"SL2.50ch00:10302592-10303453","24","10302592","10303453","861"
"SL2.50ch00:10307193-10307574","15","10307193","10307574","381"
"SL2.50ch00:10312875-10313412","39","10312875","10313412","537"
"SL2.50ch00:10399107-10400823","137","10399107","10400823","1716"
"SL2.50ch00:10399126-10400773","137","10399126","10400773","1647"
"SL2.50ch00:10401962-10403570","189","10401962","10403570","1608"
"SL2.50ch00:10402022-10403589","188","10402022","10403589","1567"
"SL2.50ch00:10405120-10406139","38","10405120","10406139","1019"
"SL2.50ch00:10410732-10412157","117","10410732","10412157","1425"
"SL2.50ch00:10413931-10414420","22","10413931","10414420","489"
"SL2.50ch00:10421271-10422036","38","10421271","10422036","765"
"SL2.50ch00:10421325-10421900","37","10421325","10421900","575"
"SL2.50ch00:10423992-10424622","26","10423992","10424622","630"
"SL2.50ch00:10428518-10429766","121","10428518","10429766","1248"
"SL2.50ch00:10428560-10429877","121","10428560","10429877","1317"
"SL2.50ch00:10431331-10432014","31","10431331","10432014","683"
"SL2.50ch00:10438317-10439161","63","10438317","10439161","844"
"SL2.50ch00:10476481-10481250","141","10476481","10481250","4769"
"SL2.50ch00:10482665-10483675","36","10482665","10483675","1010"
"SL2.50ch00:10485707-10487511","130","10485707","10487511","1804"
"SL2.50ch00:10502513-10503036","11","10502513","10503036","523"
"SL2.50ch00:10508200-10508581","21","10508200","10508581","381"
"SL2.50ch00:10512279-10513587","103","10512279","10513587","1308"
"SL2.50ch00:10574814-10576035","98","10574814","10576035","1221"
"SL2.50ch00:10574843-10576103","98","10574843","10576103","1260"
"SL2.50ch00:10577314-10578590","44","10577314","10578590","1276"
"SL2.50ch00:10581664-10582341","11","10581664","10582341","677"
"SL2.50ch00:10588136-10588834","28","10588136","10588834","698"
"SL2.50ch00:10600590-10600921","18","10600590","10600921","331"
"SL2.50ch00:10601253-10602032","47","10601253","10602032","779"
"SL2.50ch00:10603667-10606248","239","10603667","10606248","2581"
"SL2.50ch00:10604061-10606228","227","10604061","10606228","2167"
"SL2.50ch00:10607822-10610054","273","10607822","10610054","2232"
"SL2.50ch00:10607854-10610082","273","10607854","10610082","2228"
"SL2.50ch00:10617025-10618102","269","10617025","10618102","1077"
"SL2.50ch00:10617045-10618174","269","10617045","10618174","1129"
"SL2.50ch00:10627392-10628351","200","10627392","10628351","959"
"SL2.50ch00:10627420-10628331","200","10627420","10628331","911"
"SL2.50ch00:10630303-10630941","75","10630303","10630941","638"
"SL2.50ch00:10630322-10630895","75","10630322","10630895","573"
"SL2.50ch00:10632640-10636737","536","10632640","10636737","4097"
"SL2.50ch00:10632707-10636726","535","10632707","10636726","4019"
"SL2.50ch00:10638493-10640185","441","10638493","10640185","1692"
"SL2.50ch00:10638591-10640187","440","10638591","10640187","1596"
"SL2.50ch00:10642033-10643902","302","10642033","10643902","1869"
"SL2.50ch00:10642037-10643846","302","10642037","10643846","1809"
"SL2.50ch00:10644515-10646026","166","10644515","10646026","1511"
"SL2.50ch00:10644516-10645874","164","10644516","10645874","1358"
"SL2.50ch00:10651555-10652266","80","10651555","10652266","711"
"SL2.50ch00:10651628-10652252","79","10651628","10652252","624"
"SL2.50ch00:10653584-10655204","153","10653584","10655204","1620"
"SL2.50ch00:10656082-10657809","90","10656082","10657809","1727"
"SL2.50ch00:10659682-10660159","20","10659682","10660159","477"
"SL2.50ch00:10660575-10661051","19","10660575","10661051","476"
"SL2.50ch00:10664093-10664879","320","10664093","10664879","786"
"SL2.50ch00:10665512-10666210","472","10665512","10666210","698"
"SL2.50ch00:10665535-10666163","472","10665535","10666163","628"
"SL2.50ch00:10667197-10669630","2142","10667197","10669630","2433"
"SL2.50ch00:10667249-10669624","2137","10667249","10669624","2375"
"SL2.50ch00:10672327-10672995","405","10672327","10672995","668"
"SL2.50ch00:10672331-10673001","405","10672331","10673001","670"
"SL2.50ch00:10675576-10676676","504","10675576","10676676","1100"
"SL2.50ch00:10675601-10676553","501","10675601","10676553","952"
"SL2.50ch00:10680500-10686366","5875","10680500","10686366","5866"
"SL2.50ch00:10680507-10686395","5875","10680507","10686395","5888"
"SL2.50ch00:10687183-10692743","5110","10687183","10692743","5560"
"SL2.50ch00:10687194-10692736","5110","10687194","10692736","5542"
"SL2.50ch00:10721202-10722706","77","10721202","10722706","1504"
"SL2.50ch00:10729266-10730646","209","10729266","10730646","1380"
"SL2.50ch00:10729366-10730692","208","10729366","10730692","1326"
"SL2.50ch00:10731640-10733467","284","10731640","10733467","1827"
"SL2.50ch00:10735708-10737046","62","10735708","10737046","1338"
"SL2.50ch00:10739930-10740261","13","10739930","10740261","331"
"SL2.50ch00:10743581-10745195","111","10743581","10745195","1614"
"SL2.50ch00:10746713-10748833","139","10746713","10748833","2120"
"SL2.50ch00:10749908-10750239","20","10749908","10750239","331"
"SL2.50ch00:10751930-10752550","49","10751930","10752550","620"
"SL2.50ch00:10776616-10777858","57","10776616","10777858","1242"
"SL2.50ch00:10778540-10781054","94","10778540","10781054","2514"
"SL2.50ch00:10783354-10784036","52","10783354","10784036","682"
"SL2.50ch00:10783509-10783913","47","10783509","10783913","404"
"SL2.50ch00:10788509-10789242","52","10788509","10789242","733"
"SL2.50ch00:10788760-10789164","47","10788760","10789164","404"
"SL2.50ch00:10793463-10794063","50","10793463","10794063","600"
"SL2.50ch00:10793486-10794207","49","10793486","10794207","721"
"SL2.50ch00:10798448-10803540","227","10798448","10803540","5092"
"SL2.50ch00:10830646-10832242","223","10830646","10832242","1596"
"SL2.50ch00:10830818-10832276","223","10830818","10832276","1458"
"SL2.50ch00:10834896-10835805","108","10834896","10835805","909"
"SL2.50ch00:10834936-10835789","107","10834936","10835789","853"
"SL2.50ch00:10842071-10842585","44","10842071","10842585","514"
"SL2.50ch00:10842074-10842575","44","10842074","10842575","501"
"SL2.50ch00:10843896-10845227","63","10843896","10845227","1331"
"SL2.50ch00:10846170-10847034","117","10846170","10847034","864"
"SL2.50ch00:10846224-10847047","117","10846224","10847047","823"
"SL2.50ch00:10848807-10849976","62","10848807","10849976","1169"
"SL2.50ch00:10854621-10857569","154","10854621","10857569","2948"
"SL2.50ch00:10868809-10869190","27","10868809","10869190","381"
"SL2.50ch00:10910268-10911385","159","10910268","10911385","1117"
"SL2.50ch00:10910370-10911449","155","10910370","10911449","1079"
"SL2.50ch00:10914174-10914910","75","10914174","10914910","736"
"SL2.50ch00:10914338-10914844","72","10914338","10914844","506"
"SL2.50ch00:10917250-10919722","515","10917250","10919722","2472"
"SL2.50ch00:10917261-10919734","514","10917261","10919734","2473"
"SL2.50ch00:10926623-10928866","262","10926623","10928866","2243"
"SL2.50ch00:10926626-10929287","289","10926626","10929287","2661"
"SL2.50ch00:10930953-10933110","167","10930953","10933110","2157"
"SL2.50ch00:10931866-10933008","129","10931866","10933008","1142"
"SL2.50ch00:10936035-10937735","52","10936035","10937735","1700"
"SL2.50ch00:10940054-10943891","192","10940054","10943891","3837"
"SL2.50ch00:10945399-10946478","66","10945399","10946478","1079"
"SL2.50ch00:10947725-10954068","324","10947725","10954068","6343"
"SL2.50ch00:10956482-10960667","185","10956482","10960667","4185"
"SL2.50ch00:10963552-10964142","34","10963552","10964142","590"
"SL2.50ch00:10971004-10972145","89","10971004","10972145","1141"
"SL2.50ch00:10971048-10972223","89","10971048","10972223","1175"
"SL2.50ch00:10985064-10986782","138","10985064","10986782","1718"
"SL2.50ch00:10985073-10986834","138","10985073","10986834","1761"
"SL2.50ch00:10990687-10995808","343","10990687","10995808","5121"
"SL2.50ch00:10998618-11000310","114","10998618","11000310","1692"
"SL2.50ch00:11005052-11006987","123","11005052","11006987","1935"
"SL2.50ch00:11007680-11008269","27","11007680","11008269","589"
"SL2.50ch00:11012514-11012895","8","11012514","11012895","381"
"SL2.50ch00:11031644-11031975","8","11031644","11031975","331"
"SL2.50ch00:11055079-11077480","17647","11055079","11077480","22401"
"SL2.50ch00:11055103-11077486","17647","11055103","11077486","22383"
"SL2.50ch00:11141761-11146375","219","11141761","11146375","4614"
"SL2.50ch00:11147031-11148450","125","11147031","11148450","1419"
"SL2.50ch00:11147056-11148474","125","11147056","11148474","1418"
"SL2.50ch00:11156005-11156811","33","11156005","11156811","806"
"SL2.50ch00:11182413-11182990","60","11182413","11182990","577"
"SL2.50ch00:11182455-11182963","58","11182455","11182963","508"
"SL2.50ch00:11184554-11185987","132","11184554","11185987","1433"
"SL2.50ch00:11184559-11185963","132","11184559","11185963","1404"
"SL2.50ch00:11239943-11240920","48","11239943","11240920","977"
"SL2.50ch00:11242538-11243692","54","11242538","11243692","1154"
"SL2.50ch00:11244917-11246524","75","11244917","11246524","1607"
"SL2.50ch00:11251418-11254505","202","11251418","11254505","3087"
"SL2.50ch00:11251473-11254521","200","11251473","11254521","3048"
"SL2.50ch00:11256077-11257931","65","11256077","11257931","1854"
"SL2.50ch00:11293074-11293554","26","11293074","11293554","480"
"SL2.50ch00:11295501-11296038","22","11295501","11296038","537"
"SL2.50ch00:11297430-11297761","23","11297430","11297761","331"
"SL2.50ch00:11301434-11301838","49","11301434","11301838","404"
"SL2.50ch00:11301523-11301854","43","11301523","11301854","331"
"SL2.50ch00:11308046-11308427","26","11308046","11308427","381"
"SL2.50ch00:11310727-11313687","342","11310727","11313687","2960"
"SL2.50ch00:11310886-11313674","335","11310886","11313674","2788"
"SL2.50ch00:11314410-11315883","181","11314410","11315883","1473"
"SL2.50ch00:11314447-11315959","181","11314447","11315959","1512"
"SL2.50ch00:11317036-11318741","83","11317036","11318741","1705"
"SL2.50ch00:11321826-11325870","162","11321826","11325870","4044"
"SL2.50ch00:11326911-11336372","415","11326911","11336372","9461"
"SL2.50ch00:11337261-11343309","287","11337261","11343309","6048"
"SL2.50ch00:11344369-11345115","54","11344369","11345115","746"
"SL2.50ch00:11362846-11363749","62","11362846","11363749","903"
"SL2.50ch00:11362909-11363764","62","11362909","11363764","855"
"SL2.50ch00:11369358-11374033","264","11369358","11374033","4675"
"SL2.50ch00:11377464-11379406","164","11377464","11379406","1942"
"SL2.50ch00:11377992-11379414","144","11377992","11379414","1422"
"SL2.50ch00:11396268-11398033","179","11396268","11398033","1765"
"SL2.50ch00:11396281-11398063","179","11396281","11398063","1782"
"SL2.50ch00:11398844-11404525","434","11398844","11404525","5681"
"SL2.50ch00:11411131-11412638","179","11411131","11412638","1507"
"SL2.50ch00:11411210-11412550","177","11411210","11412550","1340"
"SL2.50ch00:11435021-11435402","15","11435021","11435402","381"
"SL2.50ch00:11443840-11444538","20","11443840","11444538","698"
"SL2.50ch00:11479280-11479661","12","11479280","11479661","381"
"SL2.50ch00:11490693-11491596","52","11490693","11491596","903"
"SL2.50ch00:11492825-11494397","68","11492825","11494397","1572"
"SL2.50ch00:11495640-11497102","67","11495640","11497102","1462"
"SL2.50ch00:11499381-11501263","114","11499381","11501263","1882"
"SL2.50ch00:11501876-11503245","137","11501876","11503245","1369"
"SL2.50ch00:11501908-11503138","137","11501908","11503138","1230"
"SL2.50ch00:11504375-11505179","56","11504375","11505179","804"
"SL2.50ch00:11504386-11505193","55","11504386","11505193","807"
"SL2.50ch00:11510384-11512323","131","11510384","11512323","1939"
"SL2.50ch00:11516613-11517616","59","11516613","11517616","1003"
"SL2.50ch00:11516614-11517613","59","11516614","11517613","999"
"SL2.50ch00:11520028-11520796","62","11520028","11520796","768"
"SL2.50ch00:11531048-11531810","47","11531048","11531810","762"
"SL2.50ch00:11534129-11548181","1510","11534129","11548181","14052"
"SL2.50ch00:11565499-11566054","24","11565499","11566054","555"
"SL2.50ch00:11576949-11583147","478","11576949","11583147","6198"
"SL2.50ch00:11650849-11651285","37","11650849","11651285","436"
"SL2.50ch00:11655343-11656870","345","11655343","11656870","1527"
"SL2.50ch00:11655363-11656901","345","11655363","11656901","1538"
"SL2.50ch00:11658373-11659357","109","11658373","11659357","984"
"SL2.50ch00:11658413-11659410","109","11658413","11659410","997"
"SL2.50ch00:11685738-11686901","74","11685738","11686901","1163"
"SL2.50ch00:11687500-11689613","192","11687500","11689613","2113"
"SL2.50ch00:11687565-11689537","192","11687565","11689537","1972"
"SL2.50ch00:11690472-11694305","227","11690472","11694305","3833"
"SL2.50ch00:11695255-11695660","20","11695255","11695660","405"
"SL2.50ch00:11697545-11698487","56","11697545","11698487","942"
"SL2.50ch00:11736257-11738084","270","11736257","11738084","1827"
"SL2.50ch00:11736295-11738062","270","11736295","11738062","1767"
"SL2.50ch00:11773888-11775696","1115","11773888","11775696","1808"
"SL2.50ch00:11773931-11775731","1111","11773931","11775731","1800"
"SL2.50ch00:11777402-11778481","824","11777402","11778481","1079"
"SL2.50ch00:11777453-11778470","810","11777453","11778470","1017"
"SL2.50ch00:11780895-11782018","729","11780895","11782018","1123"
"SL2.50ch00:11780914-11782081","721","11780914","11782081","1167"
"SL2.50ch00:11782576-11786164","2642","11782576","11786164","3588"
"SL2.50ch00:11782593-11786224","2642","11782593","11786224","3631"
"SL2.50ch00:11789600-11790182","48","11789600","11790182","582"
"SL2.50ch00:11789639-11790399","59","11789639","11790399","760"
"SL2.50ch00:11796752-11810419","11316","11796752","11810419","13667"
"SL2.50ch00:11798253-11810444","11263","11798253","11810444","12191"
"SL2.50ch00:11819282-11819771","29","11819282","11819771","489"
"SL2.50ch00:11851636-11852113","21","11851636","11852113","477"
"SL2.50ch00:11855496-11855877","24","11855496","11855877","381"
"SL2.50ch00:11857574-11857905","55","11857574","11857905","331"
"SL2.50ch00:11901425-11901973","37","11901425","11901973","548"
"SL2.50ch00:11913173-11913606","37","11913173","11913606","433"
"SL2.50ch00:11919657-11919988","22","11919657","11919988","331"
"SL2.50ch00:11922194-11922525","21","11922194","11922525","331"
"SL2.50ch00:11934769-11935958","68","11934769","11935958","1189"
"SL2.50ch00:11944473-11945832","80","11944473","11945832","1359"
"SL2.50ch00:11966724-11976904","8171","11966724","11976904","10180"
"SL2.50ch00:11966763-11976921","8166","11966763","11976921","10158"
"SL2.50ch00:11986901-11987970","144","11986901","11987970","1069"
"SL2.50ch00:11986947-11988035","144","11986947","11988035","1088"
"SL2.50ch00:11990826-11991727","40","11990826","11991727","901"
"SL2.50ch00:11993083-11994663","229","11993083","11994663","1580"
"SL2.50ch00:11993108-11994595","229","11993108","11994595","1487"
"SL2.50ch00:11996161-11996887","108","11996161","11996887","726"
"SL2.50ch00:11996165-11996956","109","11996165","11996956","791"
"SL2.50ch00:12005346-12016200","10998","12005346","12016200","10854"
"SL2.50ch00:12006247-12016261","10960","12006247","12016261","10014"
"SL2.50ch00:12039409-12041187","80","12039409","12041187","1778"
"SL2.50ch00:12088095-12089625","45","12088095","12089625","1530"
"SL2.50ch00:12090869-12091736","37","12090869","12091736","867"
"SL2.50ch00:12128069-12129195","130","12128069","12129195","1126"
"SL2.50ch00:12128080-12154019","14754","12128080","12154019","25939"
"SL2.50ch00:12129811-12133841","554","12129811","12133841","4030"
"SL2.50ch00:12135070-12154020","13968","12135070","12154020","18950"
"SL2.50ch00:12211658-12219923","829","12211658","12219923","8265"
"SL2.50ch00:12212183-12219705","797","12212183","12219705","7522"
"SL2.50ch00:12266042-12266373","11","12266042","12266373","331"
"SL2.50ch00:12266855-12282012","12724","12266855","12282012","15157"
"SL2.50ch00:12266900-12282088","12723","12266900","12282088","15188"
"SL2.50ch00:12300631-12302445","129","12300631","12302445","1814"
"SL2.50ch00:12301258-12302308","80","12301258","12302308","1050"
"SL2.50ch00:12312511-12319827","331","12312511","12319827","7316"
"SL2.50ch00:12322626-12323776","38","12322626","12323776","1150"
"SL2.50ch00:12327818-12328740","27","12327818","12328740","922"
"SL2.50ch00:12339756-12340219","36","12339756","12340219","463"
"SL2.50ch00:12348859-12349873","66","12348859","12349873","1014"
"SL2.50ch00:12348900-12349859","63","12348900","12349859","959"
"SL2.50ch00:12492800-12501089","736","12492800","12501089","8289"
"SL2.50ch00:12492909-12499238","639","12492909","12499238","6329"
"SL2.50ch00:12499680-12501104","80","12499680","12501104","1424"
"SL2.50ch00:12504572-12506066","57","12504572","12506066","1494"
"SL2.50ch00:12561321-12561702","22","12561321","12561702","381"
"SL2.50ch00:12570057-12572446","149","12570057","12572446","2389"
"SL2.50ch00:12643039-12645240","107","12643039","12645240","2201"
"SL2.50ch00:12646321-12647655","61","12646321","12647655","1334"
"SL2.50ch00:12648597-12648928","25","12648597","12648928","331"
"SL2.50ch00:12669261-12669592","5","12669261","12669592","331"
"SL2.50ch00:12704257-12704588","4","12704257","12704588","331"
"SL2.50ch00:12754371-12754752","21","12754371","12754752","381"
"SL2.50ch00:12756548-12757566","110","12756548","12757566","1018"
"SL2.50ch00:12756562-12757520","110","12756562","12757520","958"
"SL2.50ch00:12758317-12760221","301","12758317","12760221","1904"
"SL2.50ch00:12758322-12760244","301","12758322","12760244","1922"
"SL2.50ch00:12772555-12778363","389","12772555","12778363","5808"
"SL2.50ch00:12783643-12784259","43","12783643","12784259","616"
"SL2.50ch00:12885083-12890446","380","12885083","12890446","5363"
"SL2.50ch00:12935953-12936381","32","12935953","12936381","428"
"SL2.50ch00:12942422-12943337","96","12942422","12943337","915"
"SL2.50ch00:12944934-12947743","211","12944934","12947743","2809"
"SL2.50ch00:12953378-12958577","3004","12953378","12958577","5199"
"SL2.50ch00:12953577-12958707","2998","12953577","12958707","5130"
"SL2.50ch00:13043047-13043844","48","13043047","13043844","797"
"SL2.50ch00:13052241-13053765","88","13052241","13053765","1524"
"SL2.50ch00:13173913-13179168","408","13173913","13179168","5255"
"SL2.50ch00:13173921-13179092","408","13173921","13179092","5171"
"SL2.50ch00:13301729-13302241","108","13301729","13302241","512"
"SL2.50ch00:13301742-13302823","123","13301742","13302823","1081"
"SL2.50ch00:13305980-13306972","51","13305980","13306972","992"
"SL2.50ch00:13361691-13362228","29","13361691","13362228","537"
"SL2.50ch00:13374943-13375813","475","13374943","13375813","870"
"SL2.50ch00:13374976-13375803","475","13374976","13375803","827"
"SL2.50ch00:13379479-13380282","724","13379479","13380282","803"
"SL2.50ch00:13379519-13380293","724","13379519","13380293","774"
"SL2.50ch00:13386663-13388093","109","13386663","13388093","1430"
"SL2.50ch00:13386717-13388034","105","13386717","13388034","1317"
"SL2.50ch00:13458176-13459472","35","13458176","13459472","1296"
"SL2.50ch00:13460498-13460879","11","13460498","13460879","381"
"SL2.50ch00:13493342-13494542","107","13493342","13494542","1200"
"SL2.50ch00:13493457-13494539","105","13493457","13494539","1082"
"SL2.50ch00:13496769-13498228","107","13496769","13498228","1459"
"SL2.50ch00:13496785-13498305","107","13496785","13498305","1520"
"SL2.50ch00:13503356-13507621","1553","13503356","13507621","4265"
"SL2.50ch00:13503403-13508200","1561","13503403","13508200","4797"
"SL2.50ch00:13568829-13570343","112","13568829","13570343","1514"
"SL2.50ch00:13572199-13572797","50","13572199","13572797","598"
"SL2.50ch00:13602752-13608403","3385","13602752","13608403","5651"
"SL2.50ch00:13603461-13608253","3366","13603461","13608253","4792"
"SL2.50ch00:13633641-13634122","27","13633641","13634122","481"
"SL2.50ch00:13689157-13689857","136","13689157","13689857","700"
"SL2.50ch00:13689180-13689957","135","13689180","13689957","777"
"SL2.50ch00:13690408-13691287","78","13690408","13691287","879"
"SL2.50ch00:13690425-13691314","78","13690425","13691314","889"
"SL2.50ch00:13764589-13769479","2796","13764589","13769479","4890"
"SL2.50ch00:13764737-13769414","2796","13764737","13769414","4677"
"SL2.50ch00:13854221-13854967","47","13854221","13854967","746"
"SL2.50ch00:14017873-14019202","84","14017873","14019202","1329"
"SL2.50ch00:14038179-14039142","38","14038179","14039142","963"
"SL2.50ch00:14041264-14041595","8","14041264","14041595","331"
"SL2.50ch00:14094954-14095722","38","14094954","14095722","768"
"SL2.50ch00:14120430-14121460","78","14120430","14121460","1030"
"SL2.50ch00:14123191-14124822","87","14123191","14124822","1631"
"SL2.50ch00:14257985-14258578","45","14257985","14258578","593"
"SL2.50ch00:14287172-14287849","70","14287172","14287849","677"
"SL2.50ch00:14287293-14287697","66","14287293","14287697","404"
"SL2.50ch00:14290585-14291568","148","14290585","14291568","983"
"SL2.50ch00:14290663-14291631","148","14290663","14291631","968"
"SL2.50ch00:14296307-14297182","24","14296307","14297182","875"
"SL2.50ch00:14297986-14300488","139","14297986","14300488","2502"
"SL2.50ch00:14314049-14314915","29","14314049","14314915","866"
"SL2.50ch00:14317136-14318077","54","14317136","14318077","941"
"SL2.50ch00:14349829-14350343","24","14349829","14350343","514"
"SL2.50ch00:14351727-14353626","104","14351727","14353626","1899"
"SL2.50ch00:14409749-14411023","61","14409749","14411023","1274"
"SL2.50ch00:14437478-14441688","553","14437478","14441688","4210"
"SL2.50ch00:14437498-14441691","553","14437498","14441691","4193"
"SL2.50ch00:14505476-14506375","86","14505476","14506375","899"
"SL2.50ch00:14507677-14509080","157","14507677","14509080","1403"
"SL2.50ch00:14510949-14511428","23","14510949","14511428","479"
"SL2.50ch00:14514523-14515709","50","14514523","14515709","1186"
"SL2.50ch00:14520219-14524162","248","14520219","14524162","3943"
"SL2.50ch00:14545972-14550325","4841","14545972","14550325","4353"
"SL2.50ch00:14545992-14550404","4841","14545992","14550404","4412"
"SL2.50ch00:14561598-14562390","41","14561598","14562390","792"
"SL2.50ch00:14572010-14572963","52","14572010","14572963","953"
"SL2.50ch00:14575166-14576019","34","14575166","14576019","853"
"SL2.50ch00:14645339-14645670","31","14645339","14645670","331"
"SL2.50ch00:14653788-14654316","28","14653788","14654316","528"
"SL2.50ch00:14665275-14665864","19","14665275","14665864","589"
"SL2.50ch00:14670395-14675844","2246","14670395","14675844","5449"
"SL2.50ch00:14670525-14675767","2246","14670525","14675767","5242"
"SL2.50ch00:14677135-14679038","338","14677135","14679038","1903"
"SL2.50ch00:14677163-14679046","338","14677163","14679046","1883"
"SL2.50ch00:14696340-14697784","106","14696340","14697784","1444"
"SL2.50ch00:14696486-14697741","105","14696486","14697741","1255"
"SL2.50ch00:14734757-14735547","76","14734757","14735547","790"
"SL2.50ch00:14735013-14735427","53","14735013","14735427","414"
"SL2.50ch00:14736771-14737175","32","14736771","14737175","404"
"SL2.50ch00:14764000-14767741","166","14764000","14767741","3741"
"SL2.50ch00:14793282-14793762","59","14793282","14793762","480"
"SL2.50ch00:14793283-14793806","60","14793283","14793806","523"
"SL2.50ch00:14796368-14797271","107","14796368","14797271","903"
"SL2.50ch00:14796377-14797277","108","14796377","14797277","900"
"SL2.50ch00:14801714-14802210","39","14801714","14802210","496"
"SL2.50ch00:14801773-14802270","39","14801773","14802270","497"
"SL2.50ch00:14804058-14805706","229","14804058","14805706","1648"
"SL2.50ch00:14804095-14805725","228","14804095","14805725","1630"
"SL2.50ch00:14888134-14888815","42","14888134","14888815","681"
"SL2.50ch00:14959726-14961346","93","14959726","14961346","1620"
"SL2.50ch00:14962661-14963710","99","14962661","14963710","1049"
"SL2.50ch00:14962671-14963673","99","14962671","14963673","1002"
"SL2.50ch00:14992539-14993226","28","14992539","14993226","687"
"SL2.50ch00:14994776-14995888","33","14994776","14995888","1112"
"SL2.50ch00:14999669-15000581","63","14999669","15000581","912"
"SL2.50ch00:14999676-15000635","63","14999676","15000635","959"
"SL2.50ch00:15070998-15071624","50","15070998","15071624","626"
"SL2.50ch00:15134732-15135537","30","15134732","15135537","805"
"SL2.50ch00:15138691-15139738","101","15138691","15139738","1047"
"SL2.50ch00:15138813-15139728","97","15138813","15139728","915"
"SL2.50ch00:15142980-15144082","79","15142980","15144082","1102"
"SL2.50ch00:15145088-15146391","165","15145088","15146391","1303"
"SL2.50ch00:15154016-15154525","70","15154016","15154525","509"
"SL2.50ch00:15154030-15154559","70","15154030","15154559","529"
"SL2.50ch00:15290029-15291592","57","15290029","15291592","1563"
"SL2.50ch00:15292792-15293760","20","15292792","15293760","968"
"SL2.50ch00:15313888-15314555","17","15313888","15314555","667"
"SL2.50ch00:15321388-15322417","144","15321388","15322417","1029"
"SL2.50ch00:15321397-15322420","144","15321397","15322420","1023"
"SL2.50ch00:15324297-15325292","107","15324297","15325292","995"
"SL2.50ch00:15324335-15325255","107","15324335","15325255","920"
"SL2.50ch00:15345063-15346309","61","15345063","15346309","1246"
"SL2.50ch00:15348034-15348911","129","15348034","15348911","877"
"SL2.50ch00:15348056-15348874","129","15348056","15348874","818"
"SL2.50ch00:15360713-15361740","66","15360713","15361740","1027"
"SL2.50ch00:15363024-15364385","77","15363024","15364385","1361"
"SL2.50ch00:15385981-15387196","68","15385981","15387196","1215"
"SL2.50ch00:15450246-15451248","28","15450246","15451248","1002"
"SL2.50ch00:15452864-15453865","47","15452864","15453865","1001"
"SL2.50ch00:15473445-15477143","315","15473445","15477143","3698"
"SL2.50ch00:15473462-15477114","314","15473462","15477114","3652"
"SL2.50ch00:15534748-15536183","599","15534748","15536183","1435"
"SL2.50ch00:15534758-15536224","598","15534758","15536224","1466"
"SL2.50ch00:15538081-15542520","3420","15538081","15542520","4439"
"SL2.50ch00:15538103-15542548","3420","15538103","15542548","4445"
"SL2.50ch00:15578074-15578388","31","15578074","15578388","314"
"SL2.50ch00:15813952-15814601","93","15813952","15814601","649"
"SL2.50ch00:15813970-15814627","93","15813970","15814627","657"
"SL2.50ch00:15816234-15816914","17","15816234","15816914","680"
"SL2.50ch00:15864653-15865067","13","15864653","15865067","414"
"SL2.50ch00:15877075-15880575","253","15877075","15880575","3500"
"SL2.50ch00:15885500-15887828","95","15885500","15887828","2328"
"SL2.50ch00:15902875-15903796","61","15902875","15903796","921"
"SL2.50ch00:15903091-15903778","48","15903091","15903778","687"
"SL2.50ch00:15905698-15906355","61","15905698","15906355","657"
"SL2.50ch00:15905708-15906356","61","15905708","15906356","648"
"SL2.50ch00:15918006-15920903","117","15918006","15920903","2897"
"SL2.50ch00:15961412-15961891","18","15961412","15961891","479"
"SL2.50ch00:15964571-15964902","26","15964571","15964902","331"
"SL2.50ch00:15997706-16001208","440","15997706","16001208","3502"
"SL2.50ch00:15997711-16001117","440","15997711","16001117","3406"
"SL2.50ch00:16026769-16030121","255","16026769","16030121","3352"
"SL2.50ch00:16026779-16030092","255","16026779","16030092","3313"
"SL2.50ch00:16051830-16055470","3185","16051830","16055470","3640"
"SL2.50ch00:16051969-16055507","3185","16051969","16055507","3538"
"SL2.50ch00:16145943-16146508","26","16145943","16146508","565"
"SL2.50ch00:16180734-16184190","2627","16180734","16184190","3456"
"SL2.50ch00:16180765-16184240","2627","16180765","16184240","3475"
"SL2.50ch00:16194906-16198191","237","16194906","16198191","3285"
"SL2.50ch00:16195205-16198127","227","16195205","16198127","2922"
"SL2.50ch00:16210756-16211485","55","16210756","16211485","729"
"SL2.50ch00:16246756-16247263","42","16246756","16247263","507"
"SL2.50ch00:16246838-16247326","45","16246838","16247326","488"
"SL2.50ch00:16278313-16278791","41","16278313","16278791","478"
"SL2.50ch00:16310917-16312270","160","16310917","16312270","1353"
"SL2.50ch00:16310949-16312354","158","16310949","16312354","1405"
"SL2.50ch00:16313964-16314440","31","16313964","16314440","476"
"SL2.50ch00:16384298-16387525","171","16384298","16387525","3227"
"SL2.50ch00:16388450-16388781","2","16388450","16388781","331"
"SL2.50ch00:16397955-16401517","2276","16397955","16401517","3562"
"SL2.50ch00:16397999-16401447","2276","16397999","16401447","3448"
"SL2.50ch00:16430804-16431135","10","16430804","16431135","331"
"SL2.50ch00:16531969-16535132","213","16531969","16535132","3163"
"SL2.50ch00:16532007-16533836","129","16532007","16533836","1829"
"SL2.50ch00:16548945-16549634","45","16548945","16549634","689"
"SL2.50ch00:16548956-16549611","45","16548956","16549611","655"
"SL2.50ch00:16562494-16565702","234","16562494","16565702","3208"
"SL2.50ch00:16562500-16565709","234","16562500","16565709","3209"
"SL2.50ch00:16636841-16639820","1107","16636841","16639820","2979"
"SL2.50ch00:16636881-16639873","1107","16636881","16639873","2992"
"SL2.50ch00:16661165-16666646","475","16661165","16666646","5481"
"SL2.50ch00:16663475-16666668","370","16663475","16666668","3193"
"SL2.50ch00:16797253-16797657","37","16797253","16797657","404"
"SL2.50ch00:16878589-16880003","93","16878589","16880003","1414"
"SL2.50ch00:16879504-16880165","66","16879504","16880165","661"
"SL2.50ch00:16901279-16904607","581","16901279","16904607","3328"
"SL2.50ch00:16950216-16951189","97","16950216","16951189","973"
"SL2.50ch00:16950256-16951168","97","16950256","16951168","912"
"SL2.50ch00:16952569-16953405","78","16952569","16953405","836"
"SL2.50ch00:16952609-16953413","78","16952609","16953413","804"
"SL2.50ch00:16963074-16963968","127","16963074","16963968","894"
"SL2.50ch00:16963082-16963996","127","16963082","16963996","914"
"SL2.50ch00:16965766-16966448","79","16965766","16966448","682"
"SL2.50ch00:16965791-16966390","79","16965791","16966390","599"
"SL2.50ch00:17011668-17014680","205","17011668","17014680","3012"
"SL2.50ch00:17108480-17109201","42","17108480","17109201","721"
"SL2.50ch00:17155544-17158777","2371","17155544","17158777","3233"
"SL2.50ch00:17155546-17158805","2372","17155546","17158805","3259"
"SL2.50ch00:17182659-17183378","30","17182659","17183378","719"
"SL2.50ch00:17231558-17234427","239","17231558","17234427","2869"
"SL2.50ch00:17297364-17300415","155","17297364","17300415","3051"
"SL2.50ch00:17347283-17350087","246","17347283","17350087","2804"
"SL2.50ch00:17347292-17350171","246","17347292","17350171","2879"
"SL2.50ch00:17458434-17461318","227","17458434","17461318","2884"
"SL2.50ch00:17458495-17461319","227","17458495","17461319","2824"
"SL2.50ch00:17522874-17525226","899","17522874","17525226","2352"
"SL2.50ch00:17522889-17525278","899","17522889","17525278","2389"
"SL2.50ch00:17606813-17607227","48","17606813","17607227","414"
"SL2.50ch00:17634547-17637649","606","17634547","17637649","3102"
"SL2.50ch00:17634761-17637622","602","17634761","17637622","2861"
"SL2.50ch00:17652875-17654256","69","17652875","17654256","1381"
"SL2.50ch00:17662605-17663003","32","17662605","17663003","398"
"SL2.50ch00:17769432-17772007","175","17769432","17772007","2575"
"SL2.50ch00:17836018-17836532","16","17836018","17836532","514"
"SL2.50ch00:17840077-17843083","1900","17840077","17843083","3006"
"SL2.50ch00:17840196-17843104","1900","17840196","17843104","2908"
"SL2.50ch00:17892171-17892552","5","17892171","17892552","381"
"SL2.50ch00:18009672-18010223","44","18009672","18010223","551"
"SL2.50ch00:18038938-18041196","123","18038938","18041196","2258"
"SL2.50ch00:18049283-18053552","591","18049283","18053552","4269"
"SL2.50ch00:18049355-18052967","577","18049355","18052967","3612"
"SL2.50ch00:18116598-18122150","581","18116598","18122150","5552"
"SL2.50ch00:18116660-18121783","567","18116660","18121783","5123"
"SL2.50ch00:18137599-18137930","5","18137599","18137930","331"
"SL2.50ch00:18176835-18178099","122","18176835","18178099","1264"
"SL2.50ch00:18176848-18178416","138","18176848","18178416","1568"
"SL2.50ch00:18179054-18179487","36","18179054","18179487","433"
"SL2.50ch00:18179162-18179493","31","18179162","18179493","331"
"SL2.50ch00:18194215-18194596","12","18194215","18194596","381"
"SL2.50ch00:18228174-18230796","219","18228174","18230796","2622"
"SL2.50ch00:18228184-18230875","219","18228184","18230875","2691"
"SL2.50ch00:18254279-18256460","84","18254279","18256460","2181"
"SL2.50ch00:18315775-18318681","1053","18315775","18318681","2906"
"SL2.50ch00:18315870-18318744","1052","18315870","18318744","2874"
"SL2.50ch00:18352333-18355283","2292","18352333","18355283","2950"
"SL2.50ch00:18352416-18355347","2289","18352416","18355347","2931"
"SL2.50ch00:18428537-18429641","70","18428537","18429641","1104"
"SL2.50ch00:18432632-18433517","82","18432632","18433517","885"
"SL2.50ch00:18432804-18433385","69","18432804","18433385","581"
"SL2.50ch00:18490010-18491237","137","18490010","18491237","1227"
"SL2.50ch00:18490245-18490886","117","18490245","18490886","641"
"SL2.50ch00:18581649-18582348","21","18581649","18582348","699"
"SL2.50ch00:18649134-18651349","207","18649134","18651349","2215"
"SL2.50ch00:18649169-18651636","219","18649169","18651636","2467"
"SL2.50ch00:18776737-18779461","286","18776737","18779461","2724"
"SL2.50ch00:18776875-18779471","286","18776875","18779471","2596"
"SL2.50ch00:1885338-1885820","17","1885338","1885820","482"
"SL2.50ch00:18865856-18866709","52","18865856","18866709","853"
"SL2.50ch00:18867677-18868170","23","18867677","18868170","493"
"SL2.50ch00:18909157-18910829","97","18909157","18910829","1672"
"SL2.50ch00:18980667-18983048","126","18980667","18983048","2381"
"SL2.50ch00:19091691-19094230","312","19091691","19094230","2539"
"SL2.50ch00:19091698-19094232","312","19091698","19094232","2534"
"SL2.50ch00:19120501-19123287","1625","19120501","19123287","2786"
"SL2.50ch00:19120525-19123230","1625","19120525","19123230","2705"
"SL2.50ch00:19131608-19132209","36","19131608","19132209","601"
"SL2.50ch00:19131950-19132504","50","19131950","19132504","554"
"SL2.50ch00:19180932-19181473","25","19180932","19181473","541"
"SL2.50ch00:19308067-19310382","209","19308067","19310382","2315"
"SL2.50ch00:19308098-19310458","209","19308098","19310458","2360"
"SL2.50ch00:19322220-19323243","51","19322220","19323243","1023"
"SL2.50ch00:19374874-19377192","143","19374874","19377192","2318"
"SL2.50ch00:19408079-19410522","230","19408079","19410522","2443"
"SL2.50ch00:19408101-19410482","230","19408101","19410482","2381"
"SL2.50ch00:19415713-19418074","84","19415713","19418074","2361"
"SL2.50ch00:19429051-19429382","34","19429051","19429382","331"
"SL2.50ch00:19514497-19514901","35","19514497","19514901","404"
"SL2.50ch00:19613113-19615861","4670","19613113","19615861","2748"
"SL2.50ch00:19613115-19615800","4670","19613115","19615800","2685"
"SL2.50ch00:19656469-19656850","151","19656469","19656850","381"
"SL2.50ch00:19703281-19705830","438","19703281","19705830","2549"
"SL2.50ch00:19703414-19705826","438","19703414","19705826","2412"
"SL2.50ch00:19810183-19812494","376","19810183","19812494","2311"
"SL2.50ch00:19810216-19812455","376","19810216","19812455","2239"
"SL2.50ch00:19862417-19862961","7","19862417","19862961","544"
"SL2.50ch00:19863641-19864151","13","19863641","19864151","510"
"SL2.50ch00:19880094-19880475","5","19880094","19880475","381"
"SL2.50ch00:19915935-19918331","1412","19915935","19918331","2396"
"SL2.50ch00:19916106-19918382","1412","19916106","19918382","2276"
"SL2.50ch00:19964863-19967219","661","19964863","19967219","2356"
"SL2.50ch00:19964870-19967190","661","19964870","19967190","2320"
"SL2.50ch00:19980221-19981086","53","19980221","19981086","865"
"SL2.50ch00:19987617-19988611","136","19987617","19988611","994"
"SL2.50ch00:19987645-19989080","163","19987645","19989080","1435"
"SL2.50ch00:20025783-20028020","154","20025783","20028020","2237"
"SL2.50ch00:20087225-20087703","37","20087225","20087703","478"
"SL2.50ch00:20105564-20107750","182","20105564","20107750","2186"
"SL2.50ch00:20105628-20107558","167","20105628","20107558","1930"
"SL2.50ch00:20160648-20163226","756","20160648","20163226","2578"
"SL2.50ch00:20160692-20163201","755","20160692","20163201","2509"
"SL2.50ch00:20173631-20174283","33","20173631","20174283","652"
"SL2.50ch00:20292068-20292865","132","20292068","20292865","797"
"SL2.50ch00:20292093-20292795","127","20292093","20292795","702"
"SL2.50ch00:20365240-20366583","90","20365240","20366583","1343"
"SL2.50ch00:20415234-20416037","21","20415234","20416037","803"
"SL2.50ch00:20417264-20417769","54","20417264","20417769","505"
"SL2.50ch00:20426195-20428426","90","20426195","20428426","2231"
"SL2.50ch00:20470636-20471139","31","20470636","20471139","503"
"SL2.50ch00:20491758-20492380","40","20491758","20492380","622"
"SL2.50ch00:20492857-20493771","95","20492857","20493771","914"
"SL2.50ch00:20530312-20530643","17","20530312","20530643","331"
"SL2.50ch00:20605664-20606045","19","20605664","20606045","381"
"SL2.50ch00:20710222-20711351","36","20710222","20711351","1129"
"SL2.50ch00:20749078-20749459","210","20749078","20749459","381"
"SL2.50ch00:20749085-20749595","211","20749085","20749595","510"
"SL2.50ch00:20777915-20780000","108","20777915","20780000","2085"
"SL2.50ch00:20784793-20785193","39","20784793","20785193","400"
"SL2.50ch00:20830070-20830987","154","20830070","20830987","917"
"SL2.50ch00:20830166-20830861","151","20830166","20830861","695"
"SL2.50ch00:20831358-20832314","175","20831358","20832314","956"
"SL2.50ch00:20831457-20832301","168","20831457","20832301","844"
"SL2.50ch00:20864257-20866167","92","20864257","20866167","1910"
"SL2.50ch00:20878069-20879473","86","20878069","20879473","1404"
"SL2.50ch00:20882006-20884381","567","20882006","20884381","2375"
"SL2.50ch00:20882048-20884353","567","20882048","20884353","2305"
"SL2.50ch00:20907004-20907534","48","20907004","20907534","530"
"SL2.50ch00:20907083-20907697","51","20907083","20907697","614"
"SL2.50ch00:21044568-21045013","34","21044568","21045013","445"
"SL2.50ch00:21068476-21068953","24","21068476","21068953","477"
"SL2.50ch00:21113313-21114882","79","21113313","21114882","1569"
"SL2.50ch00:21116064-21116378","30","21116064","21116378","314"
"SL2.50ch00:21116185-21116516","25","21116185","21116516","331"
"SL2.50ch00:21135846-21136930","53","21135846","21136930","1084"
"SL2.50ch00:21146210-21148266","702","21146210","21148266","2056"
"SL2.50ch00:21146244-21148246","701","21146244","21148246","2002"
"SL2.50ch00:2114752-2115336","9","2114752","2115336","584"
"SL2.50ch00:21174982-21176828","164","21174982","21176828","1846"
"SL2.50ch00:21188120-21188524","32","21188120","21188524","404"
"SL2.50ch00:21199080-21203445","312","21199080","21203445","4365"
"SL2.50ch00:21199212-21203412","312","21199212","21203412","4200"
"SL2.50ch00:21261347-21262919","83","21261347","21262919","1572"
"SL2.50ch00:21271917-21273901","94","21271917","21273901","1984"
"SL2.50ch00:21287693-21289149","98","21287693","21289149","1456"
"SL2.50ch00:2128936-2129666","30","2128936","2129666","730"
"SL2.50ch00:21301637-21302041","40","21301637","21302041","404"
"SL2.50ch00:21320571-21320984","12","21320571","21320984","413"
"SL2.50ch00:21346162-21348020","72","21346162","21348020","1858"
"SL2.50ch00:21458967-21459934","239","21458967","21459934","967"
"SL2.50ch00:21458976-21460861","306","21458976","21460861","1885"
"SL2.50ch00:21460278-21460885","64","21460278","21460885","607"
"SL2.50ch00:21472624-21473911","50","21472624","21473911","1287"
"SL2.50ch00:2151051-2151649","27","2151051","2151649","598"
"SL2.50ch00:2152502-2153479","39","2152502","2153479","977"
"SL2.50ch00:21534232-21536466","1245","21534232","21536466","2234"
"SL2.50ch00:21534374-21536490","1246","21534374","21536490","2116"
"SL2.50ch00:21544960-21546933","134","21544960","21546933","1973"
"SL2.50ch00:21545013-21546964","134","21545013","21546964","1951"
"SL2.50ch00:21609090-21609930","271","21609090","21609930","840"
"SL2.50ch00:21609101-21610027","272","21609101","21610027","926"
"SL2.50ch00:21610769-21611150","42","21610769","21611150","381"
"SL2.50ch00:21610784-21611216","42","21610784","21611216","432"
"SL2.50ch00:2165685-2166066","29","2165685","2166066","381"
"SL2.50ch00:21691996-21694217","1652","21691996","21694217","2221"
"SL2.50ch00:21692076-21694771","1668","21692076","21694771","2695"
"SL2.50ch00:21702960-21704560","63","21702960","21704560","1600"
"SL2.50ch00:21723887-21725208","39","21723887","21725208","1321"
"SL2.50ch00:21747062-21748950","86","21747062","21748950","1888"
"SL2.50ch00:21751304-21752003","32","21751304","21752003","699"
"SL2.50ch00:21763937-21765897","162","21763937","21765897","1960"
"SL2.50ch00:21763942-21765934","162","21763942","21765934","1992"
"SL2.50ch00:21774466-21776406","63","21774466","21776406","1940"
"SL2.50ch00:2348479-2348971","29","2348479","2348971","492"
"SL2.50ch00:3299013-3299394","12","3299013","3299394","381"
"SL2.50ch00:4061651-4061982","13","4061651","4061982","331"
"SL2.50ch00:4157750-4160909","1153","4157750","4160909","3159"
"SL2.50ch00:4157756-4160945","1153","4157756","4160945","3189"
"SL2.50ch00:4161615-4164606","397","4161615","4164606","2991"
"SL2.50ch00:4161618-4164579","397","4161618","4164579","2961"
"SL2.50ch00:4167859-4177035","972","4167859","4177035","9176"
"SL2.50ch00:4167874-4177035","972","4167874","4177035","9161"
"SL2.50ch00:4276842-4277455","247","4276842","4277455","613"
"SL2.50ch00:4276842-4277479","248","4276842","4277479","637"
"SL2.50ch00:5616640-5620363","149","5616640","5620363","3723"
"SL2.50ch00:5633474-5633958","17","5633474","5633958","484"
"SL2.50ch00:5640469-5640850","4","5640469","5640850","381"
"SL2.50ch00:5642602-5643172","32","5642602","5643172","570"
"SL2.50ch00:5650451-5651372","36","5650451","5651372","921"
"SL2.50ch00:5663075-5664604","44","5663075","5664604","1529"
"SL2.50ch00:5670366-5671502","59","5670366","5671502","1136"
"SL2.50ch00:5678648-5680437","90","5678648","5680437","1789"
"SL2.50ch00:6997912-6998316","43","6997912","6998316","404"
"SL2.50ch00:7045751-7046155","37","7045751","7046155","404"
"SL2.50ch00:7101268-7101772","30","7101268","7101772","504"
"SL2.50ch00:7103674-7104919","63","7103674","7104919","1245"
"SL2.50ch00:7117855-7118835","34","7117855","7118835","980"
"SL2.50ch00:7128074-7128405","21","7128074","7128405","331"
"SL2.50ch00:7357050-7357431","7","7357050","7357431","381"
"SL2.50ch00:7367846-7369725","228","7367846","7369725","1879"
"SL2.50ch00:7367871-7369670","228","7367871","7369670","1799"
"SL2.50ch00:7371642-7372531","93","7371642","7372531","889"
"SL2.50ch00:7371688-7372642","93","7371688","7372642","954"
"SL2.50ch00:7383910-7384751","49","7383910","7384751","841"
"SL2.50ch00:7385175-7385556","4","7385175","7385556","381"
"SL2.50ch00:7398004-7398335","14","7398004","7398335","331"
"SL2.50ch00:7409757-7410235","26","7409757","7410235","478"
"SL2.50ch00:7411313-7411841","12","7411313","7411841","528"
"SL2.50ch00:7416677-7433620","1301","7416677","7433620","16943"
"SL2.50ch00:7439180-7440063","63","7439180","7440063","883"
"SL2.50ch00:7444731-7446486","62","7444731","7446486","1755"
"SL2.50ch00:7447128-7447722","30","7447128","7447722","594"
"SL2.50ch00:7450990-7452233","64","7450990","7452233","1243"
"SL2.50ch00:7471662-7472874","62","7471662","7472874","1212"
"SL2.50ch00:7473607-7476274","123","7473607","7476274","2667"
"SL2.50ch00:7480796-7482370","90","7480796","7482370","1574"
"SL2.50ch00:7483299-7486491","163","7483299","7486491","3192"
"SL2.50ch00:7489225-7489606","9","7489225","7489606","381"
"SL2.50ch00:7493647-7496794","122","7493647","7496794","3147"
"SL2.50ch00:7497691-7505701","326","7497691","7505701","8010"
"SL2.50ch00:7548540-7549016","6","7548540","7549016","476"
"SL2.50ch00:7579535-7579916","54","7579535","7579916","381"
"SL2.50ch00:7579537-7579941","54","7579537","7579941","404"
"SL2.50ch00:7656812-7660521","148","7656812","7660521","3709"
"SL2.50ch00:7661257-7666762","245","7661257","7666762","5505"
"SL2.50ch00:7671945-7672276","8","7671945","7672276","331"
"SL2.50ch00:7691363-7691814","18","7691363","7691814","451"
"SL2.50ch00:7721224-7722043","35","7721224","7722043","819"
"SL2.50ch00:7753861-7754192","15","7753861","7754192","331"
"SL2.50ch00:7759814-7760675","26","7759814","7760675","861"
"SL2.50ch00:7782569-7782900","9","7782569","7782900","331"
"SL2.50ch00:7785175-7785556","14","7785175","7785556","381"
"SL2.50ch00:7791369-7791750","6","7791369","7791750","381"
"SL2.50ch00:7799427-7805883","428","7799427","7805883","6456"
"SL2.50ch00:7806307-7806912","68","7806307","7806912","605"
"SL2.50ch00:7806334-7806780","68","7806334","7806780","446"
"SL2.50ch00:7809352-7810164","26","7809352","7810164","812"
"SL2.50ch00:7814409-7815341","50","7814409","7815341","932"
"SL2.50ch00:7818026-7820661","156","7818026","7820661","2635"
"SL2.50ch00:7828659-7840838","543","7828659","7840838","12179"
"SL2.50ch00:7844700-7847495","103","7844700","7847495","2795"
"SL2.50ch00:7851343-7857107","205","7851343","7857107","5764"
"SL2.50ch00:7861042-7865109","206","7861042","7865109","4067"
"SL2.50ch00:7865595-7869991","163","7865595","7869991","4396"
"SL2.50ch00:7874473-7875566","38","7874473","7875566","1093"
"SL2.50ch00:7894339-7894918","19","7894339","7894918","579"
"SL2.50ch00:7908152-7909933","55","7908152","7909933","1781"
"SL2.50ch00:7920594-7921036","25","7920594","7921036","442"
"SL2.50ch00:7929686-7930805","68","7929686","7930805","1119"
"SL2.50ch00:7932993-7933496","24","7932993","7933496","503"
"SL2.50ch00:7955702-7956245","11","7955702","7956245","543"
"SL2.50ch00:7981894-7984640","86","7981894","7984640","2746"
"SL2.50ch00:7992280-7995772","219","7992280","7995772","3492"
"SL2.50ch00:7997050-7999590","166","7997050","7999590","2540"
"SL2.50ch00:8003805-8008288","205","8003805","8008288","4483"
"SL2.50ch00:8211969-8213519","47","8211969","8213519","1550"
"SL2.50ch00:8215981-8216312","14","8215981","8216312","331"
"SL2.50ch00:8220236-8221108","25","8220236","8221108","872"
"SL2.50ch00:8226836-8227347","24","8226836","8227347","511"
"SL2.50ch00:8239260-8240239","83","8239260","8240239","979"
"SL2.50ch00:8239286-8240213","83","8239286","8240213","927"
"SL2.50ch00:8248127-8248821","28","8248127","8248821","694"
"SL2.50ch00:8261022-8261479","25","8261022","8261479","457"
"SL2.50ch00:8272962-8273984","38","8272962","8273984","1022"
"SL2.50ch00:8274420-8274933","18","8274420","8274933","513"
"SL2.50ch00:8278002-8278581","20","8278002","8278581","579"
"SL2.50ch00:8289099-8290072","27","8289099","8290072","973"
"SL2.50ch00:8290565-8291088","16","8290565","8291088","523"
"SL2.50ch00:8308289-8309515","73","8308289","8309515","1226"
"SL2.50ch00:8316667-8317356","26","8316667","8317356","689"
"SL2.50ch00:8317943-8318944","56","8317943","8318944","1001"
"SL2.50ch00:8337579-8338281","20","8337579","8338281","702"
"SL2.50ch00:8352245-8353277","505","8352245","8353277","1032"
"SL2.50ch00:8364154-8364535","26","8364154","8364535","381"
"SL2.50ch00:8365619-8366000","25","8365619","8366000","381"
"SL2.50ch00:8373129-8374954","69","8373129","8374954","1825"
"SL2.50ch00:8390588-8391066","12","8390588","8391066","478"
"SL2.50ch00:8394886-8395764","40","8394886","8395764","878"
"SL2.50ch00:8397257-8398381","57","8397257","8398381","1124"
"SL2.50ch00:8404870-8407969","111","8404870","8407969","3099"
"SL2.50ch00:8408883-8412450","169","8408883","8412450","3567"
"SL2.50ch00:8594461-8594943","36","8594461","8594943","482"
"SL2.50ch00:8609823-8611996","103","8609823","8611996","2173"
"SL2.50ch00:8613794-8619779","294","8613794","8619779","5985"
"SL2.50ch00:8620573-8625297","260","8620573","8625297","4724"
"SL2.50ch00:8634190-8643955","542","8634190","8643955","9765"
"SL2.50ch00:8665372-8665998","32","8665372","8665998","626"
"SL2.50ch00:8693413-8694710","30","8693413","8694710","1297"
"SL2.50ch00:8718576-8718907","7","8718576","8718907","331"
"SL2.50ch00:8733703-8734280","72","8733703","8734280","577"
"SL2.50ch00:8733739-8734376","73","8733739","8734376","637"
"SL2.50ch00:8949323-8950643","79","8949323","8950643","1320"
"SL2.50ch00:8951629-8952554","37","8951629","8952554","925"
"SL2.50ch00:8956889-8957937","36","8956889","8957937","1048"
"SL2.50ch00:8959158-8961918","126","8959158","8961918","2760"
"SL2.50ch00:8964673-8967254","106","8964673","8967254","2581"
"SL2.50ch00:8968434-8969133","29","8968434","8969133","699"
"SL2.50ch00:8976463-8979122","212","8976463","8979122","2659"
"SL2.50ch00:8976500-8979074","212","8976500","8979074","2574"
"SL2.50ch00:8985607-8990373","226","8985607","8990373","4766"
"SL2.50ch00:8991170-8996945","188","8991170","8996945","5775"
"SL2.50ch00:9002719-9008080","204","9002719","9008080","5361"
"SL2.50ch00:9015043-9015861","48","9015043","9015861","818"
"SL2.50ch00:9017163-9020271","162","9017163","9020271","3108"
"SL2.50ch00:9030190-9032107","112","9030190","9032107","1917"
"SL2.50ch00:9032873-9033452","20","9032873","9033452","579"
"SL2.50ch00:9039135-9039732","21","9039135","9039732","597"
"SL2.50ch00:9046200-9047902","160","9046200","9047902","1702"
"SL2.50ch00:9046202-9047927","160","9046202","9047927","1725"
"SL2.50ch00:9049667-9051611","207","9049667","9051611","1944"
"SL2.50ch00:9049687-9051617","207","9049687","9051617","1930"
"SL2.50ch00:9055419-9056439","76","9055419","9056439","1020"
"SL2.50ch00:9058057-9062380","433","9058057","9062380","4323"
"SL2.50ch00:9058130-9062366","431","9058130","9062366","4236"
"SL2.50ch00:9068652-9071643","246","9068652","9071643","2991"
"SL2.50ch00:9068669-9071580","246","9068669","9071580","2911"
"SL2.50ch00:9078238-9081468","155","9078238","9081468","3230"
"SL2.50ch00:9090020-9091344","102","9090020","9091344","1324"
"SL2.50ch00:9090129-9091328","100","9090129","9091328","1199"
"SL2.50ch00:9096399-9098580","108","9096399","9098580","2181"
"SL2.50ch00:9098778-9101782","144","9098778","9101782","3004"
"SL2.50ch00:9123049-9123430","9","9123049","9123430","381"
"SL2.50ch00:9149049-9149380","27","9149049","9149380","331"
"SL2.50ch00:9239301-9242365","145","9239301","9242365","3064"
"SL2.50ch00:9254842-9256563","116","9254842","9256563","1721"
"SL2.50ch00:9255016-9256573","113","9255016","9256573","1557"
"SL2.50ch00:9258981-9260290","70","9258981","9260290","1309"
"SL2.50ch00:9261209-9262659","56","9261209","9262659","1450"
"SL2.50ch00:9271913-9272294","26","9271913","9272294","381"
"SL2.50ch00:9337679-9338502","21","9337679","9338502","823"
"SL2.50ch00:9342636-9343189","13","9342636","9343189","553"
"SL2.50ch00:9366793-9367269","27","9366793","9367269","476"
"SL2.50ch00:9368011-9368406","12","9368011","9368406","395"
"SL2.50ch00:9369290-9370561","40","9369290","9370561","1271"
"SL2.50ch00:9395581-9395962","11","9395581","9395962","381"
"SL2.50ch00:9405622-9406110","17","9405622","9406110","488"
"SL2.50ch00:9407427-9409207","70","9407427","9409207","1780"
"SL2.50ch00:9411353-9417249","263","9411353","9417249","5896"
"SL2.50ch00:9418329-9422868","167","9418329","9422868","4539"
"SL2.50ch00:9423650-9427773","252","9423650","9427773","4123"
"SL2.50ch00:9432373-9435895","154","9432373","9435895","3522"
"SL2.50ch00:9438461-9438842","9","9438461","9438842","381"
"SL2.50ch00:9450109-9458110","470","9450109","9458110","8001"
"SL2.50ch00:9459722-9461061","39","9459722","9461061","1339"
"SL2.50ch00:9469117-9469704","42","9469117","9469704","587"
"SL2.50ch00:9469184-9469660","40","9469184","9469660","476"
"SL2.50ch00:9472299-9474303","62","9472299","9474303","2004"
"SL2.50ch00:9478102-9485702","436","9478102","9485702","7600"
"SL2.50ch00:9499085-9500608","46","9499085","9500608","1523"
"SL2.50ch00:9526293-9526787","21","9526293","9526787","494"
"SL2.50ch00:9563167-9565730","85","9563167","9565730","2563"
"SL2.50ch00:9570000-9571436","77","9570000","9571436","1436"
"SL2.50ch00:9571925-9573357","64","9571925","9573357","1432"
"SL2.50ch00:9574017-9574759","42","9574017","9574759","742"
"SL2.50ch00:9588332-9589715","58","9588332","9589715","1383"
"SL2.50ch00:9599366-9599921","33","9599366","9599921","555"
"SL2.50ch00:9601085-9601527","34","9601085","9601527","442"
"SL2.50ch00:9610173-9610782","22","9610173","9610782","609"
"SL2.50ch00:9619051-9619527","10","9619051","9619527","476"
"SL2.50ch00:9621309-9625027","217","9621309","9625027","3718"
"SL2.50ch00:9626034-9626852","54","9626034","9626852","818"
"SL2.50ch00:9627319-9628335","44","9627319","9628335","1016"
"SL2.50ch00:9629895-9630299","35","9629895","9630299","404"
"SL2.50ch00:9629917-9630298","35","9629917","9630298","381"
"SL2.50ch00:9722309-9729289","357","9722309","9729289","6980"
"SL2.50ch00:9753122-9755092","78","9753122","9755092","1970"
"SL2.50ch00:9757260-9760710","141","9757260","9760710","3450"
"SL2.50ch00:9771534-9776201","259","9771534","9776201","4667"
"SL2.50ch00:9781941-9782556","35","9781941","9782556","615"
"SL2.50ch00:9784250-9784845","24","9784250","9784845","595"
"SL2.50ch00:9788325-9788922","27","9788325","9788922","597"
"SL2.50ch00:9790477-9791122","22","9790477","9791122","645"
"SL2.50ch00:9794415-9796017","549","9794415","9796017","1602"
"SL2.50ch00:9802137-9804804","105","9802137","9804804","2667"
"SL2.50ch00:9814132-9815563","61","9814132","9815563","1431"
"SL2.50ch00:9819957-9820446","21","9819957","9820446","489"
"SL2.50ch00:9834856-9836719","128","9834856","9836719","1863"
"SL2.50ch00:9834870-9836717","127","9834870","9836717","1847"
"SL2.50ch00:9837981-9839049","70","9837981","9839049","1068"
"SL2.50ch00:9855831-9856465","24","9855831","9856465","634"
"SL2.50ch00:9858531-9858862","3","9858531","9858862","331"
"SL2.50ch00:9862095-9862680","60","9862095","9862680","585"
"SL2.50ch00:9864934-9865951","67","9864934","9865951","1017"
"SL2.50ch00:9880761-9881168","16","9880761","9881168","407"
"SL2.50ch00:9954134-9960010","246","9954134","9960010","5876"
"SL2.50ch00:9963927-9971391","280","9963927","9971391","7464"
"SL2.50ch00:9972941-9982190","379","9972941","9982190","9249"
"SL2.50ch00:9983433-9987686","115","9983433","9987686","4253"
"SL2.50ch00:9990143-9993954","183","9990143","9993954","3811"
"SL2.50ch00:9998705-10002129","181","9998705","10002129","3424"
"SL2.50ch01:11458478-11458882","35","11458478","11458882","404"
"SL2.50ch01:1333605-1333936","15","1333605","1333936","331"
"SL2.50ch01:14955668-14956176","28","14955668","14956176","508"
"SL2.50ch01:15605509-15606315","83","15605509","15606315","806"
"SL2.50ch01:15605583-15606193","74","15605583","15606193","610"
"SL2.50ch01:1627796-1628204","38","1627796","1628204","408"
"SL2.50ch01:1627802-1628244","40","1627802","1628244","442"
"SL2.50ch01:18123312-18123806","43","18123312","18123806","494"
"SL2.50ch01:1839633-1903351","677519","1839633","1903351","63718"
"SL2.50ch01:1839799-1903298","677513","1839799","1903298","63499"
"SL2.50ch01:18654278-18654759","19","18654278","18654759","481"
"SL2.50ch01:20263642-20264023","11","20263642","20264023","381"
"SL2.50ch01:22522140-22522710","3","22522140","22522710","570"
"SL2.50ch01:22596207-22597081","96","22596207","22597081","874"
"SL2.50ch01:22596263-22597008","94","22596263","22597008","745"
"SL2.50ch01:23874904-23875672","61","23874904","23875672","768"
"SL2.50ch01:23874966-23875520","50","23874966","23875520","554"
"SL2.50ch01:23892238-23892823","43","23892238","23892823","585"
"SL2.50ch01:23934743-23935506","210","23934743","23935506","763"
"SL2.50ch01:23934748-23939734","802","23934748","23939734","4986"
"SL2.50ch01:23935933-23937367","345","23935933","23937367","1434"
"SL2.50ch01:23937759-23938302","147","23937759","23938302","543"
"SL2.50ch01:23939235-23939566","40","23939235","23939566","331"
"SL2.50ch01:23941132-23943641","1975","23941132","23943641","2509"
"SL2.50ch01:23941250-23943069","1951","23941250","23943069","1819"
"SL2.50ch01:23952360-23953431","101","23952360","23953431","1071"
"SL2.50ch01:23964499-23964830","24","23964499","23964830","331"
"SL2.50ch01:23965493-23966287","453","23965493","23966287","794"
"SL2.50ch01:23965531-23966303","450","23965531","23966303","772"
"SL2.50ch01:24228623-24229100","33","24228623","24229100","477"
"SL2.50ch01:24233748-24236055","198","24233748","24236055","2307"
"SL2.50ch01:24233801-24235923","194","24233801","24235923","2122"
"SL2.50ch01:25453551-25453932","17","25453551","25453932","381"
"SL2.50ch01:26706804-26707135","11","26706804","26707135","331"
"SL2.50ch01:27417571-27417952","90","27417571","27417952","381"
"SL2.50ch01:27884780-27885588","227","27884780","27885588","808"
"SL2.50ch01:27884839-27885443","215","27884839","27885443","604"
"SL2.50ch01:28719574-28719905","5","28719574","28719905","331"
"SL2.50ch01:31877343-31877674","13","31877343","31877674","331"
"SL2.50ch01:32158559-32158989","21","32158559","32158989","430"
"SL2.50ch01:35397387-35397768","21","35397387","35397768","381"
"SL2.50ch01:36875461-36876083","19","36875461","36876083","622"
"SL2.50ch01:36888496-36896597","826","36888496","36896597","8101"
"SL2.50ch01:36888528-36896680","827","36888528","36896680","8152"
"SL2.50ch01:36950541-36950872","14","36950541","36950872","331"
"SL2.50ch01:36985947-36988070","301","36985947","36988070","2123"
"SL2.50ch01:39121305-39123184","133","39121305","39123184","1879"
"SL2.50ch01:39123633-39124598","36","39123633","39124598","965"
"SL2.50ch01:39132531-39133845","189","39132531","39133845","1314"
"SL2.50ch01:39132587-39133511","180","39132587","39133511","924"
"SL2.50ch01:39135383-39136962","144","39135383","39136962","1579"
"SL2.50ch01:39137335-39138333","58","39137335","39138333","998"
"SL2.50ch01:39769240-39770437","114","39769240","39770437","1197"
"SL2.50ch01:39769398-39770139","92","39769398","39770139","741"
"SL2.50ch01:40523723-40524199","20","40523723","40524199","476"
"SL2.50ch01:40903454-40903835","15","40903454","40903835","381"
"SL2.50ch01:41729423-41731299","148","41729423","41731299","1876"
"SL2.50ch01:41729508-41731215","148","41729508","41731215","1707"
"SL2.50ch01:41733234-41733827","32","41733234","41733827","593"
"SL2.50ch01:41734282-41734663","10","41734282","41734663","381"
"SL2.50ch01:41753105-41753553","19","41753105","41753553","448"
"SL2.50ch01:42362393-42362883","19","42362393","42362883","490"
"SL2.50ch01:43039497-43039883","103","43039497","43039883","386"
"SL2.50ch01:43647892-43648464","68","43647892","43648464","572"
"SL2.50ch01:43647919-43648405","68","43647919","43648405","486"
"SL2.50ch01:43779509-43779840","9","43779509","43779840","331"
"SL2.50ch01:44088990-44089371","4","44088990","44089371","381"
"SL2.50ch01:44093384-44094080","23","44093384","44094080","696"
"SL2.50ch01:44467103-44467591","23","44467103","44467591","488"
"SL2.50ch01:44528790-44530874","103","44528790","44530874","2084"
"SL2.50ch01:44531920-44532301","20","44531920","44532301","381"
"SL2.50ch01:44610177-44610661","16","44610177","44610661","484"
"SL2.50ch01:44654861-44657190","106","44654861","44657190","2329"
"SL2.50ch01:44706862-44707193","10","44706862","44707193","331"
"SL2.50ch01:44757077-44758026","76","44757077","44758026","949"
"SL2.50ch01:44757085-44758009","76","44757085","44758009","924"
"SL2.50ch01:44787696-44789005","86","44787696","44789005","1309"
"SL2.50ch01:44790727-44791309","37","44790727","44791309","582"
"SL2.50ch01:44799367-44801189","133","44799367","44801189","1822"
"SL2.50ch01:44815432-44816107","49","44815432","44816107","675"
"SL2.50ch01:44821828-44822517","44","44821828","44822517","689"
"SL2.50ch01:44830447-44831700","78","44830447","44831700","1253"
"SL2.50ch01:44835583-44836248","55","44835583","44836248","665"
"SL2.50ch01:44835607-44836280","55","44835607","44836280","673"
"SL2.50ch01:44843039-44843522","25","44843039","44843522","483"
"SL2.50ch01:44860997-44861575","36","44860997","44861575","578"
"SL2.50ch01:44881671-44882093","25","44881671","44882093","422"
"SL2.50ch01:44914556-44915097","8","44914556","44915097","541"
"SL2.50ch01:44921668-44922273","23","44921668","44922273","605"
"SL2.50ch01:44946354-44946735","15","44946354","44946735","381"
"SL2.50ch01:44981212-44982326","80","44981212","44982326","1114"
"SL2.50ch01:44981256-44982262","79","44981256","44982262","1006"
"SL2.50ch01:44982919-44986729","213","44982919","44986729","3810"
"SL2.50ch01:44994737-44995068","11","44994737","44995068","331"
"SL2.50ch01:45009206-45009799","675","45009206","45009799","593"
"SL2.50ch01:45009246-45009813","675","45009246","45009813","567"
"SL2.50ch01:45271272-45271996","29","45271272","45271996","724"
"SL2.50ch01:45276944-45277463","31","45276944","45277463","519"
"SL2.50ch01:45786008-45786339","6","45786008","45786339","331"
"SL2.50ch01:48286870-48287201","9","48286870","48287201","331"
"SL2.50ch01:51091098-51091429","13","51091098","51091429","331"
"SL2.50ch01:5240590-5240921","30","5240590","5240921","331"
"SL2.50ch01:53020786-53021273","19","53020786","53021273","487"
"SL2.50ch01:5319851-5322326","166","5319851","5322326","2475"
"SL2.50ch01:53294157-53294555","7","53294157","53294555","398"
"SL2.50ch01:53321430-53321927","31","53321430","53321927","497"
"SL2.50ch01:53328203-53328584","9","53328203","53328584","381"
"SL2.50ch01:53392195-53392852","867","53392195","53392852","657"
"SL2.50ch01:53392227-53392832","864","53392227","53392832","605"
"SL2.50ch01:53476716-53477201","17","53476716","53477201","485"
"SL2.50ch01:53507603-53507984","8","53507603","53507984","381"
"SL2.50ch01:54529003-54529517","34","54529003","54529517","514"
"SL2.50ch01:54964667-54965302","25","54964667","54965302","635"
"SL2.50ch01:55578885-55580294","243","55578885","55580294","1409"
"SL2.50ch01:55579459-55580281","227","55579459","55580281","822"
"SL2.50ch01:56092195-56092526","31","56092195","56092526","331"
"SL2.50ch01:56249140-56249692","186","56249140","56249692","552"
"SL2.50ch01:56249191-56249695","183","56249191","56249695","504"
"SL2.50ch01:56268229-56268560","15","56268229","56268560","331"
"SL2.50ch01:57183190-57183893","65","57183190","57183893","703"
"SL2.50ch01:57183302-57183748","61","57183302","57183748","446"
"SL2.50ch01:59207046-59207706","63","59207046","59207706","660"
"SL2.50ch01:59207067-59207653","62","59207067","59207653","586"
"SL2.50ch01:5969794-5970125","20","5969794","5970125","331"
"SL2.50ch01:59811765-59812268","10","59811765","59812268","503"
"SL2.50ch01:59925016-59925397","14","59925016","59925397","381"
"SL2.50ch01:60203089-60203470","8","60203089","60203470","381"
"SL2.50ch01:60368301-60368894","42","60368301","60368894","593"
"SL2.50ch01:60369273-60370381","116","60369273","60370381","1108"
"SL2.50ch01:60369363-60370299","109","60369363","60370299","936"
"SL2.50ch01:60876741-60878784","188","60876741","60878784","2043"
"SL2.50ch01:60876808-60878696","187","60876808","60878696","1888"
"SL2.50ch01:61418930-61419311","30","61418930","61419311","381"
"SL2.50ch01:61861812-61862416","54","61861812","61862416","604"
"SL2.50ch01:61862024-61862416","51","61862024","61862416","392"
"SL2.50ch01:61983838-61984471","28","61983838","61984471","633"
"SL2.50ch01:62189554-62191710","149","62189554","62191710","2156"
"SL2.50ch01:62189644-62190491","86","62189644","62190491","847"
"SL2.50ch01:63514700-63515104","37","63514700","63515104","404"
"SL2.50ch01:63631337-63631718","5","63631337","63631718","381"
"SL2.50ch01:63798121-63798929","97","63798121","63798929","808"
"SL2.50ch01:63800218-63800840","67","63800218","63800840","622"
"SL2.50ch01:63800335-63800716","61","63800335","63800716","381"
"SL2.50ch01:63802373-63803524","73","63802373","63803524","1151"
"SL2.50ch01:63802467-63803487","69","63802467","63803487","1020"
"SL2.50ch01:64585497-64585988","38","64585497","64585988","491"
"SL2.50ch01:64585607-64585938","35","64585607","64585938","331"
"SL2.50ch01:64640123-64640584","282","64640123","64640584","461"
"SL2.50ch01:64824499-64824830","2","64824499","64824830","331"
"SL2.50ch01:65150074-65150455","8","65150074","65150455","381"
"SL2.50ch01:65151039-65151567","30","65151039","65151567","528"
"SL2.50ch01:65152349-65153034","50","65152349","65153034","685"
"SL2.50ch01:65152378-65152953","48","65152378","65152953","575"
"SL2.50ch01:65651771-65652420","698","65651771","65652420","649"
"SL2.50ch01:65651851-65652388","695","65651851","65652388","537"
"SL2.50ch01:65923152-65923483","9","65923152","65923483","331"
"SL2.50ch01:66008980-66011338","230","66008980","66011338","2358"
"SL2.50ch01:66013156-66014283","98","66013156","66014283","1127"
"SL2.50ch01:66013167-66014271","96","66013167","66014271","1104"
"SL2.50ch01:66014871-66016094","144","66014871","66016094","1223"
"SL2.50ch01:66014873-66016068","144","66014873","66016068","1195"
"SL2.50ch01:66433502-66434215","45","66433502","66434215","713"
"SL2.50ch01:66433506-66434095","42","66433506","66434095","589"
"SL2.50ch01:67724905-67725308","27","67724905","67725308","403"
"SL2.50ch01:69689806-69690539","26","69689806","69690539","733"
"SL2.50ch01:69749012-69749393","15","69749012","69749393","381"
"SL2.50ch01:7029754-7030489","124","7029754","7030489","735"
"SL2.50ch01:7029756-7030764","136","7029756","7030764","1008"
"SL2.50ch01:7080465-7081931","174","7080465","7081931","1466"
"SL2.50ch01:7080467-7082059","177","7080467","7082059","1592"
"SL2.50ch01:72633577-72634315","125","72633577","72634315","738"
"SL2.50ch01:72633594-72634284","124","72633594","72634284","690"
"SL2.50ch01:73893700-73894081","26","73893700","73894081","381"
"SL2.50ch01:76143227-76143705","47","76143227","76143705","478"
"SL2.50ch01:76143301-76143794","47","76143301","76143794","493"
"SL2.50ch01:76743963-76744344","33","76743963","76744344","381"
"SL2.50ch01:77179128-77179727","54","77179128","77179727","599"
"SL2.50ch01:77501278-77502364","80","77501278","77502364","1086"
"SL2.50ch01:77501328-77502394","80","77501328","77502394","1066"
"SL2.50ch01:77505676-77506654","50","77505676","77506654","978"
"SL2.50ch01:77533691-77534343","42","77533691","77534343","652"
"SL2.50ch01:77533811-77534373","43","77533811","77534373","562"
"SL2.50ch01:78119763-78120315","60","78119763","78120315","552"
"SL2.50ch01:78119806-78120283","60","78119806","78120283","477"
"SL2.50ch01:80499781-80500543","45","80499781","80500543","762"
"SL2.50ch01:81744183-81744564","15","81744183","81744564","381"
"SL2.50ch01:82435930-82436624","86","82435930","82436624","694"
"SL2.50ch01:82436081-82436557","86","82436081","82436557","476"
"SL2.50ch01:82806773-82807407","90","82806773","82807407","634"
"SL2.50ch01:82806852-82807233","83","82806852","82807233","381"
"SL2.50ch01:84251043-84251523","37","84251043","84251523","480"
"SL2.50ch01:84251073-84251675","43","84251073","84251675","602"
"SL2.50ch01:84679602-84679985","101","84679602","84679985","383"
"SL2.50ch01:84679623-84680027","101","84679623","84680027","404"
"SL2.50ch01:84936641-84937409","95","84936641","84937409","768"
"SL2.50ch01:84936740-84937321","92","84936740","84937321","581"
"SL2.50ch01:85496822-85497632","20","85496822","85497632","810"
"SL2.50ch01:85505495-85506453","18","85505495","85506453","958"
"SL2.50ch01:86035460-86035841","74","86035460","86035841","381"
"SL2.50ch01:86035470-86035891","75","86035470","86035891","421"
"SL2.50ch01:87072429-87072760","200","87072429","87072760","331"
"SL2.50ch01:8745060-8745391","6","8745060","8745391","331"
"SL2.50ch01:88104737-88105141","171","88104737","88105141","404"
"SL2.50ch01:88104760-88105141","171","88104760","88105141","381"
"SL2.50ch01:9006265-9006884","453","9006265","9006884","619"
"SL2.50ch01:90133369-90133970","269","90133369","90133970","601"
"SL2.50ch01:90133382-90134008","269","90133382","90134008","626"
"SL2.50ch01:91495632-91496119","625","91495632","91496119","487"
"SL2.50ch01:91495700-91496155","625","91495700","91496155","455"
"SL2.50ch01:92021042-92021481","65","92021042","92021481","439"
"SL2.50ch01:92021077-92021560","65","92021077","92021560","483"
"SL2.50ch01:93670610-93671740","214","93670610","93671740","1130"
"SL2.50ch01:93670622-93671737","214","93670622","93671737","1115"
"SL2.50ch01:95967789-95968120","22","95967789","95968120","331"
"SL2.50ch01:96868512-96870416","548","96868512","96870416","1904"
"SL2.50ch01:96868535-96870495","549","96868535","96870495","1960"
"SL2.50ch01:96871050-96871716","92","96871050","96871716","666"
"SL2.50ch01:96871112-96871662","89","96871112","96871662","550"
"SL2.50ch01:98472724-98473480","49","98472724","98473480","756"
"SL2.50ch01:98472911-98473612","52","98472911","98473612","701"
"SL2.50ch01:98477499-98477880","24","98477499","98477880","381"
"SL2.50ch01:98480524-98480981","44","98480524","98480981","457"
"SL2.50ch01:98481412-98482215","82","98481412","98482215","803"
"SL2.50ch01:98483865-98484651","55","98483865","98484651","786"
"SL2.50ch01:98484076-98484616","49","98484076","98484616","540"
"SL2.50ch01:98485517-98485911","36","98485517","98485911","394"
"SL2.50ch01:98486289-98487292","63","98486289","98487292","1003"
"SL2.50ch01:98488591-98489679","21","98488591","98489679","1088"
"SL2.50ch01:98492353-98492828","42","98492353","98492828","475"
"SL2.50ch01:98497780-98499222","108","98497780","98499222","1442"
"SL2.50ch01:98497809-98499117","103","98497809","98499117","1308"
"SL2.50ch01:98501332-98501762","36","98501332","98501762","430"
"SL2.50ch01:98502853-98505157","174","98502853","98505157","2304"
"SL2.50ch01:98502942-98504832","163","98502942","98504832","1890"
"SL2.50ch01:98506801-98507467","39","98506801","98507467","666"
"SL2.50ch01:98510382-98510893","32","98510382","98510893","511"
"SL2.50ch01:98530565-98530946","30","98530565","98530946","381"
"SL2.50ch01:98534666-98535190","37","98534666","98535190","524"
"SL2.50ch01:98534700-98535176","37","98534700","98535176","476"
"SL2.50ch02:12829609-12830132","19","12829609","12830132","523"
"SL2.50ch02:12836089-12838255","86","12836089","12838255","2166"
"SL2.50ch02:12839260-12844314","263","12839260","12844314","5054"
"SL2.50ch02:12845287-12847581","103","12845287","12847581","2294"
"SL2.50ch02:12850240-12857594","357","12850240","12857594","7354"
"SL2.50ch02:12859332-12864932","315","12859332","12864932","5600"
"SL2.50ch02:12866874-12868146","88","12866874","12868146","1272"
"SL2.50ch02:12867016-12868053","82","12867016","12868053","1037"
"SL2.50ch02:12883728-12884393","42","12883728","12884393","665"
"SL2.50ch02:12887543-12888578","66","12887543","12888578","1035"
"SL2.50ch02:12918392-12919241","35","12918392","12919241","849"
"SL2.50ch02:12971061-12972855","103","12971061","12972855","1794"
"SL2.50ch02:12993663-12995536","97","12993663","12995536","1873"
"SL2.50ch02:13002579-13003837","49","13002579","13003837","1258"
"SL2.50ch02:13773265-13773884","37","13773265","13773884","619"
"SL2.50ch02:13775574-13775995","43","13775574","13775995","421"
"SL2.50ch02:13775666-13775997","38","13775666","13775997","331"
"SL2.50ch02:13779183-13780814","715","13779183","13780814","1631"
"SL2.50ch02:13784653-13786368","605","13784653","13786368","1715"
"SL2.50ch02:13787338-13787905","305","13787338","13787905","567"
"SL2.50ch02:13787398-13787830","304","13787398","13787830","432"
"SL2.50ch02:13788336-13788667","20","13788336","13788667","331"
"SL2.50ch02:13823623-13824558","159","13823623","13824558","935"
"SL2.50ch02:13823686-13824265","149","13823686","13824265","579"
"SL2.50ch02:13827287-13830147","689","13827287","13830147","2860"
"SL2.50ch02:13830918-13833224","1296","13830918","13833224","2306"
"SL2.50ch02:13831037-13833217","1296","13831037","13833217","2180"
"SL2.50ch02:13874890-13879485","269","13874890","13879485","4595"
"SL2.50ch02:15331721-15332318","59","15331721","15332318","597"
"SL2.50ch02:15331783-15332301","59","15331783","15332301","518"
"SL2.50ch02:17880687-17881091","60","17880687","17881091","404"
"SL2.50ch02:17880688-17881069","60","17880688","17881069","381"
"SL2.50ch02:17882138-17882864","251","17882138","17882864","726"
"SL2.50ch02:17882156-17882923","254","17882156","17882923","767"
"SL2.50ch02:19051081-19051687","49","19051081","19051687","606"
"SL2.50ch02:19051097-19051615","48","19051097","19051615","518"
"SL2.50ch02:19066183-19066514","16","19066183","19066514","331"
"SL2.50ch02:19905211-19906846","99","19905211","19906846","1635"
"SL2.50ch02:19909800-19910323","25","19909800","19910323","523"
"SL2.50ch02:20737373-20738019","111","20737373","20738019","646"
"SL2.50ch02:20737437-20737936","106","20737437","20737936","499"
"SL2.50ch02:2190847-2191262","50","2190847","2191262","415"
"SL2.50ch02:22601433-22602119","39","22601433","22602119","686"
"SL2.50ch02:23287429-23287833","47","23287429","23287833","404"
"SL2.50ch02:23287478-23287870","47","23287478","23287870","392"
"SL2.50ch02:23767720-23768631","102","23767720","23768631","911"
"SL2.50ch02:23768011-23768606","98","23768011","23768606","595"
"SL2.50ch02:24414076-24414457","4","24414076","24414457","381"
"SL2.50ch02:24490793-24495381","2759","24490793","24495381","4588"
"SL2.50ch02:24490875-24495357","2757","24490875","24495357","4482"
"SL2.50ch02:24495822-24496616","434","24495822","24496616","794"
"SL2.50ch02:24495838-24496627","433","24495838","24496627","789"
"SL2.50ch02:24497847-24498453","175","24497847","24498453","606"
"SL2.50ch02:24497872-24498348","171","24497872","24498348","476"
"SL2.50ch02:24507100-24507673","94","24507100","24507673","573"
"SL2.50ch02:24507156-24507711","94","24507156","24507711","555"
"SL2.50ch02:24512859-24514476","785","24512859","24514476","1617"
"SL2.50ch02:24512867-24514509","785","24512867","24514509","1642"
"SL2.50ch02:24531766-24533080","427","24531766","24533080","1314"
"SL2.50ch02:24531811-24533117","425","24531811","24533117","1306"
"SL2.50ch02:24850228-24850639","32","24850228","24850639","411"
"SL2.50ch02:24948053-24951171","128","24948053","24951171","3118"
"SL2.50ch02:24978476-24978986","33","24978476","24978986","510"
"SL2.50ch02:24987144-24988110","46","24987144","24988110","966"
"SL2.50ch02:24999075-24999406","16","24999075","24999406","331"
"SL2.50ch02:25003025-25006388","130","25003025","25006388","3363"
"SL2.50ch02:25015526-25016734","50","25015526","25016734","1208"
"SL2.50ch02:25022033-25022414","29","25022033","25022414","381"
"SL2.50ch02:26874689-26875105","29","26874689","26875105","416"
"SL2.50ch02:2908928-2909609","237","2908928","2909609","681"
"SL2.50ch02:2908986-2909736","237","2908986","2909736","750"
"SL2.50ch02:30278226-30278703","35","30278226","30278703","477"
"SL2.50ch02:30278278-30278682","35","30278278","30278682","404"
"SL2.50ch02:30497802-30498183","186","30497802","30498183","381"
"SL2.50ch02:31141816-31142341","12","31141816","31142341","525"
"SL2.50ch02:31406371-31406949","19","31406371","31406949","578"
"SL2.50ch02:32942115-32942594","42","32942115","32942594","479"
"SL2.50ch02:32942122-32942503","38","32942122","32942503","381"
"SL2.50ch02:32963117-32963498","27","32963117","32963498","381"
"SL2.50ch02:32973574-32973905","51","32973574","32973905","331"
"SL2.50ch02:32973617-32974123","57","32973617","32974123","506"
"SL2.50ch02:32976656-32977061","21","32976656","32977061","405"
"SL2.50ch02:32984562-32984978","25","32984562","32984978","416"
"SL2.50ch02:33077633-33077947","34","33077633","33077947","314"
"SL2.50ch02:36472031-36472412","28","36472031","36472412","381"
"SL2.50ch02:36474435-36479246","399","36474435","36479246","4811"
"SL2.50ch02:36474509-36478841","388","36474509","36478841","4332"
"SL2.50ch02:36945306-36945687","21","36945306","36945687","381"
"SL2.50ch02:37743077-37743458","148","37743077","37743458","381"
"SL2.50ch02:37743115-37743429","148","37743115","37743429","314"
"SL2.50ch02:38735776-38736107","13","38735776","38736107","331"
"SL2.50ch02:39031505-39031909","40","39031505","39031909","404"
"SL2.50ch02:39033808-39034637","66","39033808","39034637","829"
"SL2.50ch02:39033861-39034488","48","39033861","39034488","627"
"SL2.50ch02:41500703-41501189","60","41500703","41501189","486"
"SL2.50ch02:41500770-41501174","60","41500770","41501174","404"
"SL2.50ch02:41740526-41746005","428","41740526","41746005","5479"
"SL2.50ch02:41742793-41747605","415","41742793","41747605","4812"
"SL2.50ch02:41747630-41749102","54","41747630","41749102","1472"
"SL2.50ch02:41958508-41958839","161","41958508","41958839","331"
"SL2.50ch02:44549133-44549754","1879","44549133","44549754","621"
"SL2.50ch02:44549141-44549732","1877","44549141","44549732","591"
"SL2.50ch02:44818399-44819146","2230","44818399","44819146","747"
"SL2.50ch02:44818552-44819123","2229","44818552","44819123","571"
"SL2.50ch02:45016484-45016815","15","45016484","45016815","331"
"SL2.50ch02:45768024-45768355","10","45768024","45768355","331"
"SL2.50ch02:47573514-47573845","11","47573514","47573845","331"
"SL2.50ch02:47588308-47588712","32","47588308","47588712","404"
"SL2.50ch02:47694739-47695070","22","47694739","47695070","331"
"SL2.50ch02:48371660-48372144","54","48371660","48372144","484"
"SL2.50ch02:48371716-48372177","54","48371716","48372177","461"
"SL2.50ch02:48732997-48733856","63","48732997","48733856","859"
"SL2.50ch02:48733190-48733850","50","48733190","48733850","660"
"SL2.50ch02:49313147-49313478","10","49313147","49313478","331"
"SL2.50ch02:49904154-49904808","58","49904154","49904808","654"
"SL2.50ch02:49904278-49904659","49","49904278","49904659","381"
"SL2.50ch02:51682010-51682391","45","51682010","51682391","381"
"SL2.50ch02:51682021-51682425","45","51682021","51682425","404"
"SL2.50ch02:5181503-5181884","13","5181503","5181884","381"
"SL2.50ch02:52487696-52488109","43","52487696","52488109","413"
"SL2.50ch02:52487726-52488168","43","52487726","52488168","442"
"SL2.50ch02:53630270-53630674","59","53630270","53630674","404"
"SL2.50ch02:53630278-53630659","59","53630278","53630659","381"
"SL2.50ch02:61080-61962","61","61080","61962","882"
"SL2.50ch02:6346252-6346737","39","6346252","6346737","485"
"SL2.50ch02:6346354-6346685","32","6346354","6346685","331"
"SL2.50ch02:6347850-6348384","29","6347850","6348384","534"
"SL2.50ch02:8193589-8193920","51","8193589","8193920","331"
"SL2.50ch02:8462188-8462569","13","8462188","8462569","381"
"SL2.50ch02:8892026-8893262","32","8892026","8893262","1236"
"SL2.50ch02:9251199-9251834","297","9251199","9251834","635"
"SL2.50ch02:9324555-9324936","12","9324555","9324936","381"
"SL2.50ch02:9407238-9419280","813","9407238","9419280","12042"
"SL2.50ch02:9423880-9427239","205","9423880","9427239","3359"
"SL2.50ch02:9522461-9523269","34","9522461","9523269","808"
"SL2.50ch03:1058317-1058710","41","1058317","1058710","393"
"SL2.50ch03:1058318-1058722","42","1058318","1058722","404"
"SL2.50ch03:11745710-11748231","143","11745710","11748231","2521"
"SL2.50ch03:12705966-12706508","28","12705966","12706508","542"
"SL2.50ch03:13311547-13311928","16","13311547","13311928","381"
"SL2.50ch03:13318242-13320196","131","13318242","13320196","1954"
"SL2.50ch03:13345110-13345650","59","13345110","13345650","540"
"SL2.50ch03:13346186-13346662","30","13346186","13346662","476"
"SL2.50ch03:13361771-13363248","113","13361771","13363248","1477"
"SL2.50ch03:13361894-13363260","113","13361894","13363260","1366"
"SL2.50ch03:13366641-13367356","49","13366641","13367356","715"
"SL2.50ch03:13366659-13367442","51","13366659","13367442","783"
"SL2.50ch03:13368063-13372304","235","13368063","13372304","4241"
"SL2.50ch03:15952973-15954262","116","15952973","15954262","1289"
"SL2.50ch03:15955771-15957606","156","15955771","15957606","1835"
"SL2.50ch03:15955780-15957531","156","15955780","15957531","1751"
"SL2.50ch03:15958712-15960873","150","15958712","15960873","2161"
"SL2.50ch03:15958762-15960717","145","15958762","15960717","1955"
"SL2.50ch03:1596313-1596727","21","1596313","1596727","414"
"SL2.50ch03:15969035-15969863","301","15969035","15969863","828"
"SL2.50ch03:15969117-15970109","285","15969117","15970109","992"
"SL2.50ch03:15971446-15973065","191","15971446","15973065","1619"
"SL2.50ch03:15971661-15973115","185","15971661","15973115","1454"
"SL2.50ch03:15974113-15977441","581","15974113","15977441","3328"
"SL2.50ch03:15974260-15974674","30","15974260","15974674","414"
"SL2.50ch03:15975126-15977534","542","15975126","15977534","2408"
"SL2.50ch03:16158911-16159242","11","16158911","16159242","331"
"SL2.50ch03:16290483-16291380","36","16290483","16291380","897"
"SL2.50ch03:16781741-16782486","31","16781741","16782486","745"
"SL2.50ch03:16813615-16814156","111","16813615","16814156","541"
"SL2.50ch03:16813701-16814086","108","16813701","16814086","385"
"SL2.50ch03:16988842-16989467","63","16988842","16989467","625"
"SL2.50ch03:16988892-16989402","56","16988892","16989402","510"
"SL2.50ch03:18337424-18337805","7","18337424","18337805","381"
"SL2.50ch03:19264433-19265103","37","19264433","19265103","670"
"SL2.50ch03:19264699-19265080","31","19264699","19265080","381"
"SL2.50ch03:19394226-19394607","19","19394226","19394607","381"
"SL2.50ch03:1949080-1949567","40","1949080","1949567","487"
"SL2.50ch03:19647429-19647810","9","19647429","19647810","381"
"SL2.50ch03:19922927-19923406","8","19922927","19923406","479"
"SL2.50ch03:20510356-20510926","41","20510356","20510926","570"
"SL2.50ch03:20510518-20510906","38","20510518","20510906","388"
"SL2.50ch03:21396540-21396921","8","21396540","21396921","381"
"SL2.50ch03:21452593-21452974","7","21452593","21452974","381"
"SL2.50ch03:22923133-22923817","71","22923133","22923817","684"
"SL2.50ch03:22923320-22923701","64","22923320","22923701","381"
"SL2.50ch03:23694487-23695402","353","23694487","23695402","915"
"SL2.50ch03:23694570-23695391","353","23694570","23695391","821"
"SL2.50ch03:23696853-23697416","90","23696853","23697416","563"
"SL2.50ch03:23696863-23697427","90","23696863","23697427","564"
"SL2.50ch03:24533819-24534239","41","24533819","24534239","420"
"SL2.50ch03:25795003-25795664","932","25795003","25795664","661"
"SL2.50ch03:25795086-25795500","926","25795086","25795500","414"
"SL2.50ch03:29000823-29001154","21","29000823","29001154","331"
"SL2.50ch03:29749990-29750798","60","29749990","29750798","808"
"SL2.50ch03:30365258-30370045","1412","30365258","30370045","4787"
"SL2.50ch03:30365362-30369911","1400","30365362","30369911","4549"
"SL2.50ch03:30882310-30882641","7","30882310","30882641","331"
"SL2.50ch03:31622139-31623807","104","31622139","31623807","1668"
"SL2.50ch03:3174764-3175236","61","3174764","3175236","472"
"SL2.50ch03:3174801-3175182","61","3174801","3175182","381"
"SL2.50ch03:32171053-32172261","958","32171053","32172261","1208"
"SL2.50ch03:32171158-32172318","958","32171158","32172318","1160"
"SL2.50ch03:3264920-3265251","30","3264920","3265251","331"
"SL2.50ch03:33136406-33137028","4262","33136406","33137028","622"
"SL2.50ch03:33136430-33137011","4261","33136430","33137011","581"
"SL2.50ch03:33645135-33645516","0","33645135","33645516","381"
"SL2.50ch03:33785250-33785654","34","33785250","33785654","404"
"SL2.50ch03:34590888-34592949","257","34590888","34592949","2061"
"SL2.50ch03:34595118-34596134","292","34595118","34596134","1016"
"SL2.50ch03:34595177-34596062","291","34595177","34596062","885"
"SL2.50ch03:34597537-34598912","269","34597537","34598912","1375"
"SL2.50ch03:34597548-34598952","271","34597548","34598952","1404"
"SL2.50ch03:34599575-34601701","1104","34599575","34601701","2126"
"SL2.50ch03:34599897-34601556","1091","34599897","34601556","1659"
"SL2.50ch03:34605836-34608910","1107","34605836","34608910","3074"
"SL2.50ch03:34606158-34608868","1099","34606158","34608868","2710"
"SL2.50ch03:36362070-36362451","15","36362070","36362451","381"
"SL2.50ch03:37388170-37388998","202","37388170","37388998","828"
"SL2.50ch03:37388317-37389021","198","37388317","37389021","704"
"SL2.50ch03:37793068-37793615","11","37793068","37793615","547"
"SL2.50ch03:3963188-3963579","26","3963188","3963579","391"
"SL2.50ch03:39746106-39747541","116","39746106","39747541","1435"
"SL2.50ch03:39746229-39747518","109","39746229","39747518","1289"
"SL2.50ch03:40339033-40339364","13","40339033","40339364","331"
"SL2.50ch03:407189-407972","49","407189","407972","783"
"SL2.50ch03:407380-407915","46","407380","407915","535"
"SL2.50ch03:41347342-41347919","158","41347342","41347919","577"
"SL2.50ch03:41347361-41347842","155","41347361","41347842","481"
"SL2.50ch03:41525374-41525958","54","41525374","41525958","584"
"SL2.50ch03:41526620-41528858","140","41526620","41528858","2238"
"SL2.50ch03:44111860-44114474","4930","44111860","44114474","2614"
"SL2.50ch03:44112081-44114465","4916","44112081","44114465","2384"
"SL2.50ch03:44115847-44117045","4633","44115847","44117045","1198"
"SL2.50ch03:44115883-44116989","4587","44115883","44116989","1106"
"SL2.50ch03:44391801-44392283","81","44391801","44392283","482"
"SL2.50ch03:44452817-44453309","31","44452817","44453309","492"
"SL2.50ch03:44457183-44457618","13","44457183","44457618","435"
"SL2.50ch03:44459272-44459690","40","44459272","44459690","418"
"SL2.50ch03:45183694-45184302","20","45183694","45184302","608"
"SL2.50ch03:45379864-45380535","29","45379864","45380535","671"
"SL2.50ch03:45802648-45803172","11","45802648","45803172","524"
"SL2.50ch03:46424746-46425077","11","46424746","46425077","331"
"SL2.50ch03:46578184-46580068","83","46578184","46580068","1884"
"SL2.50ch03:48907463-48909035","237","48907463","48909035","1572"
"SL2.50ch03:48907468-48908450","193","48907468","48908450","982"
"SL2.50ch03:50332867-50333433","21","50332867","50333433","566"
"SL2.50ch03:51702380-51703024","311","51702380","51703024","644"
"SL2.50ch03:51702397-51702993","311","51702397","51702993","596"
"SL2.50ch03:52270746-52271863","61","52270746","52271863","1117"
"SL2.50ch03:52597412-52597793","35","52597412","52597793","381"
"SL2.50ch03:52597428-52597871","36","52597428","52597871","443"
"SL2.50ch03:53569737-53570118","25","53569737","53570118","381"
"SL2.50ch03:53623586-53624166","61","53623586","53624166","580"
"SL2.50ch03:53623660-53624115","60","53623660","53624115","455"
"SL2.50ch03:53627847-53628538","326","53627847","53628538","691"
"SL2.50ch03:53627897-53628562","324","53627897","53628562","665"
"SL2.50ch03:53931251-53932697","146","53931251","53932697","1446"
"SL2.50ch03:53931260-53932687","146","53931260","53932687","1427"
"SL2.50ch03:54169521-54172079","210","54169521","54172079","2558"
"SL2.50ch03:54169545-54173017","274","54169545","54173017","3472"
"SL2.50ch03:54176311-54177270","117","54176311","54177270","959"
"SL2.50ch03:54176482-54177200","114","54176482","54177200","718"
"SL2.50ch03:54178552-54178933","23","54178552","54178933","381"
"SL2.50ch03:54181376-54181794","30","54181376","54181794","418"
"SL2.50ch03:54184133-54185223","44","54184133","54185223","1090"
"SL2.50ch03:56488712-56490419","1263","56488712","56490419","1707"
"SL2.50ch03:56488743-56490393","1261","56488743","56490393","1650"
"SL2.50ch03:59443405-59443736","26","59443405","59443736","331"
"SL2.50ch03:5997176-5997655","38","5997176","5997655","479"
"SL2.50ch03:60238707-60239292","10","60238707","60239292","585"
"SL2.50ch03:60259367-60259698","20","60259367","60259698","331"
"SL2.50ch03:60833776-60835353","66","60833776","60835353","1577"
"SL2.50ch03:60837758-60838548","47","60837758","60838548","790"
"SL2.50ch03:60877408-60877838","24","60877408","60877838","430"
"SL2.50ch03:60887023-60887890","50","60887023","60887890","867"
"SL2.50ch03:62569572-62569953","38","62569572","62569953","381"
"SL2.50ch03:6433412-6434088","50","6433412","6434088","676"
"SL2.50ch03:6433585-6433966","40","6433585","6433966","381"
"SL2.50ch03:6454508-6455101","22","6454508","6455101","593"
"SL2.50ch03:64820415-64821556","57","64820415","64821556","1141"
"SL2.50ch03:64827514-64828534","74","64827514","64828534","1020"
"SL2.50ch03:64829794-64830331","28","64829794","64830331","537"
"SL2.50ch03:64835372-64835703","23","64835372","64835703","331"
"SL2.50ch03:64925645-64929544","213","64925645","64929544","3899"
"SL2.50ch03:65655543-65655992","44","65655543","65655992","449"
"SL2.50ch03:65655611-65656015","43","65655611","65656015","404"
"SL2.50ch03:65838805-65839386","67","65838805","65839386","581"
"SL2.50ch03:65838875-65839279","62","65838875","65839279","404"
"SL2.50ch03:6838333-6838947","39","6838333","6838947","614"
"SL2.50ch03:6838427-6839096","45","6838427","6839096","669"
"SL2.50ch03:6842160-6843334","64","6842160","6843334","1174"
"SL2.50ch03:6846720-6847146","38","6846720","6847146","426"
"SL2.50ch03:6857162-6858973","138","6857162","6858973","1811"
"SL2.50ch03:6857252-6859124","144","6857252","6859124","1872"
"SL2.50ch03:6868406-6870317","110","6868406","6870317","1911"
"SL2.50ch03:6871197-6872353","94","6871197","6872353","1156"
"SL2.50ch03:6883183-6884180","70","6883183","6884180","997"
"SL2.50ch03:6883219-6884161","66","6883219","6884161","942"
"SL2.50ch03:6921438-6922525","95","6921438","6922525","1087"
"SL2.50ch03:6921908-6922783","64","6921908","6922783","875"
"SL2.50ch03:6938417-6939798","79","6938417","6939798","1381"
"SL2.50ch03:6947107-6948856","126","6947107","6948856","1749"
"SL2.50ch03:6947149-6948532","101","6947149","6948532","1383"
"SL2.50ch03:6951415-6952931","142","6951415","6952931","1516"
"SL2.50ch03:6951458-6953280","153","6951458","6953280","1822"
"SL2.50ch03:6965402-6966234","50","6965402","6966234","832"
"SL2.50ch03:70528901-70529381","78","70528901","70529381","480"
"SL2.50ch03:70528934-70529411","79","70528934","70529411","477"
"SL2.50ch03:7105740-7106154","36","7105740","7106154","414"
"SL2.50ch03:7109711-7110042","34","7109711","7110042","331"
"SL2.50ch03:9711046-9711377","11","9711046","9711377","331"
"SL2.50ch04:11167926-11168307","115","11167926","11168307","381"
"SL2.50ch04:11568557-11568938","35","11568557","11568938","381"
"SL2.50ch04:11568580-11568984","35","11568580","11568984","404"
"SL2.50ch04:12098243-12099159","89","12098243","12099159","916"
"SL2.50ch04:12101156-12101792","68","12101156","12101792","636"
"SL2.50ch04:12101275-12101773","62","12101275","12101773","498"
"SL2.50ch04:13811358-13811739","17","13811358","13811739","381"
"SL2.50ch04:14616245-14616921","58","14616245","14616921","676"
"SL2.50ch04:14616362-14616870","53","14616362","14616870","508"
"SL2.50ch04:14685495-14686456","49","14685495","14686456","961"
"SL2.50ch04:14731562-14732266","48","14731562","14732266","704"
"SL2.50ch04:14738437-14739052","41","14738437","14739052","615"
"SL2.50ch04:14738906-14739287","20","14738906","14739287","381"
"SL2.50ch04:14742378-14743652","59","14742378","14743652","1274"
"SL2.50ch04:14768522-14769939","91","14768522","14769939","1417"
"SL2.50ch04:14768650-14769717","73","14768650","14769717","1067"
"SL2.50ch04:14808043-14809946","124","14808043","14809946","1903"
"SL2.50ch04:14814113-14814610","27","14814113","14814610","497"
"SL2.50ch04:14834318-14836915","148","14834318","14836915","2597"
"SL2.50ch04:14841425-14842026","28","14841425","14842026","601"
"SL2.50ch04:15038357-15041426","183","15038357","15041426","3069"
"SL2.50ch04:15038450-15041435","182","15038450","15041435","2985"
"SL2.50ch04:16897815-16898196","11","16897815","16898196","381"
"SL2.50ch04:17160905-17161286","32","17160905","17161286","381"
"SL2.50ch04:17450904-17451334","27","17450904","17451334","430"
"SL2.50ch04:17950940-17951321","12","17950940","17951321","381"
"SL2.50ch04:18560486-18561108","357","18560486","18561108","622"
"SL2.50ch04:18560509-18561081","357","18560509","18561081","572"
"SL2.50ch04:19321854-19322395","20","19321854","19322395","541"
"SL2.50ch04:19324757-19325964","67","19324757","19325964","1207"
"SL2.50ch04:19336793-19337124","18","19336793","19337124","331"
"SL2.50ch04:21631398-21631886","34","21631398","21631886","488"
"SL2.50ch04:22738936-22739317","14","22738936","22739317","381"
"SL2.50ch04:248035-248441","42","248035","248441","406"
"SL2.50ch04:248047-248451","42","248047","248451","404"
"SL2.50ch04:2506311-2506692","10","2506311","2506692","381"
"SL2.50ch04:26603102-26603834","45","26603102","26603834","732"
"SL2.50ch04:26611415-26614562","166","26611415","26614562","3147"
"SL2.50ch04:26623139-26623792","18","26623139","26623792","653"
"SL2.50ch04:26631151-26631482","21","26631151","26631482","331"
"SL2.50ch04:26662602-26662933","24","26662602","26662933","331"
"SL2.50ch04:26679587-26679968","16","26679587","26679968","381"
"SL2.50ch04:26681867-26683221","52","26681867","26683221","1354"
"SL2.50ch04:26718296-26720437","98","26718296","26720437","2141"
"SL2.50ch04:26721036-26722679","69","26721036","26722679","1643"
"SL2.50ch04:26724649-26725030","13","26724649","26725030","381"
"SL2.50ch04:26730814-26731195","19","26730814","26731195","381"
"SL2.50ch04:26736129-26736533","36","26736129","26736533","404"
"SL2.50ch04:26738374-26738948","22","26738374","26738948","574"
"SL2.50ch04:26745585-26745916","31","26745585","26745916","331"
"SL2.50ch04:26747946-26748260","32","26747946","26748260","314"
"SL2.50ch04:26759022-26759516","30","26759022","26759516","494"
"SL2.50ch04:26812505-26813601","37","26812505","26813601","1096"
"SL2.50ch04:26827281-26827696","18","26827281","26827696","415"
"SL2.50ch04:26830969-26831458","10","26830969","26831458","489"
"SL2.50ch04:30142735-30143508","140","30142735","30143508","773"
"SL2.50ch04:30142793-30143207","106","30142793","30143207","414"
"SL2.50ch04:30599050-30599381","8","30599050","30599381","331"
"SL2.50ch04:31286884-31287606","1033","31286884","31287606","722"
"SL2.50ch04:31286913-31287498","1031","31286913","31287498","585"
"SL2.50ch04:32065961-32066292","9","32065961","32066292","331"
"SL2.50ch04:3316578-3317091","279","3316578","3317091","513"
"SL2.50ch04:33411833-33412514","87","33411833","33412514","681"
"SL2.50ch04:33411924-33412528","86","33411924","33412528","604"
"SL2.50ch04:33600222-33600774","143","33600222","33600774","552"
"SL2.50ch04:33600272-33600716","140","33600272","33600716","444"
"SL2.50ch04:33964686-33965817","250","33964686","33965817","1131"
"SL2.50ch04:33964729-33967848","719","33964729","33967848","3119"
"SL2.50ch04:33966498-33967356","391","33966498","33967356","858"
"SL2.50ch04:35026645-35027706","63","35026645","35027706","1061"
"SL2.50ch04:35026684-35027088","39","35026684","35027088","404"
"SL2.50ch04:36284887-36285330","25","36284887","36285330","443"
"SL2.50ch04:37281328-37281732","35","37281328","37281732","404"
"SL2.50ch04:39274784-39275165","6","39274784","39275165","381"
"SL2.50ch04:4062282-4062871","89","4062282","4062871","589"
"SL2.50ch04:4062370-4062848","87","4062370","4062848","478"
"SL2.50ch04:41198481-41199118","34","41198481","41199118","637"
"SL2.50ch04:41209999-41210708","45","41209999","41210708","709"
"SL2.50ch04:41212066-41213957","211","41212066","41213957","1891"
"SL2.50ch04:42564925-42565329","65","42564925","42565329","404"
"SL2.50ch04:42564940-42565321","65","42564940","42565321","381"
"SL2.50ch04:42679549-42679880","21","42679549","42679880","331"
"SL2.50ch04:42863861-42864250","30","42863861","42864250","389"
"SL2.50ch04:43245826-43246241","80","43245826","43246241","415"
"SL2.50ch04:43245904-43246329","79","43245904","43246329","425"
"SL2.50ch04:4399766-4400170","35","4399766","4400170","404"
"SL2.50ch04:4482019-4482333","38","4482019","4482333","314"
"SL2.50ch04:4488477-4488858","3","4488477","4488858","381"
"SL2.50ch04:48279740-48280213","41","48279740","48280213","473"
"SL2.50ch04:48279793-48280124","41","48279793","48280124","331"
"SL2.50ch04:49644302-49644683","18","49644302","49644683","381"
"SL2.50ch04:50234376-50234780","29","50234376","50234780","404"
"SL2.50ch04:51272935-51273524","43","51272935","51273524","589"
"SL2.50ch04:51484281-51484595","36","51484281","51484595","314"
"SL2.50ch04:51485088-51485419","33","51485088","51485419","331"
"SL2.50ch04:51500439-51501036","43","51500439","51501036","597"
"SL2.50ch04:51505549-51506054","45","51505549","51506054","505"
"SL2.50ch04:52006935-52007508","44","52006935","52007508","573"
"SL2.50ch04:52330422-52330973","40","52330422","52330973","551"
"SL2.50ch04:52330550-52330881","32","52330550","52330881","331"
"SL2.50ch04:53900148-53901223","125","53900148","53901223","1075"
"SL2.50ch04:53903218-53903751","41","53903218","53903751","533"
"SL2.50ch04:54063060-54063441","52","54063060","54063441","381"
"SL2.50ch04:54063066-54063470","52","54063066","54063470","404"
"SL2.50ch04:55558117-55558552","41","55558117","55558552","435"
"SL2.50ch04:55561929-55563076","75","55561929","55563076","1147"
"SL2.50ch04:55565197-55566978","154","55565197","55566978","1781"
"SL2.50ch04:55565245-55566562","129","55565245","55566562","1317"
"SL2.50ch04:55572877-55573415","48","55572877","55573415","538"
"SL2.50ch04:55661207-55661538","6","55661207","55661538","331"
"SL2.50ch04:56149343-56149851","86","56149343","56149851","508"
"SL2.50ch04:56149445-56149922","79","56149445","56149922","477"
"SL2.50ch04:58235770-58236246","197","58235770","58236246","476"
"SL2.50ch04:59105601-59105932","20","59105601","59105932","331"
"SL2.50ch04:59156129-59156636","19","59156129","59156636","507"
"SL2.50ch04:60977337-60977741","45","60977337","60977741","404"
"SL2.50ch04:60977351-60977682","43","60977351","60977682","331"
"SL2.50ch04:64832176-64832716","148","64832176","64832716","540"
"SL2.50ch04:66134287-66134764","36","66134287","66134764","477"
"SL2.50ch04:66134319-66134650","35","66134319","66134650","331"
"SL2.50ch04:6910535-6910916","142","6910535","6910916","381"
"SL2.50ch04:6910540-6910984","142","6910540","6910984","444"
"SL2.50ch04:7355584-7356830","55","7355584","7356830","1246"
"SL2.50ch04:7365607-7368298","131","7365607","7368298","2691"
"SL2.50ch04:7380510-7381292","22","7380510","7381292","782"
"SL2.50ch04:7455432-7455865","19","7455432","7455865","433"
"SL2.50ch04:7571576-7571907","16","7571576","7571907","331"
"SL2.50ch04:7573563-7574260","49","7573563","7574260","697"
"SL2.50ch05:10221772-10222261","22","10221772","10222261","489"
"SL2.50ch05:11785106-11785510","103","11785106","11785510","404"
"SL2.50ch05:11785125-11785601","104","11785125","11785601","476"
"SL2.50ch05:124689-125267","60","124689","125267","578"
"SL2.50ch05:124706-125207","60","124706","125207","501"
"SL2.50ch05:12490821-12491152","22","12490821","12491152","331"
"SL2.50ch05:12893036-12893417","10","12893036","12893417","381"
"SL2.50ch05:13793519-13794167","55","13793519","13794167","648"
"SL2.50ch05:13793604-13794217","52","13793604","13794217","613"
"SL2.50ch05:14606008-14607052","2247","14606008","14607052","1044"
"SL2.50ch05:14606055-14607014","2243","14606055","14607014","959"
"SL2.50ch05:16312811-16313192","5","16312811","16313192","381"
"SL2.50ch05:16783662-16784043","8","16783662","16784043","381"
"SL2.50ch05:17047934-17048591","27","17047934","17048591","657"
"SL2.50ch05:17049662-17050637","38","17049662","17050637","975"
"SL2.50ch05:17051721-17052102","14","17051721","17052102","381"
"SL2.50ch05:17063457-17063861","34","17063457","17063861","404"
"SL2.50ch05:18129069-18129572","30","18129069","18129572","503"
"SL2.50ch05:19524275-19525076","41","19524275","19525076","801"
"SL2.50ch05:19525770-19526777","32","19525770","19526777","1007"
"SL2.50ch05:19598004-19598318","35","19598004","19598318","314"
"SL2.50ch05:19599523-19600251","46","19599523","19600251","728"
"SL2.50ch05:19600643-19601146","27","19600643","19601146","503"
"SL2.50ch05:19601659-19603553","156","19601659","19603553","1894"
"SL2.50ch05:19671082-19671918","25","19671082","19671918","836"
"SL2.50ch05:19674403-19674734","20","19674403","19674734","331"
"SL2.50ch05:19678494-19678825","24","19678494","19678825","331"
"SL2.50ch05:19685741-19686330","23","19685741","19686330","589"
"SL2.50ch05:19708053-19708384","8","19708053","19708384","331"
"SL2.50ch05:19711216-19711706","9","19711216","19711706","490"
"SL2.50ch05:19759005-19759336","22","19759005","19759336","331"
"SL2.50ch05:19853440-19855026","90","19853440","19855026","1586"
"SL2.50ch05:19856632-19857957","68","19856632","19857957","1325"
"SL2.50ch05:19861412-19861816","39","19861412","19861816","404"
"SL2.50ch05:19862602-19863006","34","19862602","19863006","404"
"SL2.50ch05:20083995-20084376","12","20083995","20084376","381"
"SL2.50ch05:2203078-2203720","280","2203078","2203720","642"
"SL2.50ch05:2203124-2203700","280","2203124","2203700","576"
"SL2.50ch05:22229509-22229943","21","22229509","22229943","434"
"SL2.50ch05:24103037-24103418","8","24103037","24103418","381"
"SL2.50ch05:24201496-24201877","7","24201496","24201877","381"
"SL2.50ch05:24361731-24362416","143","24361731","24362416","685"
"SL2.50ch05:24361792-24362383","142","24361792","24362383","591"
"SL2.50ch05:25812462-25813223","1069","25812462","25813223","761"
"SL2.50ch05:25812555-25813179","1068","25812555","25813179","624"
"SL2.50ch05:26626513-26626894","179","26626513","26626894","381"
"SL2.50ch05:26633231-26633719","32","26633231","26633719","488"
"SL2.50ch05:27332331-27332808","49","27332331","27332808","477"
"SL2.50ch05:27332339-27332743","49","27332339","27332743","404"
"SL2.50ch05:28301302-28301954","1167","28301302","28301954","652"
"SL2.50ch05:28301333-28301965","1167","28301333","28301965","632"
"SL2.50ch05:28401561-28401892","13","28401561","28401892","331"
"SL2.50ch05:29349509-29349922","19","29349509","29349922","413"
"SL2.50ch05:30096129-30096547","24","30096129","30096547","418"
"SL2.50ch05:30114820-30115151","19","30114820","30115151","331"
"SL2.50ch05:30138122-30138697","65","30138122","30138697","575"
"SL2.50ch05:30147627-30148491","91","30147627","30148491","864"
"SL2.50ch05:30147746-30148650","91","30147746","30148650","904"
"SL2.50ch05:30152644-30154543","193","30152644","30154543","1899"
"SL2.50ch05:30152985-30154006","162","30152985","30154006","1021"
"SL2.50ch05:30156828-30157232","49","30156828","30157232","404"
"SL2.50ch05:30156852-30157233","49","30156852","30157233","381"
"SL2.50ch05:30363697-30364389","43","30363697","30364389","692"
"SL2.50ch05:34059094-34059674","280","34059094","34059674","580"
"SL2.50ch05:34059144-34059617","279","34059144","34059617","473"
"SL2.50ch05:34096226-34097364","3349","34096226","34097364","1138"
"SL2.50ch05:34096261-34097447","3348","34096261","34097447","1186"
"SL2.50ch05:34099408-34100806","17254","34099408","34100806","1398"
"SL2.50ch05:34099451-34100853","17255","34099451","34100853","1402"
"SL2.50ch05:34480723-34481104","33","34480723","34481104","381"
"SL2.50ch05:35110282-35110857","42","35110282","35110857","575"
"SL2.50ch05:35110320-35110651","26","35110320","35110651","331"
"SL2.50ch05:35698357-35699539","298","35698357","35699539","1182"
"SL2.50ch05:35698543-35699463","291","35698543","35699463","920"
"SL2.50ch05:36962640-36963113","129","36962640","36963113","473"
"SL2.50ch05:36962682-36963063","129","36962682","36963063","381"
"SL2.50ch05:3700932-3702233","95","3700932","3702233","1301"
"SL2.50ch05:3701791-3702230","40","3701791","3702230","439"
"SL2.50ch05:39240018-39240584","35","39240018","39240584","566"
"SL2.50ch05:39394971-39395579","42","39394971","39395579","608"
"SL2.50ch05:39395236-39395617","35","39395236","39395617","381"
"SL2.50ch05:39968353-39972493","294","39968353","39972493","4140"
"SL2.50ch05:39973315-39974018","72","39973315","39974018","703"
"SL2.50ch05:40067756-40069087","99","40067756","40069087","1331"
"SL2.50ch05:40068143-40069037","88","40068143","40069037","894"
"SL2.50ch05:42981754-42982235","7","42981754","42982235","481"
"SL2.50ch05:42985502-42986002","36","42985502","42986002","500"
"SL2.50ch05:42985526-42986002","36","42985526","42986002","476"
"SL2.50ch05:45135281-45135914","831","45135281","45135914","633"
"SL2.50ch05:45135327-45135881","828","45135327","45135881","554"
"SL2.50ch05:47294856-47295187","29","47294856","47295187","331"
"SL2.50ch05:47671717-47672048","21","47671717","47672048","331"
"SL2.50ch05:47779945-47780427","11","47779945","47780427","482"
"SL2.50ch05:48771151-48771886","48","48771151","48771886","735"
"SL2.50ch05:49830528-49830994","38","49830528","49830994","466"
"SL2.50ch05:49929892-49930514","118","49929892","49930514","622"
"SL2.50ch05:49929931-49930553","117","49929931","49930553","622"
"SL2.50ch05:50407719-50408100","12","50407719","50408100","381"
"SL2.50ch05:51313841-51315982","3762","51313841","51315982","2141"
"SL2.50ch05:51314141-51315271","3739","51314141","51315271","1130"
"SL2.50ch05:51317108-51317439","30","51317108","51317439","331"
"SL2.50ch05:51467418-51467901","27","51467418","51467901","483"
"SL2.50ch05:51486830-51487211","29","51486830","51487211","381"
"SL2.50ch05:54806564-54806945","14","54806564","54806945","381"
"SL2.50ch05:56642259-56642640","14","56642259","56642640","381"
"SL2.50ch05:56674141-56674472","2","56674141","56674472","331"
"SL2.50ch05:56705782-56706417","53","56705782","56706417","635"
"SL2.50ch05:56705831-56706270","48","56705831","56706270","439"
"SL2.50ch05:57568879-57571321","285","57568879","57571321","2442"
"SL2.50ch05:57571883-57572825","645","57571883","57572825","942"
"SL2.50ch05:57574709-57576547","434","57574709","57576547","1838"
"SL2.50ch05:57574805-57576091","416","57574805","57576091","1286"
"SL2.50ch05:57583802-57584494","49","57583802","57584494","692"
"SL2.50ch05:57583997-57584401","47","57583997","57584401","404"
"SL2.50ch05:58886999-58887587","32","58886999","58887587","588"
"SL2.50ch05:58892119-58892799","2173","58892119","58892799","680"
"SL2.50ch05:58892194-58892774","2170","58892194","58892774","580"
"SL2.50ch05:60997418-60998297","181","60997418","60998297","879"
"SL2.50ch05:60997468-60998204","181","60997468","60998204","736"
"SL2.50ch05:61296040-61296421","24","61296040","61296421","381"
"SL2.50ch05:6201149-6201625","19","6201149","6201625","476"
"SL2.50ch05:62772319-62772973","641","62772319","62772973","654"
"SL2.50ch05:62772347-62772953","641","62772347","62772953","606"
"SL2.50ch05:62857645-62858218","40","62857645","62858218","573"
"SL2.50ch05:62857730-62858111","34","62857730","62858111","381"
"SL2.50ch05:64187011-64187408","15","64187011","64187408","397"
"SL2.50ch05:64808149-64808463","64","64808149","64808463","314"
"SL2.50ch05:64808156-64809141","93","64808156","64809141","985"
"SL2.50ch05:6498403-6499131","2658","6498403","6499131","728"
"SL2.50ch05:6498423-6499134","2658","6498423","6499134","711"
"SL2.50ch05:6728520-6728851","76","6728520","6728851","331"
"SL2.50ch05:6773458-6774010","200","6773458","6774010","552"
"SL2.50ch05:6773554-6773995","200","6773554","6773995","441"
"SL2.50ch05:8436040-8436421","15","8436040","8436421","381"
"SL2.50ch05:9087800-9088496","24","9087800","9088496","696"
"SL2.50ch06:10947409-10948377","40","10947409","10948377","968"
"SL2.50ch06:10950513-10951823","68","10950513","10951823","1310"
"SL2.50ch06:10957115-10958211","51","10957115","10958211","1096"
"SL2.50ch06:10961074-10962307","59","10961074","10962307","1233"
"SL2.50ch06:10963169-10964427","41","10963169","10964427","1258"
"SL2.50ch06:10965926-10966653","41","10965926","10966653","727"
"SL2.50ch06:10966185-10966589","37","10966185","10966589","404"
"SL2.50ch06:10968867-10970263","55","10968867","10970263","1396"
"SL2.50ch06:10971723-10972891","104","10971723","10972891","1168"
"SL2.50ch06:10971728-10972909","104","10971728","10972909","1181"
"SL2.50ch06:10979407-10980101","62","10979407","10980101","694"
"SL2.50ch06:10979446-10980177","62","10979446","10980177","731"
"SL2.50ch06:10982165-10983036","64","10982165","10983036","871"
"SL2.50ch06:10982174-10983088","64","10982174","10983088","914"
"SL2.50ch06:10986776-10990133","217","10986776","10990133","3357"
"SL2.50ch06:10986793-10990146","217","10986793","10990146","3353"
"SL2.50ch06:10996653-10998982","142","10996653","10998982","2329"
"SL2.50ch06:11000018-11000938","102","11000018","11000938","920"
"SL2.50ch06:11000031-11001002","102","11000031","11001002","971"
"SL2.50ch06:11009017-11014358","271","11009017","11014358","5341"
"SL2.50ch06:11019681-11027346","665","11019681","11027346","7665"
"SL2.50ch06:11019690-11027373","665","11019690","11027373","7683"
"SL2.50ch06:11032844-11037074","318","11032844","11037074","4230"
"SL2.50ch06:11032910-11037102","314","11032910","11037102","4192"
"SL2.50ch06:11037841-11040305","155","11037841","11040305","2464"
"SL2.50ch06:11040940-11044030","194","11040940","11044030","3090"
"SL2.50ch06:11050128-11054360","353","11050128","11054360","4232"
"SL2.50ch06:11050137-11054383","353","11050137","11054383","4246"
"SL2.50ch06:11067918-11068400","36","11067918","11068400","482"
"SL2.50ch06:11101554-11102380","35","11101554","11102380","826"
"SL2.50ch06:11121999-11124431","150","11121999","11124431","2432"
"SL2.50ch06:11125470-11127116","76","11125470","11127116","1646"
"SL2.50ch06:11127577-11128833","50","11127577","11128833","1256"
"SL2.50ch06:11137608-11138028","17","11137608","11138028","420"
"SL2.50ch06:11142266-11148185","230","11142266","11148185","5919"
"SL2.50ch06:11149965-11152499","158","11149965","11152499","2534"
"SL2.50ch06:11150240-11152056","134","11150240","11152056","1816"
"SL2.50ch06:11154178-11155976","94","11154178","11155976","1798"
"SL2.50ch06:11182085-11183486","42","11182085","11183486","1401"
"SL2.50ch06:11189145-11189476","12","11189145","11189476","331"
"SL2.50ch06:11225806-11226137","21","11225806","11226137","331"
"SL2.50ch06:11227199-11227858","34","11227199","11227858","659"
"SL2.50ch06:11232258-11232639","38","11232258","11232639","381"
"SL2.50ch06:11249962-11250548","22","11249962","11250548","586"
"SL2.50ch06:11282449-11282780","6","11282449","11282780","331"
"SL2.50ch06:11373336-11373815","41","11373336","11373815","479"
"SL2.50ch06:11374132-11374823","73","11374132","11374823","691"
"SL2.50ch06:11374397-11374728","51","11374397","11374728","331"
"SL2.50ch06:11537565-11538079","35","11537565","11538079","514"
"SL2.50ch06:11541452-11541783","11","11541452","11541783","331"
"SL2.50ch06:11564987-11566222","81","11564987","11566222","1235"
"SL2.50ch06:11565009-11565513","71","11565009","11565513","504"
"SL2.50ch06:11578387-11578768","18","11578387","11578768","381"
"SL2.50ch06:11581506-11581837","22","11581506","11581837","331"
"SL2.50ch06:11592346-11593517","75","11592346","11593517","1171"
"SL2.50ch06:11600456-11601309","46","11600456","11601309","853"
"SL2.50ch06:11605185-11606283","38","11605185","11606283","1098"
"SL2.50ch06:11607730-11609234","123","11607730","11609234","1504"
"SL2.50ch06:11607751-11609192","123","11607751","11609192","1441"
"SL2.50ch06:11610339-11612353","113","11610339","11612353","2014"
"SL2.50ch06:11615867-11616398","16","11615867","11616398","531"
"SL2.50ch06:11622835-11624534","159","11622835","11624534","1699"
"SL2.50ch06:11622845-11624328","155","11622845","11624328","1483"
"SL2.50ch06:11632052-11632718","78","11632052","11632718","666"
"SL2.50ch06:11632082-11632652","78","11632082","11632652","570"
"SL2.50ch06:11634548-11636811","196","11634548","11636811","2263"
"SL2.50ch06:11634549-11636814","196","11634549","11636814","2265"
"SL2.50ch06:12253948-12255474","118","12253948","12255474","1526"
"SL2.50ch06:12260916-12261634","35","12260916","12261634","718"
"SL2.50ch06:12264007-12268154","443","12264007","12268154","4147"
"SL2.50ch06:12268798-12269790","34","12268798","12269790","992"
"SL2.50ch06:12391176-12391618","10","12391176","12391618","442"
"SL2.50ch06:12412041-12412372","11","12412041","12412372","331"
"SL2.50ch06:12444950-12445993","53","12444950","12445993","1043"
"SL2.50ch06:12445028-12445966","53","12445028","12445966","938"
"SL2.50ch06:12447390-12448808","34","12447390","12448808","1418"
"SL2.50ch06:12513906-12514643","4","12513906","12514643","737"
"SL2.50ch06:12647474-12647855","13","12647474","12647855","381"
"SL2.50ch06:12661829-12662323","10","12661829","12662323","494"
"SL2.50ch06:12747589-12748565","12","12747589","12748565","976"
"SL2.50ch06:12761552-12761883","9","12761552","12761883","331"
"SL2.50ch06:12785820-12786361","11","12785820","12786361","541"
"SL2.50ch06:12849422-12850298","220","12849422","12850298","876"
"SL2.50ch06:12849583-12850366","220","12849583","12850366","783"
"SL2.50ch06:12875194-12875525","16","12875194","12875525","331"
"SL2.50ch06:12891357-12891738","11","12891357","12891738","381"
"SL2.50ch06:12931056-12931437","6","12931056","12931437","381"
"SL2.50ch06:12986616-12986997","20","12986616","12986997","381"
"SL2.50ch06:13010303-13011118","32","13010303","13011118","815"
"SL2.50ch06:13018711-13019092","7","13018711","13019092","381"
"SL2.50ch06:13052196-13052697","10","13052196","13052697","501"
"SL2.50ch06:13424117-13425113","278","13424117","13425113","996"
"SL2.50ch06:13424223-13425105","278","13424223","13425105","882"
"SL2.50ch06:16354420-16354824","38","16354420","16354824","404"
"SL2.50ch06:19992401-19992782","7","19992401","19992782","381"
"SL2.50ch06:20128520-20129249","800","20128520","20129249","729"
"SL2.50ch06:20129767-20130271","2711","20129767","20130271","504"
"SL2.50ch06:20515088-20515533","135","20515088","20515533","445"
"SL2.50ch06:20515111-20515588","136","20515111","20515588","477"
"SL2.50ch06:20964739-20965120","17","20964739","20965120","381"
"SL2.50ch06:21340971-21341487","460","21340971","21341487","516"
"SL2.50ch06:21340997-21341474","460","21340997","21341474","477"
"SL2.50ch06:21771206-21772206","95","21771206","21772206","1000"
"SL2.50ch06:21771437-21772110","87","21771437","21772110","673"
"SL2.50ch06:22980971-22981374","25","22980971","22981374","403"
"SL2.50ch06:24095780-24096111","28","24095780","24096111","331"
"SL2.50ch06:24168452-24168833","268","24168452","24168833","381"
"SL2.50ch06:24363884-24364282","69","24363884","24364282","398"
"SL2.50ch06:24536183-24536661","270","24536183","24536661","478"
"SL2.50ch06:26056901-26057232","18","26056901","26057232","331"
"SL2.50ch06:27436698-27437251","61","27436698","27437251","553"
"SL2.50ch06:27436707-27437301","59","27436707","27437301","594"
"SL2.50ch06:27475434-27477639","71","27475434","27477639","2205"
"SL2.50ch06:27691687-27692018","5","27691687","27692018","331"
"SL2.50ch06:29957413-29957917","18","29957413","29957917","504"
"SL2.50ch06:30643930-30644261","22","30643930","30644261","331"
"SL2.50ch06:30951068-30951467","20","30951068","30951467","399"
"SL2.50ch06:31135931-31136493","73","31135931","31136493","562"
"SL2.50ch06:31135949-31136534","73","31135949","31136534","585"
"SL2.50ch06:31144477-31144791","31","31144477","31144791","314"
"SL2.50ch06:32472516-32473343","58","32472516","32473343","827"
"SL2.50ch06:32472677-32473264","53","32472677","32473264","587"
"SL2.50ch06:3332788-3333307","43","3332788","3333307","519"
"SL2.50ch06:3332805-3333282","39","3332805","3333282","477"
"SL2.50ch06:33858355-33858984","84","33858355","33858984","629"
"SL2.50ch06:33858408-33858912","81","33858408","33858912","504"
"SL2.50ch06:3414446-3415308","61","3414446","3415308","862"
"SL2.50ch06:3424470-3424956","40","3424470","3424956","486"
"SL2.50ch06:3450859-3454807","286","3450859","3454807","3948"
"SL2.50ch06:3455247-3456666","121","3455247","3456666","1419"
"SL2.50ch06:34686221-34686640","39","34686221","34686640","419"
"SL2.50ch06:34686354-34686685","35","34686354","34686685","331"
"SL2.50ch06:3473858-3474189","28","3473858","3474189","331"
"SL2.50ch06:35232434-35232930","40","35232434","35232930","496"
"SL2.50ch06:35232443-35233047","41","35232443","35233047","604"
"SL2.50ch06:35841143-35842116","82","35841143","35842116","973"
"SL2.50ch06:35849344-35849894","20","35849344","35849894","550"
"SL2.50ch06:35855396-35855826","18","35855396","35855826","430"
"SL2.50ch06:36203477-36203864","21","36203477","36203864","387"
"SL2.50ch06:36593577-36594084","867","36593577","36594084","507"
"SL2.50ch06:36593589-36594065","865","36593589","36594065","476"
"SL2.50ch06:38692663-38693044","40","38692663","38693044","381"
"SL2.50ch06:38692679-38693089","40","38692679","38693089","410"
"SL2.50ch06:39340497-39340878","114","39340497","39340878","381"
"SL2.50ch06:39340502-39340906","114","39340502","39340906","404"
"SL2.50ch06:40138794-40139305","123","40138794","40139305","511"
"SL2.50ch06:40138835-40139291","123","40138835","40139291","456"
"SL2.50ch06:40454554-40455489","44","40454554","40455489","935"
"SL2.50ch06:42038148-42038552","68","42038148","42038552","404"
"SL2.50ch06:42038173-42038504","68","42038173","42038504","331"
"SL2.50ch06:4241451-4242037","49","4241451","4242037","586"
"SL2.50ch06:4241551-4241973","46","4241551","4241973","422"
"SL2.50ch06:42662943-42663546","848","42662943","42663546","603"
"SL2.50ch06:42662979-42663474","848","42662979","42663474","495"
"SL2.50ch06:4357169-4357799","314","4357169","4357799","630"
"SL2.50ch06:4357287-4357860","312","4357287","4357860","573"
"SL2.50ch06:43986841-43987261","76","43986841","43987261","420"
"SL2.50ch06:43986871-43987275","76","43986871","43987275","404"
"SL2.50ch06:44551082-44551775","21","44551082","44551775","693"
"SL2.50ch06:44654974-44655464","65","44654974","44655464","490"
"SL2.50ch06:44655030-44655411","64","44655030","44655411","381"
"SL2.50ch06:44744106-44744650","905","44744106","44744650","544"
"SL2.50ch06:44744152-44744589","904","44744152","44744589","437"
"SL2.50ch06:46138834-46139495","61","46138834","46139495","661"
"SL2.50ch06:46139046-46139467","58","46139046","46139467","421"
"SL2.50ch06:46145254-46148688","3860","46145254","46148688","3434"
"SL2.50ch06:46145319-46148663","3859","46145319","46148663","3344"
"SL2.50ch06:47239543-47240018","56","47239543","47240018","475"
"SL2.50ch06:47239593-47239976","56","47239593","47239976","383"
"SL2.50ch06:47293479-47294053","478","47293479","47294053","574"
"SL2.50ch06:47293625-47294071","478","47293625","47294071","446"
"SL2.50ch06:49737650-49738665","81","49737650","49738665","1015"
"SL2.50ch06:49737695-49738545","73","49737695","49738545","850"
"SL2.50ch06:5004425-5004927","13","5004425","5004927","502"
"SL2.50ch06:5008489-5008870","20","5008489","5008870","381"
"SL2.50ch06:5066776-5067157","4","5066776","5067157","381"
"SL2.50ch06:5075824-5076205","6","5075824","5076205","381"
"SL2.50ch06:5224495-5224826","19","5224495","5224826","331"
"SL2.50ch06:5261672-5262257","73","5261672","5262257","585"
"SL2.50ch06:5261686-5262235","71","5261686","5262235","549"
"SL2.50ch06:5300754-5301239","31","5300754","5301239","485"
"SL2.50ch06:5539405-5539736","10","5539405","5539736","331"
"SL2.50ch06:5771307-5772133","61","5771307","5772133","826"
"SL2.50ch06:5771379-5771910","48","5771379","5771910","531"
"SL2.50ch06:5967206-5967587","14","5967206","5967587","381"
"SL2.50ch06:6389557-6390114","211","6389557","6390114","557"
"SL2.50ch06:6389582-6390202","210","6389582","6390202","620"
"SL2.50ch06:6707638-6707969","8","6707638","6707969","331"
"SL2.50ch06:7067797-7068178","32","7067797","7068178","381"
"SL2.50ch06:7575695-7576076","13","7575695","7576076","381"
"SL2.50ch06:7609806-7610281","75","7609806","7610281","475"
"SL2.50ch06:7609870-7610251","75","7609870","7610251","381"
"SL2.50ch06:7918580-7919090","27","7918580","7919090","510"
"SL2.50ch06:8571905-8572751","31","8571905","8572751","846"
"SL2.50ch06:8594302-8596098","41","8594302","8596098","1796"
"SL2.50ch07:10484474-10485393","163","10484474","10485393","919"
"SL2.50ch07:10484584-10485404","161","10484584","10485404","820"
"SL2.50ch07:10490137-10490882","583","10490137","10490882","745"
"SL2.50ch07:10490157-10490846","582","10490157","10490846","689"
"SL2.50ch07:11631182-11631753","54","11631182","11631753","571"
"SL2.50ch07:11631232-11631655","51","11631232","11631655","423"
"SL2.50ch07:11852517-11854058","183","11852517","11854058","1541"
"SL2.50ch07:11852568-11854114","186","11852568","11854114","1546"
"SL2.50ch07:11854828-11856849","529","11854828","11856849","2021"
"SL2.50ch07:11854838-11856909","533","11854838","11856909","2071"
"SL2.50ch07:12792028-12792566","40","12792028","12792566","538"
"SL2.50ch07:13061177-13061558","11","13061177","13061558","381"
"SL2.50ch07:14185905-14186286","4","14185905","14186286","381"
"SL2.50ch07:14895177-14895660","10","14895177","14895660","483"
"SL2.50ch07:154-644","66","154","644","490"
"SL2.50ch07:16218905-16219478","16","16218905","16219478","573"
"SL2.50ch07:16794790-16795121","26","16794790","16795121","331"
"SL2.50ch07:19797843-19798311","34","19797843","19798311","468"
"SL2.50ch07:19804202-19804706","30","19804202","19804706","504"
"SL2.50ch07:19824914-19825318","37","19824914","19825318","404"
"SL2.50ch07:19845517-19845848","15","19845517","19845848","331"
"SL2.50ch07:19862962-19864091","46","19862962","19864091","1129"
"SL2.50ch07:19882116-19882627","58","19882116","19882627","511"
"SL2.50ch07:19882263-19882743","54","19882263","19882743","480"
"SL2.50ch07:19886335-19887665","82","19886335","19887665","1330"
"SL2.50ch07:19950344-19950963","36","19950344","19950963","619"
"SL2.50ch07:2038-2579","47","2038","2579","541"
"SL2.50ch07:222-2571","152","222","2571","2349"
"SL2.50ch07:2361885-2362270","25","2361885","2362270","385"
"SL2.50ch07:26467738-26468069","14","26467738","26468069","331"
"SL2.50ch07:27291275-27291834","36","27291275","27291834","559"
"SL2.50ch07:27969921-27970302","9","27969921","27970302","381"
"SL2.50ch07:28302964-28303555","1209","28302964","28303555","591"
"SL2.50ch07:28303048-28303619","1210","28303048","28303619","571"
"SL2.50ch07:29209556-29210196","165","29209556","29210196","640"
"SL2.50ch07:29209644-29210025","156","29209644","29210025","381"
"SL2.50ch07:29621993-29622555","49","29621993","29622555","562"
"SL2.50ch07:29775314-29775846","35","29775314","29775846","532"
"SL2.50ch07:2999380-3000365","92","2999380","3000365","985"
"SL2.50ch07:2999657-3000382","84","2999657","3000382","725"
"SL2.50ch07:30901950-30903433","161","30901950","30903433","1483"
"SL2.50ch07:30901983-30903426","161","30901983","30903426","1443"
"SL2.50ch07:30904001-30904867","72","30904001","30904867","866"
"SL2.50ch07:30904013-30904344","62","30904013","30904344","331"
"SL2.50ch07:30906088-30906620","140","30906088","30906620","532"
"SL2.50ch07:30906121-30906581","139","30906121","30906581","460"
"SL2.50ch07:32432778-32433597","640","32432778","32433597","819"
"SL2.50ch07:32433027-32433607","636","32433027","32433607","580"
"SL2.50ch07:34439305-34439686","1","34439305","34439686","381"
"SL2.50ch07:35067189-35067570","4","35067189","35067570","381"
"SL2.50ch07:36068583-36069109","60","36068583","36069109","526"
"SL2.50ch07:36068623-36069186","61","36068623","36069186","563"
"SL2.50ch07:3774928-3776334","102","3774928","3776334","1406"
"SL2.50ch07:38161094-38161653","40","38161094","38161653","559"
"SL2.50ch07:39115128-39115459","34","39115128","39115459","331"
"SL2.50ch07:39119631-39120035","92","39119631","39120035","404"
"SL2.50ch07:39119691-39120022","91","39119691","39120022","331"
"SL2.50ch07:4007330-4008116","170","4007330","4008116","786"
"SL2.50ch07:4007359-4008082","170","4007359","4008082","723"
"SL2.50ch07:44373280-44373661","13","44373280","44373661","381"
"SL2.50ch07:44383776-44384209","56","44383776","44384209","433"
"SL2.50ch07:44383777-44384198","56","44383777","44384198","421"
"SL2.50ch07:44576879-44577295","14","44576879","44577295","416"
"SL2.50ch07:45281877-45282258","10","45281877","45282258","381"
"SL2.50ch07:45560506-45560994","19","45560506","45560994","488"
"SL2.50ch07:47753072-47753453","10","47753072","47753453","381"
"SL2.50ch07:4797941-4798272","31","4797941","4798272","331"
"SL2.50ch07:48041097-48041612","11","48041097","48041612","515"
"SL2.50ch07:48381568-48382040","17","48381568","48382040","472"
"SL2.50ch07:4895812-4896296","17","4895812","4896296","484"
"SL2.50ch07:50218675-50219079","41","50218675","50219079","404"
"SL2.50ch07:50218773-50219104","38","50218773","50219104","331"
"SL2.50ch07:5061098-5061517","21","5061098","5061517","419"
"SL2.50ch07:50623432-50623911","56","50623432","50623911","479"
"SL2.50ch07:50623456-50624030","56","50623456","50624030","574"
"SL2.50ch07:5066460-5067638","57","5066460","5067638","1178"
"SL2.50ch07:52229717-52230208","43","52229717","52230208","491"
"SL2.50ch07:52229815-52230196","41","52229815","52230196","381"
"SL2.50ch07:52359458-52359772","33","52359458","52359772","314"
"SL2.50ch07:52372224-52372538","31","52372224","52372538","314"
"SL2.50ch07:5329634-5330048","22","5329634","5330048","414"
"SL2.50ch07:5355046-5355716","54","5355046","5355716","670"
"SL2.50ch07:5356731-5357135","36","5356731","5357135","404"
"SL2.50ch07:5385939-5386418","12","5385939","5386418","479"
"SL2.50ch07:5390060-5390391","18","5390060","5390391","331"
"SL2.50ch07:53975469-53975850","184","53975469","53975850","381"
"SL2.50ch07:5413307-5413638","30","5413307","5413638","331"
"SL2.50ch07:5450366-5452125","119","5450366","5452125","1759"
"SL2.50ch07:54736727-54737286","84","54736727","54737286","559"
"SL2.50ch07:54736814-54737356","84","54736814","54737356","542"
"SL2.50ch07:55282872-55283203","108","55282872","55283203","331"
"SL2.50ch07:55624036-55624417","24","55624036","55624417","381"
"SL2.50ch07:55632636-55633402","51","55632636","55633402","766"
"SL2.50ch07:55632892-55633419","40","55632892","55633419","527"
"SL2.50ch07:5584381-5585173","29","5584381","5585173","792"
"SL2.50ch07:5586876-5587257","21","5586876","5587257","381"
"SL2.50ch07:56095617-56096086","44","56095617","56096086","469"
"SL2.50ch07:56754920-56755411","39","56754920","56755411","491"
"SL2.50ch07:56755026-56755357","35","56755026","56755357","331"
"SL2.50ch07:56757178-56757964","51","56757178","56757964","786"
"SL2.50ch07:56757244-56757688","39","56757244","56757688","444"
"SL2.50ch07:57398904-57399485","42","57398904","57399485","581"
"SL2.50ch07:57399017-57399450","40","57399017","57399450","433"
"SL2.50ch07:57399966-57400347","22","57399966","57400347","381"
"SL2.50ch07:57401731-57402243","29","57401731","57402243","512"
"SL2.50ch07:57406415-57407105","30","57406415","57407105","690"
"SL2.50ch07:57431514-57431928","15","57431514","57431928","414"
"SL2.50ch07:58301158-58301618","39","58301158","58301618","460"
"SL2.50ch07:58301216-58301699","37","58301216","58301699","483"
"SL2.50ch07:58802339-58805033","148","58802339","58805033","2694"
"SL2.50ch07:59388865-59389400","85","59388865","59389400","535"
"SL2.50ch07:59388872-59389382","84","59388872","59389382","510"
"SL2.50ch07:59507081-59507651","1221","59507081","59507651","570"
"SL2.50ch07:59507100-59507681","1223","59507100","59507681","581"
"SL2.50ch07:61301593-61302334","123","61301593","61302334","741"
"SL2.50ch07:61301628-61302228","116","61301628","61302228","600"
"SL2.50ch07:62472101-62472482","17","62472101","62472482","381"
"SL2.50ch07:64790110-64790491","27","64790110","64790491","381"
"SL2.50ch07:65784674-65785078","79","65784674","65785078","404"
"SL2.50ch07:65784723-65785054","78","65784723","65785054","331"
"SL2.50ch07:67284176-67284832","39","67284176","67284832","656"
"SL2.50ch07:67912732-67913063","28","67912732","67913063","331"
"SL2.50ch07:6845941-6846255","31","6845941","6846255","314"
"SL2.50ch07:7832010-7832632","106","7832010","7832632","622"
"SL2.50ch07:7832066-7832643","106","7832066","7832643","577"
"SL2.50ch07:8823263-8824031","50","8823263","8824031","768"
"SL2.50ch07:8823669-8824050","30","8823669","8824050","381"
"SL2.50ch07:8824548-8825026","24","8824548","8825026","478"
"SL2.50ch07:9898065-9898700","44","9898065","9898700","635"
"SL2.50ch07:9898163-9898669","41","9898163","9898669","506"
"SL2.50ch07:9909935-9910328","33","9909935","9910328","393"
"SL2.50ch08:10002647-10004817","146","10002647","10004817","2170"
"SL2.50ch08:10005533-10006891","78","10005533","10006891","1358"
"SL2.50ch08:10005568-10006873","76","10005568","10006873","1305"
"SL2.50ch08:10011790-10013473","157","10011790","10013473","1683"
"SL2.50ch08:10011801-10013458","157","10011801","10013458","1657"
"SL2.50ch08:10015712-10017858","214","10015712","10017858","2146"
"SL2.50ch08:10015740-10017922","214","10015740","10017922","2182"
"SL2.50ch08:10024208-10028275","419","10024208","10028275","4067"
"SL2.50ch08:10024251-10028292","419","10024251","10028292","4041"
"SL2.50ch08:10030595-10031855","76","10030595","10031855","1260"
"SL2.50ch08:10032600-10036508","226","10032600","10036508","3908"
"SL2.50ch08:10118904-10119390","34","10118904","10119390","486"
"SL2.50ch08:10118930-10119322","32","10118930","10119322","392"
"SL2.50ch08:10428374-10428886","10","10428374","10428886","512"
"SL2.50ch08:10428946-10430169","66","10428946","10430169","1223"
"SL2.50ch08:10429599-10430003","51","10429599","10430003","404"
"SL2.50ch08:10434563-10437241","92","10434563","10437241","2678"
"SL2.50ch08:10445638-10446435","36","10445638","10446435","797"
"SL2.50ch08:10751620-10752185","41","10751620","10752185","565"
"SL2.50ch08:10821079-10821882","47","10821079","10821882","803"
"SL2.50ch08:10888296-10889971","78","10888296","10889971","1675"
"SL2.50ch08:10943904-10944540","55","10943904","10944540","636"
"SL2.50ch08:10943984-10944315","40","10943984","10944315","331"
"SL2.50ch08:11082853-11083390","87","11082853","11083390","537"
"SL2.50ch08:11082916-11083320","85","11082916","11083320","404"
"SL2.50ch08:11130561-11131537","303","11130561","11131537","976"
"SL2.50ch08:11130610-11131455","303","11130610","11131455","845"
"SL2.50ch08:11137944-11141315","3073","11137944","11141315","3371"
"SL2.50ch08:11137972-11141241","3072","11137972","11141241","3269"
"SL2.50ch08:11147893-11149553","321","11147893","11149553","1660"
"SL2.50ch08:11147992-11149016","297","11147992","11149016","1024"
"SL2.50ch08:11732661-11733614","156","11732661","11733614","953"
"SL2.50ch08:11732707-11733646","155","11732707","11733646","939"
"SL2.50ch08:11881136-11881517","28","11881136","11881517","381"
"SL2.50ch08:12167350-12167897","16","12167350","12167897","547"
"SL2.50ch08:14782902-14783428","14","14782902","14783428","526"
"SL2.50ch08:14814597-14814928","10","14814597","14814928","331"
"SL2.50ch08:14999691-15000656","143","14999691","15000656","965"
"SL2.50ch08:14999740-15000606","143","14999740","15000606","866"
"SL2.50ch08:15167804-15168524","84","15167804","15168524","720"
"SL2.50ch08:15167815-15168517","84","15167815","15168517","702"
"SL2.50ch08:15513806-15514870","45","15513806","15514870","1064"
"SL2.50ch08:15515420-15516377","58","15515420","15516377","957"
"SL2.50ch08:15515544-15516319","57","15515544","15516319","775"
"SL2.50ch08:15517604-15518082","28","15517604","15518082","478"
"SL2.50ch08:15542570-15543146","38","15542570","15543146","576"
"SL2.50ch08:15547426-15547934","24","15547426","15547934","508"
"SL2.50ch08:15554959-15555500","39","15554959","15555500","541"
"SL2.50ch08:15554971-15555471","39","15554971","15555471","500"
"SL2.50ch08:15556237-15557294","78","15556237","15557294","1057"
"SL2.50ch08:15556337-15556952","48","15556337","15556952","615"
"SL2.50ch08:15599337-15599668","11","15599337","15599668","331"
"SL2.50ch08:15611848-15612373","34","15611848","15612373","525"
"SL2.50ch08:15611858-15612262","34","15611858","15612262","404"
"SL2.50ch08:15838864-15839355","64","15838864","15839355","491"
"SL2.50ch08:15838937-15839341","64","15838937","15839341","404"
"SL2.50ch08:15840171-15840654","72","15840171","15840654","483"
"SL2.50ch08:15840223-15840700","72","15840223","15840700","477"
"SL2.50ch08:15842234-15842741","36","15842234","15842741","507"
"SL2.50ch08:15842254-15842829","37","15842254","15842829","575"
"SL2.50ch08:15843700-15844081","31","15843700","15844081","381"
"SL2.50ch08:15847434-15847878","57","15847434","15847878","444"
"SL2.50ch08:15847471-15847852","57","15847471","15847852","381"
"SL2.50ch08:16026869-16027904","124","16026869","16027904","1035"
"SL2.50ch08:16026903-16027866","123","16026903","16027866","963"
"SL2.50ch08:16031640-16032073","97","16031640","16032073","433"
"SL2.50ch08:16806935-16807249","29","16806935","16807249","314"
"SL2.50ch08:17270165-17270546","10","17270165","17270546","381"
"SL2.50ch08:17908895-17909226","7","17908895","17909226","331"
"SL2.50ch08:18438023-18438427","51","18438023","18438427","404"
"SL2.50ch08:20104688-20105019","2","20104688","20105019","331"
"SL2.50ch08:22009830-22010344","17","22009830","22010344","514"
"SL2.50ch08:22076676-22077080","39","22076676","22077080","404"
"SL2.50ch08:22534316-22534721","33","22534316","22534721","405"
"SL2.50ch08:24010344-24010725","32","24010344","24010725","381"
"SL2.50ch08:25335964-25336450","25","25335964","25336450","486"
"SL2.50ch08:25669393-25670020","147","25669393","25670020","627"
"SL2.50ch08:25669541-25669872","141","25669541","25669872","331"
"SL2.50ch08:2620359-2620865","63","2620359","2620865","506"
"SL2.50ch08:2620388-2620769","60","2620388","2620769","381"
"SL2.50ch08:26692777-26693800","43","26692777","26693800","1023"
"SL2.50ch08:27633104-27633749","1527","27633104","27633749","645"
"SL2.50ch08:27633182-27633720","1524","27633182","27633720","538"
"SL2.50ch08:28156057-28156388","17","28156057","28156388","331"
"SL2.50ch08:28974492-28975079","23","28974492","28975079","587"
"SL2.50ch08:29077358-29077772","13","29077358","29077772","414"
"SL2.50ch08:30786206-30786950","29","30786206","30786950","744"
"SL2.50ch08:30793548-30793929","11","30793548","30793929","381"
"SL2.50ch08:31765704-31766610","1025","31765704","31766610","906"
"SL2.50ch08:31765782-31766550","1015","31765782","31766550","768"
"SL2.50ch08:32821682-32822263","116","32821682","32822263","581"
"SL2.50ch08:32821774-32822279","115","32821774","32822279","505"
"SL2.50ch08:33047344-33047675","19","33047344","33047675","331"
"SL2.50ch08:34430564-34431484","75","34430564","34431484","920"
"SL2.50ch08:36327433-36327764","15","36327433","36327764","331"
"SL2.50ch08:36793005-36793386","27","36793005","36793386","381"
"SL2.50ch08:37202422-37203959","133","37202422","37203959","1537"
"SL2.50ch08:37202647-37203707","119","37202647","37203707","1060"
"SL2.50ch08:37401957-37402433","250","37401957","37402433","476"
"SL2.50ch08:39144874-39154075","7192","39144874","39154075","9201"
"SL2.50ch08:39144954-39146361","679","39144954","39146361","1407"
"SL2.50ch08:39148354-39154081","5635","39148354","39154081","5727"
"SL2.50ch08:39368577-39368908","9","39368577","39368908","331"
"SL2.50ch08:39823771-39824152","11","39823771","39824152","381"
"SL2.50ch08:40203197-40203674","15","40203197","40203674","477"
"SL2.50ch08:40547974-40548655","30","40547974","40548655","681"
"SL2.50ch08:41015930-41016311","11","41015930","41016311","381"
"SL2.50ch08:41075542-41076191","57","41075542","41076191","649"
"SL2.50ch08:41469338-41470035","14","41469338","41470035","697"
"SL2.50ch08:42177168-42177549","23","42177168","42177549","381"
"SL2.50ch08:42861626-42862141","23","42861626","42862141","515"
"SL2.50ch08:43103112-43103493","17","43103112","43103493","381"
"SL2.50ch08:4393994-4394436","109","4393994","4394436","442"
"SL2.50ch08:4393998-4394439","109","4393998","4394439","441"
"SL2.50ch08:44452684-44453110","34","44452684","44453110","426"
"SL2.50ch08:44453900-44454707","53","44453900","44454707","807"
"SL2.50ch08:44453955-44454807","52","44453955","44454807","852"
"SL2.50ch08:44703510-44703921","33","44703510","44703921","411"
"SL2.50ch08:45328710-45329041","9","45328710","45329041","331"
"SL2.50ch08:46709361-46710441","180","46709361","46710441","1080"
"SL2.50ch08:46709638-46710359","166","46709638","46710359","721"
"SL2.50ch08:46711088-46711419","14","46711088","46711419","331"
"SL2.50ch08:46953388-46956864","5935","46953388","46956864","3476"
"SL2.50ch08:46953415-46956255","5918","46953415","46956255","2840"
"SL2.50ch08:48239831-48240908","194","48239831","48240908","1077"
"SL2.50ch08:48239875-48240887","192","48239875","48240887","1012"
"SL2.50ch08:49240268-49240824","8","49240268","49240824","556"
"SL2.50ch08:50477308-50478101","24","50477308","50478101","793"
"SL2.50ch08:50497942-50498323","17","50497942","50498323","381"
"SL2.50ch08:50544007-50544528","40","50544007","50544528","521"
"SL2.50ch08:5160554-5160885","1","5160554","5160885","331"
"SL2.50ch08:51743953-51744426","391","51743953","51744426","473"
"SL2.50ch08:51879524-51880278","36","51879524","51880278","754"
"SL2.50ch08:52271090-52271421","32","52271090","52271421","331"
"SL2.50ch08:5420200-5420795","20","5420200","5420795","595"
"SL2.50ch08:54478649-54479041","351","54478649","54479041","392"
"SL2.50ch08:54823862-54824451","34","54823862","54824451","589"
"SL2.50ch08:54901586-54901917","16","54901586","54901917","331"
"SL2.50ch08:54992822-54994428","104","54992822","54994428","1606"
"SL2.50ch08:54992918-54994412","102","54992918","54994412","1494"
"SL2.50ch08:57456480-57456922","96","57456480","57456922","442"
"SL2.50ch08:57456497-57456878","96","57456497","57456878","381"
"SL2.50ch08:57485275-57486166","466","57485275","57486166","891"
"SL2.50ch08:57485318-57486127","466","57485318","57486127","809"
"SL2.50ch08:57859970-57863383","197","57859970","57863383","3413"
"SL2.50ch08:60628938-60630113","92","60628938","60630113","1175"
"SL2.50ch08:60629025-60629899","76","60629025","60629899","874"
"SL2.50ch08:61394563-61394946","23","61394563","61394946","383"
"SL2.50ch08:63628678-63629726","33","63628678","63629726","1048"
"SL2.50ch08:65065998-65066664","47","65065998","65066664","666"
"SL2.50ch08:65133233-65133737","74","65133233","65133737","504"
"SL2.50ch08:65133290-65133715","72","65133290","65133715","425"
"SL2.50ch08:65307754-65308248","39","65307754","65308248","494"
"SL2.50ch08:65307832-65308213","35","65307832","65308213","381"
"SL2.50ch08:6538025-6538356","14","6538025","6538356","331"
"SL2.50ch08:6548254-6548871","487","6548254","6548871","617"
"SL2.50ch08:7035515-7035997","40","7035515","7035997","482"
"SL2.50ch08:7035551-7035934","38","7035551","7035934","383"
"SL2.50ch08:7188815-7190115","44","7188815","7190115","1300"
"SL2.50ch08:7751707-7752126","23","7751707","7752126","419"
"SL2.50ch08:9428445-9429609","22","9428445","9429609","1164"
"SL2.50ch08:9453312-9453643","10","9453312","9453643","331"
"SL2.50ch08:9465674-9467113","49","9465674","9467113","1439"
"SL2.50ch08:9985700-9986431","73","9985700","9986431","731"
"SL2.50ch08:9985738-9986349","73","9985738","9986349","611"
"SL2.50ch08:9987917-9990374","413","9987917","9990374","2457"
"SL2.50ch08:9987980-9990352","413","9987980","9990352","2372"
"SL2.50ch08:9993060-9995894","376","9993060","9995894","2834"
"SL2.50ch08:9993110-9995845","370","9993110","9995845","2735"
"SL2.50ch09:10572288-10572752","21","10572288","10572752","464"
"SL2.50ch09:11297372-11304280","3489","11297372","11304280","6908"
"SL2.50ch09:11297455-11301487","2506","11297455","11301487","4032"
"SL2.50ch09:11302205-11304217","976","11302205","11304217","2012"
"SL2.50ch09:11306416-11308324","709","11306416","11308324","1908"
"SL2.50ch09:11306567-11308222","705","11306567","11308222","1655"
"SL2.50ch09:11310024-11314093","982","11310024","11314093","4069"
"SL2.50ch09:11310074-11312436","891","11310074","11312436","2362"
"SL2.50ch09:11312983-11313898","68","11312983","11313898","915"
"SL2.50ch09:11838269-11838600","28","11838269","11838600","331"
"SL2.50ch09:13565000-13565471","16","13565000","13565471","471"
"SL2.50ch09:13687955-13688340","115","13687955","13688340","385"
"SL2.50ch09:13697408-13698632","81","13697408","13698632","1224"
"SL2.50ch09:15004929-15005310","128","15004929","15005310","381"
"SL2.50ch09:1555948-1556329","71","1555948","1556329","381"
"SL2.50ch09:1555956-1556389","71","1555956","1556389","433"
"SL2.50ch09:16106991-16107322","14","16106991","16107322","331"
"SL2.50ch09:17060794-17061198","63","17060794","17061198","404"
"SL2.50ch09:17060804-17061135","63","17060804","17061135","331"
"SL2.50ch09:17597972-17598353","12","17597972","17598353","381"
"SL2.50ch09:17852973-17853411","40","17852973","17853411","438"
"SL2.50ch09:17853002-17853383","40","17853002","17853383","381"
"SL2.50ch09:18467903-18468328","28","18467903","18468328","425"
"SL2.50ch09:18938957-18939338","88","18938957","18939338","381"
"SL2.50ch09:21762754-21763135","13","21762754","21763135","381"
"SL2.50ch09:21821098-21821429","12","21821098","21821429","331"
"SL2.50ch09:21941177-21941508","9","21941177","21941508","331"
"SL2.50ch09:22135943-22136274","27","22135943","22136274","331"
"SL2.50ch09:22431248-22431629","13","22431248","22431629","381"
"SL2.50ch09:22437801-22438132","18","22437801","22438132","331"
"SL2.50ch09:22897093-22897424","19","22897093","22897424","331"
"SL2.50ch09:2437108-2437694","419","2437108","2437694","586"
"SL2.50ch09:2437132-2437672","417","2437132","2437672","540"
"SL2.50ch09:24474565-24475346","320","24474565","24475346","781"
"SL2.50ch09:24474571-24475431","324","24474571","24475431","860"
"SL2.50ch09:25663452-25663766","28","25663452","25663766","314"
"SL2.50ch09:25887279-25887683","59","25887279","25887683","404"
"SL2.50ch09:25887332-25887713","57","25887332","25887713","381"
"SL2.50ch09:26984447-26984828","1","26984447","26984828","381"
"SL2.50ch09:27413762-27414450","46","27413762","27414450","688"
"SL2.50ch09:27651027-27651544","5","27651027","27651544","517"
"SL2.50ch09:29279607-29280010","32","29279607","29280010","403"
"SL2.50ch09:29381878-29382209","12","29381878","29382209","331"
"SL2.50ch09:35300706-35302558","1173","35300706","35302558","1852"
"SL2.50ch09:35300711-35302502","1173","35300711","35302502","1791"
"SL2.50ch09:35303361-35309113","2352","35303361","35309113","5752"
"SL2.50ch09:37523012-37523659","67","37523012","37523659","647"
"SL2.50ch09:37523144-37523629","63","37523144","37523629","485"
"SL2.50ch09:37543881-37544373","23","37543881","37544373","492"
"SL2.50ch09:37849789-37850170","10","37849789","37850170","381"
"SL2.50ch09:3963936-3964267","26","3963936","3964267","331"
"SL2.50ch09:39657490-39657821","7","39657490","39657821","331"
"SL2.50ch09:40280143-40281553","8673","40280143","40281553","1410"
"SL2.50ch09:40280172-40281545","8671","40280172","40281545","1373"
"SL2.50ch09:40947194-40947781","55","40947194","40947781","587"
"SL2.50ch09:40947203-40947715","54","40947203","40947715","512"
"SL2.50ch09:41017563-41017894","5","41017563","41017894","331"
"SL2.50ch09:41491452-41491783","10","41491452","41491783","331"
"SL2.50ch09:41909205-41909648","30","41909205","41909648","443"
"SL2.50ch09:41911466-41912964","62","41911466","41912964","1498"
"SL2.50ch09:42412888-42413390","15","42412888","42413390","502"
"SL2.50ch09:42668675-42669276","27","42668675","42669276","601"
"SL2.50ch09:43219510-43219841","23","43219510","43219841","331"
"SL2.50ch09:44296701-44297082","4","44296701","44297082","381"
"SL2.50ch09:45297510-45298512","69","45297510","45298512","1002"
"SL2.50ch09:45297710-45298261","50","45297710","45298261","551"
"SL2.50ch09:45397104-45398205","328","45397104","45398205","1101"
"SL2.50ch09:45397113-45398181","328","45397113","45398181","1068"
"SL2.50ch09:45750930-45751311","14","45750930","45751311","381"
"SL2.50ch09:46223872-46224276","34","46223872","46224276","404"
"SL2.50ch09:46262512-46263393","3764","46262512","46263393","881"
"SL2.50ch09:46262519-46263341","3761","46262519","46263341","822"
"SL2.50ch09:46687672-46688188","53","46687672","46688188","516"
"SL2.50ch09:46687826-46688157","40","46687826","46688157","331"
"SL2.50ch09:48658671-48659075","33","48658671","48659075","404"
"SL2.50ch09:48889000-48889623","48","48889000","48889623","623"
"SL2.50ch09:48889173-48889607","41","48889173","48889607","434"
"SL2.50ch09:49473050-49473529","18","49473050","49473529","479"
"SL2.50ch09:49777729-49778110","18","49777729","49778110","381"
"SL2.50ch09:50745655-50746138","76","50745655","50746138","483"
"SL2.50ch09:50745734-50746148","76","50745734","50746148","414"
"SL2.50ch09:51276055-51276436","134","51276055","51276436","381"
"SL2.50ch09:51473938-51474319","14","51473938","51474319","381"
"SL2.50ch09:52104855-52105186","32","52104855","52105186","331"
"SL2.50ch09:53088477-53090485","1093","53088477","53090485","2008"
"SL2.50ch09:53088577-53090450","1091","53088577","53090450","1873"
"SL2.50ch09:53498611-53499037","23","53498611","53499037","426"
"SL2.50ch09:56322360-56322811","38","56322360","56322811","451"
"SL2.50ch09:56413626-56414046","40","56413626","56414046","420"
"SL2.50ch09:56413745-56414076","30","56413745","56414076","331"
"SL2.50ch09:57813604-57814516","33","57813604","57814516","912"
"SL2.50ch09:58995843-58996883","1782","58995843","58996883","1040"
"SL2.50ch09:58995972-58996780","1780","58995972","58996780","808"
"SL2.50ch09:60656738-60657422","99","60656738","60657422","684"
"SL2.50ch09:60656793-60657396","95","60656793","60657396","603"
"SL2.50ch09:61857443-61858157","2492","61857443","61858157","714"
"SL2.50ch09:61857460-61858188","2491","61857460","61858188","728"
"SL2.50ch09:62110648-62111029","293","62110648","62111029","381"
"SL2.50ch09:63828888-63829269","35","63828888","63829269","381"
"SL2.50ch09:63970902-63971418","1555","63970902","63971418","516"
"SL2.50ch09:63970917-63971489","1555","63970917","63971489","572"
"SL2.50ch09:63993860-63994241","138","63993860","63994241","381"
"SL2.50ch09:64377909-64378414","41","64377909","64378414","505"
"SL2.50ch09:6479807-6480138","13","6479807","6480138","331"
"SL2.50ch09:64935394-64937239","120","64935394","64937239","1845"
"SL2.50ch09:64935641-64936588","72","64935641","64936588","947"
"SL2.50ch09:67002243-67003144","71","67002243","67003144","901"
"SL2.50ch09:67002297-67003131","69","67002297","67003131","834"
"SL2.50ch09:6789966-6791370","340","6789966","6791370","1404"
"SL2.50ch09:6789982-6791313","340","6789982","6791313","1331"
"SL2.50ch09:68836714-68838170","98","68836714","68838170","1456"
"SL2.50ch09:68836781-68838147","97","68836781","68838147","1366"
"SL2.50ch09:70696428-70697064","248","70696428","70697064","636"
"SL2.50ch09:70696558-70697034","242","70696558","70697034","476"
"SL2.50ch09:71690438-71690842","37","71690438","71690842","404"
"SL2.50ch09:7384113-7384507","46","7384113","7384507","394"
"SL2.50ch09:7384153-7384467","46","7384153","7384467","314"
"SL2.50ch09:8551095-8551787","205","8551095","8551787","692"
"SL2.50ch09:8786499-8786830","27","8786499","8786830","331"
"SL2.50ch10:10731620-10732316","157","10731620","10732316","696"
"SL2.50ch10:10731672-10732352","156","10731672","10732352","680"
"SL2.50ch10:10733685-10734225","86","10733685","10734225","540"
"SL2.50ch10:10733693-10734261","86","10733693","10734261","568"
"SL2.50ch10:10734837-10735485","99","10734837","10735485","648"
"SL2.50ch10:10734970-10735446","96","10734970","10735446","476"
"SL2.50ch10:11251487-11251966","37","11251487","11251966","479"
"SL2.50ch10:11251503-11251927","37","11251503","11251927","424"
"SL2.50ch10:11687715-11688411","22","11687715","11688411","696"
"SL2.50ch10:11928798-11929179","11","11928798","11929179","381"
"SL2.50ch10:13079170-13079551","31","13079170","13079551","381"
"SL2.50ch10:13112776-13113266","25","13112776","13113266","490"
"SL2.50ch10:13192538-13193260","34","13192538","13193260","722"
"SL2.50ch10:14905372-14905761","21","14905372","14905761","389"
"SL2.50ch10:15241490-15242831","6698","15241490","15242831","1341"
"SL2.50ch10:15241521-15242839","6698","15241521","15242839","1318"
"SL2.50ch10:15272457-15273031","32","15272457","15273031","574"
"SL2.50ch10:15654082-15654413","23","15654082","15654413","331"
"SL2.50ch10:15739002-15739471","19","15739002","15739471","469"
"SL2.50ch10:15756893-15757307","16","15756893","15757307","414"
"SL2.50ch10:15785019-15785706","28","15785019","15785706","687"
"SL2.50ch10:15809046-15809427","18","15809046","15809427","381"
"SL2.50ch10:15828403-15828933","21","15828403","15828933","530"
"SL2.50ch10:15836524-15837418","59","15836524","15837418","894"
"SL2.50ch10:16038644-16038958","34","16038644","16038958","314"
"SL2.50ch10:16338841-16339222","26","16338841","16339222","381"
"SL2.50ch10:16959772-16960153","12","16959772","16960153","381"
"SL2.50ch10:17152475-17152806","12","17152475","17152806","331"
"SL2.50ch10:17488601-17488932","4","17488601","17488932","331"
"SL2.50ch10:17728555-17728936","5","17728555","17728936","381"
"SL2.50ch10:18055037-18055568","25","18055037","18055568","531"
"SL2.50ch10:18417889-18421988","518","18417889","18421988","4099"
"SL2.50ch10:18419554-18421837","404","18419554","18421837","2283"
"SL2.50ch10:19554684-19555161","26","19554684","19555161","477"
"SL2.50ch10:21219810-21221049","92","21219810","21221049","1239"
"SL2.50ch10:21220717-21221098","23","21220717","21221098","381"
"SL2.50ch10:21226044-21227861","138","21226044","21227861","1817"
"SL2.50ch10:21231503-21232793","52","21231503","21232793","1290"
"SL2.50ch10:21236697-21237727","52","21236697","21237727","1030"
"SL2.50ch10:21247095-21247945","42","21247095","21247945","850"
"SL2.50ch10:21909257-21909638","18","21909257","21909638","381"
"SL2.50ch10:21912336-21912895","42","21912336","21912895","559"
"SL2.50ch10:21912523-21912854","34","21912523","21912854","331"
"SL2.50ch10:22463263-22463644","137","22463263","22463644","381"
"SL2.50ch10:22665357-22665920","67","22665357","22665920","563"
"SL2.50ch10:22665366-22665842","66","22665366","22665842","476"
"SL2.50ch10:23944414-23944745","23","23944414","23944745","331"
"SL2.50ch10:23945481-23946086","75","23945481","23946086","605"
"SL2.50ch10:23945593-23945997","71","23945593","23945997","404"
"SL2.50ch10:23948670-23949189","41","23948670","23949189","519"
"SL2.50ch10:23948721-23949209","41","23948721","23949209","488"
"SL2.50ch10:23987423-23987829","35","23987423","23987829","406"
"SL2.50ch10:23987430-23987921","37","23987430","23987921","491"
"SL2.50ch10:24143875-24144206","65","24143875","24144206","331"
"SL2.50ch10:24144714-24145133","73","24144714","24145133","419"
"SL2.50ch10:25777284-25778078","692","25777284","25778078","794"
"SL2.50ch10:26351606-26353632","134","26351606","26353632","2026"
"SL2.50ch10:26364063-26364988","47","26364063","26364988","925"
"SL2.50ch10:26372427-26374567","140","26372427","26374567","2140"
"SL2.50ch10:26801345-26803921","3669","26801345","26803921","2576"
"SL2.50ch10:26801376-26803810","3665","26801376","26803810","2434"
"SL2.50ch10:26805624-26806588","1018","26805624","26806588","964"
"SL2.50ch10:26805673-26806571","1018","26805673","26806571","898"
"SL2.50ch10:27361328-27361709","9","27361328","27361709","381"
"SL2.50ch10:27367963-27368518","731","27367963","27368518","555"
"SL2.50ch10:2743197-2744195","72","2743197","2744195","998"
"SL2.50ch10:27729001-27729332","24","27729001","27729332","331"
"SL2.50ch10:27831882-27832263","12","27831882","27832263","381"
"SL2.50ch10:28297984-28299299","139","28297984","28299299","1315"
"SL2.50ch10:28300057-28300751","75","28300057","28300751","694"
"SL2.50ch10:28302218-28303445","88","28302218","28303445","1227"
"SL2.50ch10:28333904-28334285","18","28333904","28334285","381"
"SL2.50ch10:3100881-3101351","70","3100881","3101351","470"
"SL2.50ch10:3100943-3101358","70","3100943","3101358","415"
"SL2.50ch10:33008469-33009405","51","33008469","33009405","936"
"SL2.50ch10:33012053-33012679","23","33012053","33012679","626"
"SL2.50ch10:33013242-33015279","87","33013242","33015279","2037"
"SL2.50ch10:33025491-33026363","35","33025491","33026363","872"
"SL2.50ch10:33027836-33028167","23","33027836","33028167","331"
"SL2.50ch10:33367682-33368161","67","33367682","33368161","479"
"SL2.50ch10:34942527-34942858","9","34942527","34942858","331"
"SL2.50ch10:3515258-3517489","119","3515258","3517489","2231"
"SL2.50ch10:36684473-36685261","117","36684473","36685261","788"
"SL2.50ch10:36684506-36685324","120","36684506","36685324","818"
"SL2.50ch10:36692920-36693393","66","36692920","36693393","473"
"SL2.50ch10:36692976-36693357","62","36692976","36693357","381"
"SL2.50ch10:37167936-37168372","6","37167936","37168372","436"
"SL2.50ch10:37171205-37171832","577","37171205","37171832","627"
"SL2.50ch10:37433232-37433563","8","37433232","37433563","331"
"SL2.50ch10:3749220-3749731","37","3749220","3749731","511"
"SL2.50ch10:3771256-3771649","32","3771256","3771649","393"
"SL2.50ch10:3774237-3775333","68","3774237","3775333","1096"
"SL2.50ch10:37795371-37795911","36","37795371","37795911","540"
"SL2.50ch10:37795420-37795834","35","37795420","37795834","414"
"SL2.50ch10:38097440-38098119","32","38097440","38098119","679"
"SL2.50ch10:38103513-38105024","80","38103513","38105024","1511"
"SL2.50ch10:38148179-38148560","2","38148179","38148560","381"
"SL2.50ch10:3825346-3826282","60","3825346","3826282","936"
"SL2.50ch10:38518278-38518682","35","38518278","38518682","404"
"SL2.50ch10:38788572-38788903","8","38788572","38788903","331"
"SL2.50ch10:39018173-39019106","144","39018173","39019106","933"
"SL2.50ch10:39018177-39019168","144","39018177","39019168","991"
"SL2.50ch10:39505430-39506024","708","39505430","39506024","594"
"SL2.50ch10:39505488-39505961","708","39505488","39505961","473"
"SL2.50ch10:40514730-40515367","27","40514730","40515367","637"
"SL2.50ch10:40794625-40797335","1743","40794625","40797335","2710"
"SL2.50ch10:40798540-40800270","3473","40798540","40800270","1730"
"SL2.50ch10:40803618-40804361","538","40803618","40804361","743"
"SL2.50ch10:40803668-40804243","531","40803668","40804243","575"
"SL2.50ch10:41052210-41052591","27","41052210","41052591","381"
"SL2.50ch10:41646838-41647325","142","41646838","41647325","487"
"SL2.50ch10:4216994-4217610","35","4216994","4217610","616"
"SL2.50ch10:4223331-4223712","18","4223331","4223712","381"
"SL2.50ch10:42461282-42461695","39","42461282","42461695","413"
"SL2.50ch10:43054947-43058129","323","43054947","43058129","3182"
"SL2.50ch10:43054961-43058440","334","43054961","43058440","3479"
"SL2.50ch10:43331276-43331607","6","43331276","43331607","331"
"SL2.50ch10:43880868-43882563","1911","43880868","43882563","1695"
"SL2.50ch10:43880893-43882499","1896","43880893","43882499","1606"
"SL2.50ch10:43884406-43885636","872","43884406","43885636","1230"
"SL2.50ch10:43884432-43885580","870","43884432","43885580","1148"
"SL2.50ch10:43886611-43888316","1834","43886611","43888316","1705"
"SL2.50ch10:43886619-43888345","1834","43886619","43888345","1726"
"SL2.50ch10:43892734-43893347","311","43892734","43893347","613"
"SL2.50ch10:43892739-43893413","311","43892739","43893413","674"
"SL2.50ch10:45905566-45906318","813","45905566","45906318","752"
"SL2.50ch10:45905589-45906284","813","45905589","45906284","695"
"SL2.50ch10:46079402-46079935","42","46079402","46079935","533"
"SL2.50ch10:46186212-46186627","18","46186212","46186627","415"
"SL2.50ch10:47-562","87","47","562","515"
"SL2.50ch10:4700026-4700922","2425","4700026","4700922","896"
"SL2.50ch10:4700081-4700864","2425","4700081","4700864","783"
"SL2.50ch10:47369452-47369936","42","47369452","47369936","484"
"SL2.50ch10:47369559-47369942","42","47369559","47369942","383"
"SL2.50ch10:47595913-47598242","185","47595913","47598242","2329"
"SL2.50ch10:47607064-47607863","61","47607064","47607863","799"
"SL2.50ch10:48524361-48524742","121","48524361","48524742","381"
"SL2.50ch10:50260688-50261069","6","50260688","50261069","381"
"SL2.50ch10:52429802-52430183","13","52429802","52430183","381"
"SL2.50ch10:53322801-53323370","667","53322801","53323370","569"
"SL2.50ch10:53322881-53323357","664","53322881","53323357","476"
"SL2.50ch10:53466316-53466803","31","53466316","53466803","487"
"SL2.50ch10:53525560-53526223","149","53525560","53526223","663"
"SL2.50ch10:53525600-53526245","150","53525600","53526245","645"
"SL2.50ch10:54023122-54024529","70","54023122","54024529","1407"
"SL2.50ch10:54026985-54027366","22","54026985","54027366","381"
"SL2.50ch10:54033977-54034308","7","54033977","54034308","331"
"SL2.50ch10:57-646","90","57","646","589"
"SL2.50ch10:57564317-57565777","93","57564317","57565777","1460"
"SL2.50ch10:57574723-57575319","49","57574723","57575319","596"
"SL2.50ch10:57576102-57578546","185","57576102","57578546","2444"
"SL2.50ch10:57584248-57584871","39","57584248","57584871","623"
"SL2.50ch10:57584364-57584790","34","57584364","57584790","426"
"SL2.50ch10:57587455-57588500","72","57587455","57588500","1045"
"SL2.50ch10:57594384-57595207","81","57594384","57595207","823"
"SL2.50ch10:57594506-57595182","79","57594506","57595182","676"
"SL2.50ch10:57633781-57634112","20","57633781","57634112","331"
"SL2.50ch10:57635553-57635884","25","57635553","57635884","331"
"SL2.50ch10:57640306-57641896","195","57640306","57641896","1590"
"SL2.50ch10:57640331-57642120","199","57640331","57642120","1789"
"SL2.50ch10:57648449-57648853","36","57648449","57648853","404"
"SL2.50ch10:57659220-57660471","160","57659220","57660471","1251"
"SL2.50ch10:57659290-57660280","150","57659290","57660280","990"
"SL2.50ch10:57663451-57664326","29","57663451","57664326","875"
"SL2.50ch10:57664883-57665515","46","57664883","57665515","632"
"SL2.50ch10:57686786-57687387","46","57686786","57687387","601"
"SL2.50ch10:57697919-57699039","113","57697919","57699039","1120"
"SL2.50ch10:57698011-57699110","113","57698011","57699110","1099"
"SL2.50ch10:57700938-57702308","168","57700938","57702308","1370"
"SL2.50ch10:57701011-57702306","165","57701011","57702306","1295"
"SL2.50ch10:60633557-60633961","33","60633557","60633961","404"
"SL2.50ch10:6175256-6186574","21435","6175256","6186574","11318"
"SL2.50ch10:6175273-6186606","21435","6175273","6186606","11333"
"SL2.50ch10:6187256-6187865","527","6187256","6187865","609"
"SL2.50ch10:6187267-6187841","527","6187267","6187841","574"
"SL2.50ch10:62954773-62955154","23","62954773","62955154","381"
"SL2.50ch10:62960379-62960792","25","62960379","62960792","413"
"SL2.50ch10:63001181-63001750","60","63001181","63001750","569"
"SL2.50ch10:63001270-63001774","55","63001270","63001774","504"
"SL2.50ch10:65521147-65522487","99","65521147","65522487","1340"
"SL2.50ch10:65523634-65525509","144","65523634","65525509","1875"
"SL2.50ch10:65523654-65525477","144","65523654","65525477","1823"
"SL2.50ch10:7372366-7372794","59","7372366","7372794","428"
"SL2.50ch10:7372371-7372752","59","7372371","7372752","381"
"SL2.50ch10:7893911-7894584","5","7893911","7894584","673"
"SL2.50ch10:8660010-8660414","36","8660010","8660414","404"
"SL2.50ch10:9020980-9021472","70","9020980","9021472","492"
"SL2.50ch10:9021051-9021481","69","9021051","9021481","430"
"SL2.50ch11:10491901-10492282","8","10491901","10492282","381"
"SL2.50ch11:10763052-10763578","11","10763052","10763578","526"
"SL2.50ch11:10861838-10862311","68","10861838","10862311","473"
"SL2.50ch11:10861882-10862263","68","10861882","10862263","381"
"SL2.50ch11:11073228-11074951","161","11073228","11074951","1723"
"SL2.50ch11:11073297-11074938","158","11073297","11074938","1641"
"SL2.50ch11:11075926-11076497","51","11075926","11076497","571"
"SL2.50ch11:11078484-11081752","206","11078484","11081752","3268"
"SL2.50ch11:11078491-11080974","163","11078491","11080974","2483"
"SL2.50ch11:11090778-11091159","18","11090778","11091159","381"
"SL2.50ch11:11287975-11288821","52","11287975","11288821","846"
"SL2.50ch11:11288233-11288822","46","11288233","11288822","589"
"SL2.50ch11:12015871-12016420","311","12015871","12016420","549"
"SL2.50ch11:12015943-12016356","310","12015943","12016356","413"
"SL2.50ch11:12656102-12656433","13","12656102","12656433","331"
"SL2.50ch11:12908974-12909779","66","12908974","12909779","805"
"SL2.50ch11:13246427-13247114","25","13246427","13247114","687"
"SL2.50ch11:13365977-13367097","115","13365977","13367097","1120"
"SL2.50ch11:13377601-13380916","6495","13377601","13380916","3315"
"SL2.50ch11:13378088-13380856","6473","13378088","13380856","2768"
"SL2.50ch11:13383738-13384910","1964","13383738","13384910","1172"
"SL2.50ch11:13383747-13385922","2171","13383747","13385922","2175"
"SL2.50ch11:13386594-13388325","4687","13386594","13388325","1731"
"SL2.50ch11:13386665-13388384","4687","13386665","13388384","1719"
"SL2.50ch11:13390197-13392203","7395","13390197","13392203","2006"
"SL2.50ch11:13390252-13392190","7341","13390252","13392190","1938"
"SL2.50ch11:13394721-13400012","14809","13394721","13400012","5291"
"SL2.50ch11:13394732-13399929","14808","13394732","13399929","5197"
"SL2.50ch11:13401106-13402132","338","13401106","13402132","1026"
"SL2.50ch11:13401324-13402133","336","13401324","13402133","809"
"SL2.50ch11:13495308-13495639","52","13495308","13495639","331"
"SL2.50ch11:13967680-13968061","8","13967680","13968061","381"
"SL2.50ch11:14383538-14383942","88","14383538","14383942","404"
"SL2.50ch11:14383567-14383948","86","14383567","14383948","381"
"SL2.50ch11:16103009-16104472","537","16103009","16104472","1463"
"SL2.50ch11:16103077-16104555","538","16103077","16104555","1478"
"SL2.50ch11:16828350-16828836","17","16828350","16828836","486"
"SL2.50ch11:17210281-17210848","299","17210281","17210848","567"
"SL2.50ch11:17210342-17210853","299","17210342","17210853","511"
"SL2.50ch11:17769163-17769784","1337","17769163","17769784","621"
"SL2.50ch11:17769250-17769808","1340","17769250","17769808","558"
"SL2.50ch11:17840381-17840899","15","17840381","17840899","518"
"SL2.50ch11:17851102-17851547","85","17851102","17851547","445"
"SL2.50ch11:17872804-17873937","649","17872804","17873937","1133"
"SL2.50ch11:17887367-17887748","2","17887367","17887748","381"
"SL2.50ch11:17912310-17912804","17","17912310","17912804","494"
"SL2.50ch11:17948294-17948718","16","17948294","17948718","424"
"SL2.50ch11:17952839-17953362","17","17952839","17953362","523"
"SL2.50ch11:17953562-17954874","80","17953562","17954874","1312"
"SL2.50ch11:17956504-17957248","40","17956504","17957248","744"
"SL2.50ch11:17984426-17985006","11","17984426","17985006","580"
"SL2.50ch11:17987923-17989566","74","17987923","17989566","1643"
"SL2.50ch11:17990667-17991355","28","17990667","17991355","688"
"SL2.50ch11:17991856-17992755","32","17991856","17992755","899"
"SL2.50ch11:17998476-18002583","176","17998476","18002583","4107"
"SL2.50ch11:18006145-18006622","17","18006145","18006622","477"
"SL2.50ch11:18015335-18019259","142","18015335","18019259","3924"
"SL2.50ch11:18020893-18026619","298","18020893","18026619","5726"
"SL2.50ch11:18031880-18033730","70","18031880","18033730","1850"
"SL2.50ch11:18034215-18034546","20","18034215","18034546","331"
"SL2.50ch11:18035075-18037182","124","18035075","18037182","2107"
"SL2.50ch11:18573852-18574332","16","18573852","18574332","480"
"SL2.50ch11:18614111-18614770","16","18614111","18614770","659"
"SL2.50ch11:18618766-18619147","15","18618766","18619147","381"
"SL2.50ch11:18627266-18627879","42","18627266","18627879","613"
"SL2.50ch11:18645294-18645625","96","18645294","18645625","331"
"SL2.50ch11:18669146-18669564","39","18669146","18669564","418"
"SL2.50ch11:18669153-18669534","39","18669153","18669534","381"
"SL2.50ch11:18682069-18682473","37","18682069","18682473","404"
"SL2.50ch11:18682100-18682482","37","18682100","18682482","382"
"SL2.50ch11:18737518-18738246","119","18737518","18738246","728"
"SL2.50ch11:19130493-19130874","8","19130493","19130874","381"
"SL2.50ch11:19331016-19331347","6","19331016","19331347","331"
"SL2.50ch11:2007375-2007851","125","2007375","2007851","476"
"SL2.50ch11:2007377-2007881","126","2007377","2007881","504"
"SL2.50ch11:20225376-20225757","15","20225376","20225757","381"
"SL2.50ch11:20415610-20416661","155","20415610","20416661","1051"
"SL2.50ch11:20415801-20416652","145","20415801","20416652","851"
"SL2.50ch11:20419008-20420298","198","20419008","20420298","1290"
"SL2.50ch11:20419096-20420352","199","20419096","20420352","1256"
"SL2.50ch11:20421066-20423091","676","20421066","20423091","2025"
"SL2.50ch11:20421606-20423006","654","20421606","20423006","1400"
"SL2.50ch11:20424390-20425175","137","20424390","20425175","785"
"SL2.50ch11:20424401-20425118","137","20424401","20425118","717"
"SL2.50ch11:20800179-20801675","43","20800179","20801675","1496"
"SL2.50ch11:20846608-20846939","18","20846608","20846939","331"
"SL2.50ch11:20849550-20849864","30","20849550","20849864","314"
"SL2.50ch11:21922467-21923181","99","21922467","21923181","714"
"SL2.50ch11:21922576-21923209","98","21922576","21923209","633"
"SL2.50ch11:22290552-22290933","1","22290552","22290933","381"
"SL2.50ch11:23447790-23448368","51","23447790","23448368","578"
"SL2.50ch11:23447797-23448375","51","23447797","23448375","578"
"SL2.50ch11:23452090-23452660","42","23452090","23452660","570"
"SL2.50ch11:23452184-23452620","38","23452184","23452620","436"
"SL2.50ch11:23453096-23454251","81","23453096","23454251","1155"
"SL2.50ch11:23453138-23454118","74","23453138","23454118","980"
"SL2.50ch11:23915533-23916385","46","23915533","23916385","852"
"SL2.50ch11:24012808-24014097","98","24012808","24014097","1289"
"SL2.50ch11:25050931-25051882","70","25050931","25051882","951"
"SL2.50ch11:25053151-25053482","12","25053151","25053482","331"
"SL2.50ch11:26225813-26226217","37","26225813","26226217","404"
"SL2.50ch11:27896404-27896867","40","27896404","27896867","463"
"SL2.50ch11:28356052-28357167","39","28356052","28357167","1115"
"SL2.50ch11:28357833-28360601","112","28357833","28360601","2768"
"SL2.50ch11:28756969-28757350","8","28756969","28757350","381"
"SL2.50ch11:29290879-29291260","30","29290879","29291260","381"
"SL2.50ch11:30180460-30180882","29","30180460","30180882","422"
"SL2.50ch11:30597977-30599970","266","30597977","30599970","1993"
"SL2.50ch11:30608750-30609194","69","30608750","30609194","444"
"SL2.50ch11:30608770-30609174","69","30608770","30609174","404"
"SL2.50ch11:30742579-30743572","85","30742579","30743572","993"
"SL2.50ch11:30742605-30743633","87","30742605","30743633","1028"
"SL2.50ch11:31298306-31298848","463","31298306","31298848","542"
"SL2.50ch11:31585982-31587719","862","31585982","31587719","1737"
"SL2.50ch11:31586061-31587703","859","31586061","31587703","1642"
"SL2.50ch11:32406653-32407261","138","32406653","32407261","608"
"SL2.50ch11:32409690-32410071","75","32409690","32410071","381"
"SL2.50ch11:32422768-32423161","32","32422768","32423161","393"
"SL2.50ch11:32424044-32426753","3509","32424044","32426753","2709"
"SL2.50ch11:32424052-32426791","3509","32424052","32426791","2739"
"SL2.50ch11:33038646-33039127","43","33038646","33039127","481"
"SL2.50ch11:33038691-33039168","43","33038691","33039168","477"
"SL2.50ch11:33838579-33838960","15","33838579","33838960","381"
"SL2.50ch11:35150940-35151378","16","35150940","35151378","438"
"SL2.50ch11:35906758-35907139","4","35906758","35907139","381"
"SL2.50ch11:37407268-37407599","8","37407268","37407599","331"
"SL2.50ch11:38194546-38196205","216","38194546","38196205","1659"
"SL2.50ch11:38194617-38196159","215","38194617","38196159","1542"
"SL2.50ch11:38960956-38961687","69","38960956","38961687","731"
"SL2.50ch11:38976843-38977174","4","38976843","38977174","331"
"SL2.50ch11:39377269-39377690","58","39377269","39377690","421"
"SL2.50ch11:40159204-40159535","17","40159204","40159535","331"
"SL2.50ch11:40317208-40320411","1986","40317208","40320411","3203"
"SL2.50ch11:40317209-40320529","1986","40317209","40320529","3320"
"SL2.50ch11:41197754-41198085","11","41197754","41198085","331"
"SL2.50ch11:41847128-41847661","41","41847128","41847661","533"
"SL2.50ch11:42918211-42918845","93","42918211","42918845","634"
"SL2.50ch11:42918269-42918859","93","42918269","42918859","590"
"SL2.50ch11:43122285-43122616","18","43122285","43122616","331"
"SL2.50ch11:43436495-43436876","22","43436495","43436876","381"
"SL2.50ch11:45233504-45239706","4455","45233504","45239706","6202"
"SL2.50ch11:45233663-45239720","4445","45233663","45239720","6057"
"SL2.50ch11:45246294-45248276","1279","45246294","45248276","1982"
"SL2.50ch11:45246295-45248318","1280","45246295","45248318","2023"
"SL2.50ch11:45250517-45251257","1045","45250517","45251257","740"
"SL2.50ch11:45250523-45251236","1044","45250523","45251236","713"
"SL2.50ch11:45252815-45254411","1043","45252815","45254411","1596"
"SL2.50ch11:45252840-45254378","1033","45252840","45254378","1538"
"SL2.50ch11:45255655-45260484","3068","45255655","45260484","4829"
"SL2.50ch11:45255683-45260439","3068","45255683","45260439","4756"
"SL2.50ch11:45336960-45338883","1146","45336960","45338883","1923"
"SL2.50ch11:45337036-45338896","1138","45337036","45338896","1860"
"SL2.50ch11:45339571-45342127","1533","45339571","45342127","2556"
"SL2.50ch11:45339892-45342146","1521","45339892","45342146","2254"
"SL2.50ch11:45343888-45345757","1345","45343888","45345757","1869"
"SL2.50ch11:45343932-45345750","1327","45343932","45345750","1818"
"SL2.50ch11:45350101-45351451","818","45350101","45351451","1350"
"SL2.50ch11:45350111-45351438","818","45350111","45351438","1327"
"SL2.50ch11:45354471-45355948","960","45354471","45355948","1477"
"SL2.50ch11:45354492-45356028","960","45354492","45356028","1536"
"SL2.50ch11:45357921-45358671","332","45357921","45358671","750"
"SL2.50ch11:45357991-45358650","331","45357991","45358650","659"
"SL2.50ch11:45363873-45368149","3557","45363873","45368149","4276"
"SL2.50ch11:45363883-45368069","3557","45363883","45368069","4186"
"SL2.50ch11:45371016-45372698","621","45371016","45372698","1682"
"SL2.50ch11:45371030-45372657","621","45371030","45372657","1627"
"SL2.50ch11:45374308-45377789","2315","45374308","45377789","3481"
"SL2.50ch11:45374348-45377768","2312","45374348","45377768","3420"
"SL2.50ch11:45386705-45388208","1410","45386705","45388208","1503"
"SL2.50ch11:45386734-45388276","1403","45386734","45388276","1542"
"SL2.50ch11:45390084-45391167","964","45390084","45391167","1083"
"SL2.50ch11:45390126-45391165","955","45390126","45391165","1039"
"SL2.50ch11:45392558-45394301","883","45392558","45394301","1743"
"SL2.50ch11:45392787-45394263","865","45392787","45394263","1476"
"SL2.50ch11:45396272-45396781","73","45396272","45396781","509"
"SL2.50ch11:45397264-45397956","399","45397264","45397956","692"
"SL2.50ch11:45400822-45401203","30","45400822","45401203","381"
"SL2.50ch11:45403852-45404567","123","45403852","45404567","715"
"SL2.50ch11:45403892-45404869","130","45403892","45404869","977"
"SL2.50ch11:45405893-45406671","61","45405893","45406671","778"
"SL2.50ch11:45406140-45406635","50","45406140","45406635","495"
"SL2.50ch11:45411459-45413075","994","45411459","45413075","1616"
"SL2.50ch11:45411475-45413034","994","45411475","45413034","1559"
"SL2.50ch11:45417282-45418372","372","45417282","45418372","1090"
"SL2.50ch11:45417295-45418458","373","45417295","45418458","1163"
"SL2.50ch11:45422630-45423708","834","45422630","45423708","1078"
"SL2.50ch11:45422641-45423626","826","45422641","45423626","985"
"SL2.50ch11:45440153-45441044","289","45440153","45441044","891"
"SL2.50ch11:45440170-45440838","286","45440170","45440838","668"
"SL2.50ch11:45444371-45444962","174","45444371","45444962","591"
"SL2.50ch11:45444392-45444894","174","45444392","45444894","502"
"SL2.50ch11:45446480-45449019","1272","45446480","45449019","2539"
"SL2.50ch11:45446502-45448937","1272","45446502","45448937","2435"
"SL2.50ch11:45450066-45451953","670","45450066","45451953","1887"
"SL2.50ch11:45450198-45451955","670","45450198","45451955","1757"
"SL2.50ch11:45459831-45460436","553","45459831","45460436","605"
"SL2.50ch11:45459847-45460418","553","45459847","45460418","571"
"SL2.50ch11:45461232-45462107","348","45461232","45462107","875"
"SL2.50ch11:45461254-45462039","348","45461254","45462039","785"
"SL2.50ch11:45463523-45465560","931","45463523","45465560","2037"
"SL2.50ch11:45463545-45465535","931","45463545","45465535","1990"
"SL2.50ch11:45475487-45476009","150","45475487","45476009","522"
"SL2.50ch11:45475498-45475974","150","45475498","45475974","476"
"SL2.50ch11:45992516-45992847","15","45992516","45992847","331"
"SL2.50ch11:4671798-4672206","38","4671798","4672206","408"
"SL2.50ch11:4671846-4672227","37","4671846","4672227","381"
"SL2.50ch11:47166014-47166395","17","47166014","47166395","381"
"SL2.50ch11:48691879-48692369","55","48691879","48692369","490"
"SL2.50ch11:48691975-48692306","52","48691975","48692306","331"
"SL2.50ch11:48717907-48719584","1081","48717907","48719584","1677"
"SL2.50ch11:48717921-48719673","1084","48717921","48719673","1752"
"SL2.50ch11:48869744-48870859","3667","48869744","48870859","1115"
"SL2.50ch11:48869746-48871201","3686","48869746","48871201","1455"
"SL2.50ch11:49617738-49625597","4557","49617738","49625597","7859"
"SL2.50ch11:49617752-49620791","1418","49617752","49620791","3039"
"SL2.50ch11:49621163-49625553","3135","49621163","49625553","4390"
"SL2.50ch11:49629289-49636156","2863","49629289","49636156","6867"
"SL2.50ch11:49629359-49636101","2858","49629359","49636101","6742"
"SL2.50ch11:49638631-49640729","608","49638631","49640729","2098"
"SL2.50ch11:49638814-49640579","605","49638814","49640579","1765"
"SL2.50ch11:49641085-49644012","563","49641085","49644012","2927"
"SL2.50ch11:49641219-49643986","563","49641219","49643986","2767"
"SL2.50ch11:49648062-49649559","835","49648062","49649559","1497"
"SL2.50ch11:49648129-49649470","832","49648129","49649470","1341"
"SL2.50ch11:49740346-49741494","86","49740346","49741494","1148"
"SL2.50ch11:49740464-49741355","70","49740464","49741355","891"
"SL2.50ch11:49779907-49780311","39","49779907","49780311","404"
"SL2.50ch11:50255274-50255781","25","50255274","50255781","507"
"SL2.50ch11:50269947-50270376","26","50269947","50270376","429"
"SL2.50ch11:50794411-50795090","100","50794411","50795090","679"
"SL2.50ch11:50794589-50795065","93","50794589","50795065","476"
"SL2.50ch11:51012856-51013341","16","51012856","51013341","485"
"SL2.50ch11:51640933-51641462","15","51640933","51641462","529"
"SL2.50ch11:53074895-53075361","47","53074895","53075361","466"
"SL2.50ch11:53074921-53075337","47","53074921","53075337","416"
"SL2.50ch11:53587385-53587841","39","53587385","53587841","456"
"SL2.50ch11:53587433-53587916","36","53587433","53587916","483"
"SL2.50ch11:55434542-55435796","127","55434542","55435796","1254"
"SL2.50ch11:55434573-55435648","122","55434573","55435648","1075"
"SL2.50ch11:55436855-55437258","30","55436855","55437258","403"
"SL2.50ch11:5768913-5769332","85","5768913","5769332","419"
"SL2.50ch11:5768962-5769343","84","5768962","5769343","381"
"SL2.50ch11:7156237-7156814","36","7156237","7156814","577"
"SL2.50ch11:7156314-7156732","34","7156314","7156732","418"
"SL2.50ch11:7159640-7160120","42","7159640","7160120","480"
"SL2.50ch11:7159705-7160160","40","7159705","7160160","455"
"SL2.50ch11:7471982-7472313","12","7471982","7472313","331"
"SL2.50ch11:8470402-8472553","345","8470402","8472553","2151"
"SL2.50ch11:8470520-8472326","323","8470520","8472326","1806"
"SL2.50ch11:8485860-8486264","34","8485860","8486264","404"
"SL2.50ch11:8510015-8510759","83","8510015","8510759","744"
"SL2.50ch11:8510017-8510718","83","8510017","8510718","701"
"SL2.50ch11:8517017-8517422","46","8517017","8517422","405"
"SL2.50ch11:9479271-9479955","41","9479271","9479955","684"
"SL2.50ch11:9484236-9484982","54","9484236","9484982","746"
"SL2.50ch11:9484287-9485000","54","9484287","9485000","713"
"SL2.50ch12:11125605-11126177","124","11125605","11126177","572"
"SL2.50ch12:12332998-12333329","3","12332998","12333329","331"
"SL2.50ch12:1281270-1281935","1626","1281270","1281935","665"
"SL2.50ch12:1281330-1282010","1626","1281330","1282010","680"
"SL2.50ch12:13250700-13251294","93","13250700","13251294","594"
"SL2.50ch12:13250748-13251224","90","13250748","13251224","476"
"SL2.50ch12:14018476-14018807","19","14018476","14018807","331"
"SL2.50ch12:14493392-14493899","50","14493392","14493899","507"
"SL2.50ch12:14493555-14493936","42","14493555","14493936","381"
"SL2.50ch12:15148901-15149232","13","15148901","15149232","331"
"SL2.50ch12:15634492-15634969","32","15634492","15634969","477"
"SL2.50ch12:17330809-17331703","17","17330809","17331703","894"
"SL2.50ch12:17338044-17338589","31","17338044","17338589","545"
"SL2.50ch12:17343076-17343923","40","17343076","17343923","847"
"SL2.50ch12:17369783-17372098","86","17369783","17372098","2315"
"SL2.50ch12:17374178-17375468","61","17374178","17375468","1290"
"SL2.50ch12:17452322-17452808","4","17452322","17452808","486"
"SL2.50ch12:17453646-17454510","26","17453646","17454510","864"
"SL2.50ch12:17458286-17458617","14","17458286","17458617","331"
"SL2.50ch12:17462767-17463586","59","17462767","17463586","819"
"SL2.50ch12:17462792-17463626","58","17462792","17463626","834"
"SL2.50ch12:17468752-17470197","219","17468752","17470197","1445"
"SL2.50ch12:17468971-17470210","211","17468971","17470210","1239"
"SL2.50ch12:17570238-17572190","84","17570238","17572190","1952"
"SL2.50ch12:17582576-17583864","113","17582576","17583864","1288"
"SL2.50ch12:17582629-17583877","113","17582629","17583877","1248"
"SL2.50ch12:17584517-17586675","244","17584517","17586675","2158"
"SL2.50ch12:17584536-17586614","244","17584536","17586614","2078"
"SL2.50ch12:19350921-19351325","35","19350921","19351325","404"
"SL2.50ch12:19389610-19389991","25","19389610","19389991","381"
"SL2.50ch12:21139202-21139659","27","21139202","21139659","457"
"SL2.50ch12:21403404-21403840","22","21403404","21403840","436"
"SL2.50ch12:22366142-22366649","65","22366142","22366649","507"
"SL2.50ch12:22366240-22366645","64","22366240","22366645","405"
"SL2.50ch12:22466090-22469538","271","22466090","22469538","3448"
"SL2.50ch12:22467023-22469458","258","22467023","22469458","2435"
"SL2.50ch12:22471379-22472200","96","22471379","22472200","821"
"SL2.50ch12:22471407-22472087","93","22471407","22472087","680"
"SL2.50ch12:22476825-22478142","157","22476825","22478142","1317"
"SL2.50ch12:22476935-22478041","154","22476935","22478041","1106"
"SL2.50ch12:22571612-22572821","108","22571612","22572821","1209"
"SL2.50ch12:22571717-22572799","106","22571717","22572799","1082"
"SL2.50ch12:22575813-22577176","95","22575813","22577176","1363"
"SL2.50ch12:22587749-22588457","55","22587749","22588457","708"
"SL2.50ch12:22590590-22591176","14","22590590","22591176","586"
"SL2.50ch12:22599374-22600385","82","22599374","22600385","1011"
"SL2.50ch12:22610566-22610979","36","22610566","22610979","413"
"SL2.50ch12:22619644-22621023","131","22619644","22621023","1379"
"SL2.50ch12:22619701-22621095","131","22619701","22621095","1394"
"SL2.50ch12:22622908-22624182","119","22622908","22624182","1274"
"SL2.50ch12:22622918-22624219","119","22622918","22624219","1301"
"SL2.50ch12:22626855-22628226","94","22626855","22628226","1371"
"SL2.50ch12:22636260-22637117","73","22636260","22637117","857"
"SL2.50ch12:22636265-22637122","73","22636265","22637122","857"
"SL2.50ch12:22638809-22641705","225","22638809","22641705","2896"
"SL2.50ch12:22642990-22644299","141","22642990","22644299","1309"
"SL2.50ch12:22643043-22644316","139","22643043","22644316","1273"
"SL2.50ch12:22647684-22649182","118","22647684","22649182","1498"
"SL2.50ch12:22647724-22649179","118","22647724","22649179","1455"
"SL2.50ch12:22661770-22664397","168","22661770","22664397","2627"
"SL2.50ch12:22689890-22690369","32","22689890","22690369","479"
"SL2.50ch12:22698690-22699413","26","22698690","22699413","723"
"SL2.50ch12:22703614-22704318","38","22703614","22704318","704"
"SL2.50ch12:22765154-22770114","260","22765154","22770114","4960"
"SL2.50ch12:22770869-22773743","122","22770869","22773743","2874"
"SL2.50ch12:26321661-26322042","25","26321661","26322042","381"
"SL2.50ch12:26989483-26989864","24","26989483","26989864","381"
"SL2.50ch12:27481101-27481482","5","27481101","27481482","381"
"SL2.50ch12:29080778-29087823","479","29080778","29087823","7045"
"SL2.50ch12:29094883-29096025","80","29094883","29096025","1142"
"SL2.50ch12:29096668-29097262","73","29096668","29097262","594"
"SL2.50ch12:29097977-29099133","70","29097977","29099133","1156"
"SL2.50ch12:29986594-29986976","21","29986594","29986976","382"
"SL2.50ch12:30017686-30018067","365","30017686","30018067","381"
"SL2.50ch12:3209934-3210390","46","3209934","3210390","456"
"SL2.50ch12:3209999-3210380","45","3209999","3210380","381"
"SL2.50ch12:33269561-33270105","21","33269561","33270105","544"
"SL2.50ch12:33815397-33815892","113","33815397","33815892","495"
"SL2.50ch12:33815427-33815831","112","33815427","33815831","404"
"SL2.50ch12:33827505-33828188","69","33827505","33828188","683"
"SL2.50ch12:33829156-33829748","54","33829156","33829748","592"
"SL2.50ch12:33829226-33829607","42","33829226","33829607","381"
"SL2.50ch12:34295106-34305960","1025","34295106","34305960","10854"
"SL2.50ch12:34295125-34305784","1018","34295125","34305784","10659"
"SL2.50ch12:34306321-34317329","1013","34306321","34317329","11008"
"SL2.50ch12:34307944-34317175","880","34307944","34317175","9231"
"SL2.50ch12:34329060-34333200","372","34329060","34333200","4140"
"SL2.50ch12:34329861-34331697","223","34329861","34331697","1836"
"SL2.50ch12:34333645-34333959","31","34333645","34333959","314"
"SL2.50ch12:34808288-34808669","64","34808288","34808669","381"
"SL2.50ch12:36108054-36136218","2016","36108054","36136218","28164"
"SL2.50ch12:36159277-36160089","39","36159277","36160089","812"
"SL2.50ch12:36180044-36180928","36","36180044","36180928","884"
"SL2.50ch12:36183812-36184673","47","36183812","36184673","861"
"SL2.50ch12:36228443-36228925","34","36228443","36228925","482"
"SL2.50ch12:36230006-36230387","21","36230006","36230387","381"
"SL2.50ch12:36243987-36244318","24","36243987","36244318","331"
"SL2.50ch12:36245646-36246132","25","36245646","36246132","486"
"SL2.50ch12:36251793-36252444","38","36251793","36252444","651"
"SL2.50ch12:37679933-37680505","104","37679933","37680505","572"
"SL2.50ch12:37679973-37680475","104","37679973","37680475","502"
"SL2.50ch12:38096630-38097066","34","38096630","38097066","436"
"SL2.50ch12:38096955-38098209","78","38096955","38098209","1254"
"SL2.50ch12:39449937-39450547","71","39449937","39450547","610"
"SL2.50ch12:39482866-39483197","29","39482866","39483197","331"
"SL2.50ch12:39785085-39785416","3","39785085","39785416","331"
"SL2.50ch12:41429927-41430258","22","41429927","41430258","331"
"SL2.50ch12:42325893-42326385","41","42325893","42326385","492"
"SL2.50ch12:42325980-42326361","39","42325980","42326361","381"
"SL2.50ch12:4279791-4283658","978","4279791","4283658","3867"
"SL2.50ch12:4279793-4283758","981","4279793","4283758","3965"
"SL2.50ch12:4296390-4297207","31","4296390","4297207","817"
"SL2.50ch12:4297763-4298673","71","4297763","4298673","910"
"SL2.50ch12:4297827-4298566","65","4297827","4298566","739"
"SL2.50ch12:4299696-4301289","105","4299696","4301289","1593"
"SL2.50ch12:4300238-4301278","75","4300238","4301278","1040"
"SL2.50ch12:4302878-4303292","28","4302878","4303292","414"
"SL2.50ch12:4308651-4310061","68","4308651","4310061","1410"
"SL2.50ch12:4311839-4312170","30","4311839","4312170","331"
"SL2.50ch12:4313018-4313834","57","4313018","4313834","816"
"SL2.50ch12:4313124-4313854","57","4313124","4313854","730"
"SL2.50ch12:4328830-4329758","110","4328830","4329758","928"
"SL2.50ch12:4328911-4329804","105","4328911","4329804","893"
"SL2.50ch12:4332757-4333958","81","4332757","4333958","1201"
"SL2.50ch12:4332795-4334013","81","4332795","4334013","1218"
"SL2.50ch12:4335203-4337241","112","4335203","4337241","2038"
"SL2.50ch12:4350353-4351259","98","4350353","4351259","906"
"SL2.50ch12:4350370-4351149","94","4350370","4351149","779"
"SL2.50ch12:44659011-44659469","41","44659011","44659469","458"
"SL2.50ch12:4498945-4499947","35","4498945","4499947","1002"
"SL2.50ch12:45738173-45738504","66","45738173","45738504","331"
"SL2.50ch12:47013502-47013833","3","47013502","47013833","331"
"SL2.50ch12:47850906-47851287","11","47850906","47851287","381"
"SL2.50ch12:49282766-49283277","298","49282766","49283277","511"
"SL2.50ch12:49282814-49283195","295","49282814","49283195","381"
"SL2.50ch12:49661976-49662526","641","49661976","49662526","550"
"SL2.50ch12:49662034-49662510","641","49662034","49662510","476"
"SL2.50ch12:49894199-49894848","45","49894199","49894848","649"
"SL2.50ch12:49894315-49894836","42","49894315","49894836","521"
"SL2.50ch12:49897234-49897821","16","49897234","49897821","587"
"SL2.50ch12:50172509-50173789","127","50172509","50173789","1280"
"SL2.50ch12:50172600-50173673","119","50172600","50173673","1073"
"SL2.50ch12:5093985-5094492","82","5093985","5094492","507"
"SL2.50ch12:5094025-5094411","79","5094025","5094411","386"
"SL2.50ch12:51038493-51039010","69","51038493","51039010","517"
"SL2.50ch12:51040353-51041261","285","51040353","51041261","908"
"SL2.50ch12:51040474-51042152","383","51040474","51042152","1678"
"SL2.50ch12:51041614-51042084","99","51041614","51042084","470"
"SL2.50ch12:51073484-51073975","72","51073484","51073975","491"
"SL2.50ch12:51073513-51073990","70","51073513","51073990","477"
"SL2.50ch12:51538100-51538911","139","51538100","51538911","811"
"SL2.50ch12:51538163-51538838","135","51538163","51538838","675"
"SL2.50ch12:51544192-51544877","91","51544192","51544877","685"
"SL2.50ch12:51544211-51545010","92","51544211","51545010","799"
"SL2.50ch12:51597182-51597823","548","51597182","51597823","641"
"SL2.50ch12:51597324-51597800","547","51597324","51597800","476"
"SL2.50ch12:5192271-5192750","32","5192271","5192750","479"
"SL2.50ch12:54256722-54257322","82","54256722","54257322","600"
"SL2.50ch12:54273682-54274338","615","54273682","54274338","656"
"SL2.50ch12:54273741-54274217","614","54273741","54274217","476"
"SL2.50ch12:54308714-54309197","26","54308714","54309197","483"
"SL2.50ch12:54318649-54319616","63","54318649","54319616","967"
"SL2.50ch12:54319025-54319406","37","54319025","54319406","381"
"SL2.50ch12:54590584-54591655","23","54590584","54591655","1071"
"SL2.50ch12:5488467-5488892","33","5488467","5488892","425"
"SL2.50ch12:55097793-55098124","9","55097793","55098124","331"
"SL2.50ch12:55224586-55225072","42","55224586","55225072","486"
"SL2.50ch12:55224654-55225051","41","55224654","55225051","397"
"SL2.50ch12:56077983-56078387","42","56077983","56078387","404"
"SL2.50ch12:56078034-56078365","40","56078034","56078365","331"
"SL2.50ch12:56908933-56910083","1873","56908933","56910083","1150"
"SL2.50ch12:56909006-56910116","1874","56909006","56910116","1110"
"SL2.50ch12:57552013-57553141","113","57552013","57553141","1128"
"SL2.50ch12:57552044-57553763","134","57552044","57553763","1719"
"SL2.50ch12:57621736-57622289","122","57621736","57622289","553"
"SL2.50ch12:57621782-57622238","122","57621782","57622238","456"
"SL2.50ch12:58130508-58130889","25","58130508","58130889","381"
"SL2.50ch12:59006940-59008045","57","59006940","59008045","1105"
"SL2.50ch12:60467750-60469546","71","60467750","60469546","1796"
"SL2.50ch12:60502840-60503511","65","60502840","60503511","671"
"SL2.50ch12:60503445-60503776","23","60503445","60503776","331"
"SL2.50ch12:60526848-60527334","27","60526848","60527334","486"
"SL2.50ch12:60534671-60537576","150","60534671","60537576","2905"
"SL2.50ch12:60546159-60552268","418","60546159","60552268","6109"
"SL2.50ch12:60556961-60564301","588","60556961","60564301","7340"
"SL2.50ch12:60565795-60567385","93","60565795","60567385","1590"
"SL2.50ch12:60569886-60573385","315","60569886","60573385","3499"
"SL2.50ch12:60586267-60590941","352","60586267","60590941","4674"
"SL2.50ch12:60593366-60593801","37","60593366","60593801","435"
"SL2.50ch12:60595078-60596221","99","60595078","60596221","1143"
"SL2.50ch12:60598684-60599309","53","60598684","60599309","625"
"SL2.50ch12:60610231-60618151","596","60610231","60618151","7920"
"SL2.50ch12:60624354-60631196","478","60624354","60631196","6842"
"SL2.50ch12:60637700-60641689","207","60637700","60641689","3989"
"SL2.50ch12:60643055-60643768","30","60643055","60643768","713"
"SL2.50ch12:60649865-60650474","30","60649865","60650474","609"
"SL2.50ch12:60651370-60651832","30","60651370","60651832","462"
"SL2.50ch12:60663344-60664212","44","60663344","60664212","868"
"SL2.50ch12:60669966-60670728","52","60669966","60670728","762"
"SL2.50ch12:60692608-60693779","85","60692608","60693779","1171"
"SL2.50ch12:60696892-60709033","1115","60696892","60709033","12141"
"SL2.50ch12:60697520-60709363","1107","60697520","60709363","11843"
"SL2.50ch12:60709890-60717733","735","60709890","60717733","7843"
"SL2.50ch12:60711458-60717601","595","60711458","60717601","6143"
"SL2.50ch12:60718836-60737124","1687","60718836","60737124","18288"
"SL2.50ch12:60718857-60737164","1687","60718857","60737164","18307"
"SL2.50ch12:60921858-60922437","25","60921858","60922437","579"
"SL2.50ch12:60947806-60951643","1347","60947806","60951643","3837"
"SL2.50ch12:60947867-60949804","1246","60947867","60949804","1937"
"SL2.50ch12:60951150-60951596","31","60951150","60951596","446"
"SL2.50ch12:61002859-61005844","641","61002859","61005844","2985"
"SL2.50ch12:61002927-61004820","528","61002927","61004820","1893"
"SL2.50ch12:61005201-61005615","100","61005201","61005615","414"
"SL2.50ch12:6159373-6159853","27","6159373","6159853","480"
"SL2.50ch12:61617164-61618595","107","61617164","61618595","1431"
"SL2.50ch12:61617339-61618525","100","61617339","61618525","1186"
"SL2.50ch12:61625683-61626124","41","61625683","61626124","441"
"SL2.50ch12:61627518-61630158","189","61627518","61630158","2640"
"SL2.50ch12:61638041-61642381","435","61638041","61642381","4340"
"SL2.50ch12:61647075-61649066","185","61647075","61649066","1991"
"SL2.50ch12:61649839-61653854","359","61649839","61653854","4015"
"SL2.50ch12:61656910-61658152","152","61656910","61658152","1242"
"SL2.50ch12:6203932-6204684","46","6203932","6204684","752"
"SL2.50ch12:6204092-6204496","34","6204092","6204496","404"
"SL2.50ch12:6208307-6208825","21","6208307","6208825","518"
"SL2.50ch12:62260264-62260645","74","62260264","62260645","381"
"SL2.50ch12:62260268-62260702","74","62260268","62260702","434"
"SL2.50ch12:62672044-62673379","63","62672044","62673379","1335"
"SL2.50ch12:62677611-62678101","25","62677611","62678101","490"
"SL2.50ch12:62680291-62680622","7","62680291","62680622","331"
"SL2.50ch12:62685389-62686456","66","62685389","62686456","1067"
"SL2.50ch12:63804529-63805112","111","63804529","63805112","583"
"SL2.50ch12:63804551-63805133","111","63804551","63805133","582"
"SL2.50ch12:63885229-63885802","146","63885229","63885802","573"
"SL2.50ch12:63885259-63885825","147","63885259","63885825","566"
"SL2.50ch12:64875640-64876159","20","64875640","64876159","519"
"SL2.50ch12:65405444-65406020","520","65405444","65406020","576"
"SL2.50ch12:65405532-65406036","517","65405532","65406036","504"
"SL2.50ch12:65635988-65636918","1973","65635988","65636918","930"
"SL2.50ch12:65636138-65636835","1971","65636138","65636835","697"
"SL2.50ch12:65737636-65739323","127","65737636","65739323","1687"
"SL2.50ch12:65744964-65745563","121","65744964","65745563","599"
"SL2.50ch12:65745156-65745569","113","65745156","65745569","413"
"SL2.50ch12:7358534-7359257","1446","7358534","7359257","723"
"SL2.50ch12:7358610-7359322","1446","7358610","7359322","712"
"SL2.50ch12:7715540-7716044","16","7715540","7716044","504"
"SL2.50ch12:870451-871091","306","870451","871091","640"
"SL2.50ch12:870467-871043","305","870467","871043","576"
"SL2.50ch12:9622357-9622865","46","9622357","9622865","508"
"SL2.50ch12:9622529-9623515","56","9622529","9623515","986"
"__no_feature","11436015","__no_feature","__no_feature","Bad Read Size"
"__ambiguous","1185699","__ambiguous","__ambiguous","Bad Read Size"
"__too_low_aQual","1723634","__too_low_aQual","__too_low_aQual","Bad Read Size"
"__not_aligned","0","__not_aligned","__not_aligned","Bad Read Size"
"__alignment_not_unique","0","__alignment_not_unique","__alignment_not_unique","Bad Read Size"
